1000,0.33521875,0.3305625,0.33421875
2000,0.333984375,0.330984375,0.33503125
3000,0.33278125,0.33115625,0.3360625
4000,0.33184375,0.331625,0.33653125
5000,0.330171875,0.332,0.337828125
6000,0.32946875,0.33209375,0.3384375
7000,0.32825,0.332609375,0.339140625
8000,0.326625,0.3334375,0.3399375
9000,0.3256875,0.33390625,0.34040625
10000,0.3236875,0.3345,0.3418125
11000,0.32284375,0.334125,0.34303125
12000,0.3223125,0.33434375,0.34334375
13000,0.32103125,0.33525,0.34371875
14000,0.3200625,0.335375,0.3445625
15000,0.3186875,0.335984375,0.345328125
16000,0.3173125,0.336703125,0.345984375
17000,0.315953125,0.33675,0.347296875
18000,0.314921875,0.337,0.348078125
19000,0.31415625,0.336796875,0.349046875
20000,0.31259375,0.337984375,0.349421875
21000,0.311359375,0.33871875,0.349921875
22000,0.3105,0.339125,0.350375
23000,0.309484375,0.338859375,0.35165625
24000,0.30846875,0.338515625,0.353015625
25000,0.30696875,0.3385625,0.35446875
26000,0.30559375,0.339015625,0.355390625
27000,0.304140625,0.3394375,0.356421875
28000,0.30278125,0.339609375,0.357609375
29000,0.30146875,0.3396875,0.35884375
30000,0.30034375,0.33965625,0.36
31000,0.29925,0.339546875,0.361203125
32000,0.2975,0.340375,0.362125
33000,0.296609375,0.340296875,0.36309375
34000,0.295015625,0.340203125,0.36478125
35000,0.294140625,0.340328125,0.36553125
36000,0.292796875,0.34090625,0.366296875
37000,0.2915625,0.3403125,0.368125
38000,0.290359375,0.33990625,0.369734375
39000,0.289734375,0.339984375,0.37028125
40000,0.2884375,0.339734375,0.371828125
41000,0.28690625,0.3405,0.37259375
42000,0.285578125,0.34075,0.373671875
43000,0.284328125,0.34125,0.374421875
44000,0.282984375,0.341359375,0.37565625
45000,0.28125,0.341421875,0.377328125
46000,0.28040625,0.340953125,0.378640625
47000,0.27896875,0.341375,0.37965625
48000,0.2779375,0.34184375,0.38021875
49000,0.276875,0.341921875,0.381203125
50000,0.27521875,0.342109375,0.382671875
51000,0.273921875,0.34325,0.382828125
52000,0.27265625,0.343171875,0.384171875
53000,0.271671875,0.343046875,0.38528125
54000,0.27034375,0.34334375,0.3863125
55000,0.268484375,0.343921875,0.38759375
56000,0.2669375,0.3444375,0.388625
57000,0.265765625,0.3445,0.389734375
58000,0.264421875,0.34440625,0.391171875
59000,0.262875,0.34471875,0.39240625
60000,0.261515625,0.34484375,0.393640625
61000,0.260484375,0.3449375,0.394578125
62000,0.25896875,0.3450625,0.39596875
63000,0.257078125,0.345578125,0.39734375
64000,0.25525,0.345609375,0.399140625
65000,0.253546875,0.346140625,0.4003125
66000,0.252109375,0.346484375,0.40140625
67000,0.2510625,0.346140625,0.402796875
68000,0.25003125,0.3459375,0.40403125
69000,0.248859375,0.346203125,0.4049375
70000,0.247015625,0.34621875,0.406765625
71000,0.2458125,0.34628125,0.40790625
72000,0.244375,0.34659375,0.40903125
73000,0.243203125,0.346796875,0.41
74000,0.24171875,0.346734375,0.411546875
75000,0.240546875,0.34640625,0.413046875
76000,0.238796875,0.34646875,0.414734375
77000,0.237703125,0.346046875,0.41625
78000,0.23665625,0.345921875,0.417421875
79000,0.235421875,0.3463125,0.418265625
80000,0.234125,0.346171875,0.419703125
81000,0.233109375,0.34653125,0.420359375
82000,0.231890625,0.346765625,0.42134375
83000,0.230765625,0.346953125,0.42228125
84000,0.2290625,0.346984375,0.423953125
85000,0.22775,0.346828125,0.425421875
86000,0.2265625,0.3471875,0.42625
87000,0.225453125,0.347234375,0.4273125
88000,0.22390625,0.347234375,0.428859375
89000,0.22265625,0.346953125,0.430390625
90000,0.22134375,0.3475625,0.43109375
91000,0.22,0.34775,0.43225
92000,0.2188125,0.347828125,0.433359375
93000,0.21765625,0.34778125,0.4345625
94000,0.215984375,0.348046875,0.43596875
95000,0.214265625,0.348390625,0.43734375
96000,0.21309375,0.348125,0.43878125
97000,0.211953125,0.34796875,0.440078125
98000,0.21046875,0.347953125,0.441578125
99000,0.209109375,0.348015625,0.442875
100000,0.20778125,0.348296875,0.443921875
101000,0.2059375,0.34884375,0.44521875
102000,0.204625,0.348609375,0.446765625
103000,0.20340625,0.34865625,0.4479375
104000,0.201875,0.34934375,0.44878125
105000,0.200796875,0.349015625,0.4501875
106000,0.199671875,0.3489375,0.451390625
107000,0.198453125,0.34925,0.452296875
108000,0.197078125,0.349859375,0.4530625
109000,0.195734375,0.35015625,0.454109375
110000,0.19453125,0.35078125,0.4546875
111000,0.193328125,0.35125,0.455421875
112000,0.19234375,0.35184375,0.4558125
113000,0.1914375,0.3520625,0.4565
114000,0.189984375,0.35215625,0.457859375
115000,0.18915625,0.352234375,0.458609375
116000,0.1880625,0.3520625,0.459875
117000,0.186984375,0.352109375,0.46090625
118000,0.185859375,0.352234375,0.46190625
119000,0.184609375,0.352234375,0.46315625
120000,0.18325,0.351796875,0.464953125
121000,0.182125,0.351375,0.4665
122000,0.18128125,0.350859375,0.467859375
123000,0.180234375,0.3510625,0.468703125
124000,0.179125,0.350390625,0.470484375
125000,0.177984375,0.35046875,0.471546875
126000,0.176703125,0.350734375,0.4725625
127000,0.175234375,0.351046875,0.47371875
128000,0.17359375,0.3511875,0.47521875
129000,0.17240625,0.351109375,0.476484375
130000,0.171203125,0.3513125,0.477484375
131000,0.17015625,0.35134375,0.4785
132000,0.16903125,0.351296875,0.479671875
133000,0.167578125,0.3514375,0.480984375
134000,0.166703125,0.351765625,0.48153125
135000,0.16540625,0.352,0.48259375
136000,0.164359375,0.352640625,0.483
137000,0.163234375,0.35315625,0.483609375
138000,0.16196875,0.35328125,0.48475
139000,0.16125,0.353125,0.485625
140000,0.160265625,0.353,0.486734375
141000,0.15925,0.3530625,0.4876875
142000,0.15790625,0.35321875,0.488875
143000,0.15684375,0.3535625,0.48959375
144000,0.15609375,0.3535625,0.49034375
145000,0.155140625,0.353703125,0.49115625
146000,0.15434375,0.354328125,0.491328125
147000,0.152953125,0.354359375,0.4926875
148000,0.15196875,0.3543125,0.49371875
149000,0.1506875,0.35390625,0.49540625
150000,0.149828125,0.353828125,0.49634375
151000,0.14875,0.353828125,0.497421875
152000,0.14803125,0.353140625,0.498828125
153000,0.147140625,0.352859375,0.5
154000,0.145921875,0.35234375,0.501734375
155000,0.144921875,0.35228125,0.502796875
156000,0.14359375,0.3525,0.50390625
157000,0.14265625,0.352265625,0.505078125
158000,0.141609375,0.351890625,0.5065
159000,0.140625,0.351734375,0.507640625
160000,0.13978125,0.351515625,0.508703125
161000,0.13890625,0.351984375,0.509109375
162000,0.138234375,0.351359375,0.51040625
163000,0.137421875,0.35215625,0.510421875
164000,0.136171875,0.351921875,0.51190625
165000,0.13534375,0.352546875,0.512109375
166000,0.13440625,0.3520625,0.51353125
167000,0.1331875,0.35225,0.5145625
168000,0.13246875,0.35203125,0.5155
169000,0.1318125,0.352046875,0.516140625
170000,0.130671875,0.352125,0.517203125
171000,0.12965625,0.35196875,0.518375
172000,0.128859375,0.35184375,0.519296875
173000,0.127546875,0.35203125,0.520421875
174000,0.126625,0.3515625,0.5218125
175000,0.125953125,0.35153125,0.522515625
176000,0.124828125,0.35096875,0.524203125
177000,0.1239375,0.350828125,0.525234375
178000,0.122859375,0.350796875,0.52634375
179000,0.121828125,0.350765625,0.52740625
180000,0.1206875,0.35103125,0.52828125
181000,0.12025,0.351234375,0.528515625
182000,0.119515625,0.35115625,0.529328125
183000,0.118875,0.35075,0.530375
184000,0.117640625,0.35128125,0.531078125
185000,0.116890625,0.35140625,0.531703125
186000,0.116171875,0.351421875,0.53240625
187000,0.115578125,0.351,0.533421875
188000,0.11453125,0.35053125,0.5349375
189000,0.113578125,0.350625,0.535796875
190000,0.112921875,0.34990625,0.537171875
191000,0.1121875,0.34975,0.5380625
192000,0.11121875,0.349390625,0.539390625
193000,0.11015625,0.349,0.54084375
194000,0.10978125,0.34896875,0.54125
195000,0.1088125,0.3485,0.5426875
196000,0.107796875,0.3483125,0.543890625
197000,0.106921875,0.34809375,0.544984375
198000,0.105796875,0.347390625,0.5468125
199000,0.105171875,0.346671875,0.54815625
200000,0.10434375,0.346921875,0.548734375
201000,0.103703125,0.346984375,0.5493125
202000,0.1031875,0.3470625,0.54975
203000,0.102734375,0.3464375,0.550828125
204000,0.102015625,0.3466875,0.551296875
205000,0.1015,0.346484375,0.552015625
206000,0.100578125,0.3470625,0.552359375
207000,0.1001875,0.346390625,0.553421875
208000,0.099203125,0.34615625,0.554640625
209000,0.098640625,0.345390625,0.55596875
210000,0.097703125,0.345078125,0.55721875
211000,0.097046875,0.344921875,0.55803125
212000,0.096140625,0.344421875,0.5594375
213000,0.0955625,0.344265625,0.560171875
214000,0.09496875,0.34403125,0.561
215000,0.094234375,0.343640625,0.562125
216000,0.093609375,0.34340625,0.562984375
217000,0.09275,0.34290625,0.56434375
218000,0.09165625,0.34221875,0.566125
219000,0.090796875,0.34246875,0.566734375
220000,0.090140625,0.342765625,0.56709375
221000,0.089484375,0.34221875,0.568296875
222000,0.08909375,0.342359375,0.568546875
223000,0.08853125,0.342125,0.56934375
224000,0.08778125,0.3419375,0.57028125
225000,0.0874375,0.3419375,0.570625
226000,0.086796875,0.341890625,0.5713125
227000,0.086296875,0.3416875,0.572015625
228000,0.08546875,0.34165625,0.572875
229000,0.084734375,0.342015625,0.57325
230000,0.08409375,0.3420625,0.57384375
231000,0.08375,0.3416875,0.5745625
232000,0.08321875,0.341546875,0.575234375
233000,0.082796875,0.34159375,0.575609375
234000,0.082109375,0.341453125,0.5764375
235000,0.081578125,0.34159375,0.576828125
236000,0.080671875,0.341140625,0.5781875
237000,0.07990625,0.34096875,0.579125
238000,0.0791875,0.34115625,0.57965625
239000,0.0785,0.34090625,0.58059375
240000,0.07790625,0.34046875,0.581625
241000,0.077421875,0.34015625,0.582421875
242000,0.07678125,0.34021875,0.583
243000,0.07590625,0.34025,0.58384375
244000,0.075375,0.339828125,0.584796875
245000,0.074625,0.339484375,0.585890625
246000,0.0741875,0.33909375,0.58671875
247000,0.073671875,0.3385625,0.587765625
248000,0.073234375,0.33790625,0.588859375
249000,0.07275,0.337515625,0.589734375
250000,0.072296875,0.337078125,0.590625
251000,0.071984375,0.336609375,0.59140625
252000,0.071578125,0.33596875,0.592453125
253000,0.0711875,0.335625,0.5931875
254000,0.070453125,0.335625,0.593921875
255000,0.069984375,0.33525,0.594765625
256000,0.069375,0.3353125,0.5953125
257000,0.068609375,0.33515625,0.596234375
258000,0.068390625,0.33525,0.596359375
259000,0.067671875,0.335140625,0.5971875
260000,0.067296875,0.33490625,0.597796875
261000,0.0666875,0.334765625,0.598546875
262000,0.06621875,0.33459375,0.5991875
263000,0.06515625,0.334546875,0.600296875
264000,0.064625,0.334578125,0.600796875
265000,0.06415625,0.33396875,0.601875
266000,0.063703125,0.33359375,0.602703125
267000,0.0631875,0.333234375,0.603578125
268000,0.0625625,0.332765625,0.604671875
269000,0.062109375,0.332828125,0.6050625
270000,0.06153125,0.332828125,0.605640625
271000,0.060921875,0.332203125,0.606875
272000,0.060453125,0.331953125,0.60759375
273000,0.059828125,0.332359375,0.6078125
274000,0.059296875,0.333,0.607703125
275000,0.059109375,0.3329375,0.607953125
276000,0.05871875,0.333171875,0.608109375
277000,0.058046875,0.33309375,0.608859375
278000,0.057859375,0.332765625,0.609375
279000,0.05765625,0.332109375,0.610234375
280000,0.057265625,0.331953125,0.61078125
281000,0.057125,0.331578125,0.611296875
282000,0.0565625,0.331296875,0.612140625
283000,0.056015625,0.330703125,0.61328125
284000,0.055546875,0.330359375,0.61409375
285000,0.054953125,0.33034375,0.614703125
286000,0.054421875,0.329984375,0.61559375
287000,0.054078125,0.329703125,0.61621875
288000,0.05371875,0.329671875,0.616609375
289000,0.053375,0.329640625,0.616984375
290000,0.053015625,0.32971875,0.617265625
291000,0.0525625,0.329625,0.6178125
292000,0.05221875,0.329203125,0.618578125
293000,0.0515625,0.328890625,0.619546875
294000,0.05115625,0.32853125,0.6203125
295000,0.05084375,0.32828125,0.620875
296000,0.05046875,0.328390625,0.621140625
297000,0.05,0.327734375,0.622265625
298000,0.04984375,0.3275625,0.62259375
299000,0.04921875,0.327390625,0.623390625
300000,0.0488125,0.326671875,0.624515625
301000,0.04815625,0.326578125,0.625265625
302000,0.047890625,0.326,0.626109375
303000,0.047453125,0.325859375,0.6266875
304000,0.047109375,0.32621875,0.626671875
305000,0.047,0.32584375,0.62715625
306000,0.046703125,0.32584375,0.627453125
307000,0.04628125,0.326109375,0.627609375
308000,0.045921875,0.325796875,0.62828125
309000,0.04528125,0.325203125,0.629515625
310000,0.045140625,0.325125,0.629734375
311000,0.04465625,0.32453125,0.6308125
312000,0.044421875,0.324390625,0.6311875
313000,0.044125,0.323859375,0.632015625
314000,0.0436875,0.323390625,0.632921875
315000,0.043140625,0.323546875,0.6333125
316000,0.0426875,0.3226875,0.634625
317000,0.04234375,0.322359375,0.635296875
318000,0.04215625,0.322078125,0.635765625
319000,0.04184375,0.321609375,0.636546875
320000,0.041578125,0.32125,0.637171875
321000,0.041359375,0.321203125,0.6374375
322000,0.0409375,0.3211875,0.637875
323000,0.040578125,0.3205,0.638921875
324000,0.040078125,0.320359375,0.6395625
325000,0.039734375,0.31959375,0.640671875
326000,0.0393125,0.319578125,0.641109375
327000,0.039046875,0.31925,0.641703125
328000,0.038765625,0.31928125,0.641953125
329000,0.038265625,0.3193125,0.642421875
330000,0.038140625,0.319015625,0.64284375
331000,0.03790625,0.318109375,0.643984375
332000,0.037578125,0.317984375,0.6444375
333000,0.0371875,0.31759375,0.64521875
334000,0.0369375,0.31740625,0.64565625
335000,0.03659375,0.3174375,0.64596875
336000,0.03615625,0.317390625,0.646453125
337000,0.0359375,0.317203125,0.646859375
338000,0.0355,0.317328125,0.647171875
339000,0.035171875,0.317015625,0.6478125
340000,0.03496875,0.316609375,0.648421875
341000,0.034859375,0.316,0.649140625
342000,0.03471875,0.315890625,0.649390625
343000,0.0345,0.315234375,0.650265625
344000,0.034265625,0.31503125,0.650703125
345000,0.033984375,0.31484375,0.651171875
346000,0.033671875,0.314953125,0.651375
347000,0.03321875,0.314421875,0.652359375
348000,0.033,0.3146875,0.6523125
349000,0.032828125,0.3143125,0.652859375
350000,0.032625,0.31371875,0.65365625
351000,0.0324375,0.313578125,0.653984375
352000,0.032171875,0.31346875,0.654359375
353000,0.031859375,0.31378125,0.654359375
354000,0.03171875,0.313671875,0.654609375
355000,0.031421875,0.313328125,0.65525
356000,0.0310625,0.313359375,0.655578125
357000,0.030875,0.3131875,0.6559375
358000,0.03075,0.312375,0.656875
359000,0.0305,0.312015625,0.657484375
360000,0.030171875,0.311859375,0.65796875
361000,0.029890625,0.311171875,0.6589375
362000,0.029703125,0.31090625,0.659390625
363000,0.0295,0.30996875,0.66053125
364000,0.0293125,0.3093125,0.661375
365000,0.029015625,0.30884375,0.662140625
366000,0.02878125,0.30815625,0.6630625
367000,0.02871875,0.307640625,0.663640625
368000,0.0285625,0.307609375,0.663828125
369000,0.0283125,0.3066875,0.665
370000,0.02803125,0.306171875,0.665796875
371000,0.02775,0.306046875,0.666203125
372000,0.027625,0.305234375,0.667140625
373000,0.027296875,0.305265625,0.6674375
374000,0.027,0.304921875,0.668078125
375000,0.02684375,0.3049375,0.66821875
376000,0.026625,0.304359375,0.669015625
377000,0.026421875,0.3044375,0.669140625
378000,0.02628125,0.303890625,0.669828125
379000,0.026109375,0.3034375,0.670453125
380000,0.0259375,0.302359375,0.671703125
381000,0.025734375,0.301828125,0.6724375
382000,0.025359375,0.30228125,0.672359375
383000,0.025140625,0.30159375,0.673265625
384000,0.0248125,0.301328125,0.673859375
385000,0.0245,0.301078125,0.674421875
386000,0.02434375,0.301109375,0.674546875
387000,0.024203125,0.3005625,0.675234375
388000,0.02403125,0.30065625,0.6753125
389000,0.023796875,0.299984375,0.67621875
390000,0.023765625,0.299484375,0.67675
391000,0.0235625,0.29928125,0.67715625
392000,0.02321875,0.2986875,0.67809375
393000,0.023,0.29834375,0.67865625
394000,0.02265625,0.29778125,0.6795625
395000,0.02259375,0.297703125,0.679703125
396000,0.022421875,0.297625,0.679953125
397000,0.0224375,0.29746875,0.68009375
398000,0.02225,0.29778125,0.67996875
399000,0.022140625,0.297953125,0.67990625
400000,0.02203125,0.29753125,0.6804375
401000,0.02184375,0.29721875,0.6809375
402000,0.021640625,0.29696875,0.681390625
403000,0.021703125,0.296828125,0.68146875
404000,0.02165625,0.29634375,0.682
405000,0.0215,0.29596875,0.68253125
406000,0.021296875,0.2955625,0.683140625
407000,0.0211875,0.295765625,0.683046875
408000,0.020890625,0.29575,0.683359375
409000,0.020765625,0.2954375,0.683796875
410000,0.02075,0.295046875,0.684203125
411000,0.02059375,0.29453125,0.684875
412000,0.020453125,0.29434375,0.685203125
413000,0.020203125,0.293953125,0.68584375
414000,0.0200625,0.293546875,0.686390625
415000,0.02,0.292734375,0.687265625
416000,0.019890625,0.2926875,0.687421875
417000,0.01971875,0.291390625,0.688890625
418000,0.01946875,0.290921875,0.689609375
419000,0.01928125,0.2898125,0.69090625
420000,0.019078125,0.289453125,0.69146875
421000,0.018890625,0.2889375,0.692171875
422000,0.018609375,0.288734375,0.69265625
423000,0.018546875,0.2881875,0.693265625
424000,0.018421875,0.287703125,0.693875
425000,0.018265625,0.2869375,0.694796875
426000,0.018125,0.28646875,0.69540625
427000,0.018015625,0.28653125,0.695453125
428000,0.01784375,0.2861875,0.69596875
429000,0.017671875,0.28596875,0.696359375
430000,0.0175625,0.285859375,0.696578125
431000,0.0173125,0.2854375,0.69725
432000,0.01715625,0.285390625,0.697453125
433000,0.016921875,0.28471875,0.698359375
434000,0.016734375,0.284390625,0.698875
435000,0.016578125,0.28425,0.699171875
436000,0.016671875,0.283828125,0.6995
437000,0.016515625,0.283859375,0.699625
438000,0.016359375,0.28325,0.700390625
439000,0.01621875,0.282921875,0.700859375
440000,0.01615625,0.282015625,0.701828125
441000,0.016046875,0.281609375,0.70234375
442000,0.01578125,0.2811875,0.70303125
443000,0.0156875,0.2813125,0.703
444000,0.01565625,0.28096875,0.703375
445000,0.01553125,0.280515625,0.703953125
446000,0.01540625,0.279984375,0.704609375
447000,0.0153125,0.279765625,0.704921875
448000,0.015125,0.278984375,0.705890625
449000,0.014984375,0.278578125,0.7064375
450000,0.01490625,0.27834375,0.70675
451000,0.01459375,0.278109375,0.707296875
452000,0.0145,0.277328125,0.708171875
453000,0.014296875,0.276859375,0.70884375
454000,0.0141875,0.276765625,0.709046875
455000,0.014046875,0.276375,0.709578125
456000,0.014078125,0.275671875,0.71025
457000,0.013953125,0.275140625,0.71090625
458000,0.013890625,0.274640625,0.71146875
459000,0.01378125,0.274515625,0.711703125
460000,0.013671875,0.27371875,0.712609375
461000,0.013515625,0.27315625,0.713328125
462000,0.013328125,0.27228125,0.714390625
463000,0.0131875,0.272453125,0.714359375
464000,0.013109375,0.271828125,0.7150625
465000,0.01296875,0.27140625,0.715625
466000,0.012859375,0.271234375,0.71590625
467000,0.012796875,0.270984375,0.71621875
468000,0.012734375,0.27003125,0.717234375
469000,0.0125625,0.26975,0.7176875
470000,0.01240625,0.269421875,0.718171875
471000,0.012265625,0.268875,0.718859375
472000,0.01225,0.2681875,0.7195625
473000,0.01215625,0.267953125,0.719890625
474000,0.012015625,0.267421875,0.7205625
475000,0.011953125,0.2673125,0.720734375
476000,0.011875,0.26696875,0.72115625
477000,0.01184375,0.267109375,0.721046875
478000,0.011890625,0.2668125,0.721296875
479000,0.011875,0.266375,0.72175
480000,0.011828125,0.265828125,0.72234375
481000,0.0116875,0.2655625,0.72275
482000,0.0114375,0.265234375,0.723328125
483000,0.01128125,0.2655625,0.72315625
484000,0.011203125,0.265,0.723796875
485000,0.011109375,0.264359375,0.72453125
486000,0.011125,0.263796875,0.725078125
487000,0.01109375,0.26334375,0.7255625
488000,0.011140625,0.2630625,0.725796875
489000,0.011078125,0.26271875,0.726203125
490000,0.010984375,0.262265625,0.72675
491000,0.010875,0.261546875,0.727578125
492000,0.010859375,0.261109375,0.72803125
493000,0.010796875,0.260609375,0.72859375
494000,0.0106875,0.260484375,0.728828125
495000,0.010671875,0.2601875,0.729140625
496000,0.0105,0.259921875,0.729578125
497000,0.010515625,0.259203125,0.73028125
498000,0.010484375,0.258546875,0.73096875
499000,0.010359375,0.258515625,0.731125
500000,0.010328125,0.258171875,0.7315
501000,0.010296875,0.257578125,0.732125
502000,0.010203125,0.256921875,0.732875
503000,0.01009375,0.256484375,0.733421875
504000,0.009984375,0.25640625,0.733609375
505000,0.009921875,0.256,0.734078125
506000,0.00971875,0.255390625,0.734890625
507000,0.009609375,0.253984375,0.73640625
508000,0.009484375,0.254,0.736515625
509000,0.009359375,0.25359375,0.737046875
510000,0.00928125,0.252828125,0.737890625
511000,0.0093125,0.252609375,0.738078125
512000,0.009265625,0.252,0.738734375
513000,0.009234375,0.25240625,0.738359375
514000,0.009125,0.2525,0.738375
515000,0.009015625,0.252734375,0.73825
516000,0.008921875,0.251890625,0.7391875
517000,0.008921875,0.251375,0.739703125
518000,0.009,0.250546875,0.740453125
519000,0.008890625,0.249609375,0.7415
520000,0.00878125,0.249515625,0.741703125
521000,0.00865625,0.249,0.74234375
522000,0.008640625,0.248234375,0.743125
523000,0.0085625,0.2480625,0.743375
524000,0.008515625,0.247828125,0.74365625
525000,0.008515625,0.2474375,0.744046875
526000,0.008390625,0.24703125,0.744578125
527000,0.00828125,0.24665625,0.7450625
528000,0.008234375,0.246796875,0.74496875
529000,0.008109375,0.246375,0.745515625
530000,0.008015625,0.24584375,0.746140625
531000,0.007953125,0.24571875,0.746328125
532000,0.0079375,0.24571875,0.74634375
533000,0.007921875,0.2455,0.746578125
534000,0.00784375,0.24575,0.74640625
535000,0.007671875,0.245546875,0.74678125
536000,0.007609375,0.24496875,0.747421875
537000,0.00759375,0.2444375,0.74796875
538000,0.007578125,0.244609375,0.7478125
539000,0.007515625,0.244265625,0.74821875
540000,0.007484375,0.244015625,0.7485
541000,0.00746875,0.24375,0.74878125
542000,0.00734375,0.243390625,0.749265625
543000,0.00725,0.24325,0.7495
544000,0.00728125,0.24234375,0.750375
545000,0.007265625,0.2420625,0.750671875
546000,0.007140625,0.241484375,0.751375
547000,0.007140625,0.240984375,0.751875
548000,0.007078125,0.240921875,0.752
549000,0.007015625,0.240296875,0.7526875
550000,0.006953125,0.23975,0.753296875
551000,0.006875,0.23953125,0.75359375
552000,0.006765625,0.2395625,0.753671875
553000,0.00671875,0.2395625,0.75371875
554000,0.006625,0.23903125,0.75434375
555000,0.0065625,0.23859375,0.75484375
556000,0.006515625,0.238078125,0.75540625
557000,0.00646875,0.237453125,0.756078125
558000,0.0064375,0.23653125,0.75703125
559000,0.0063125,0.235921875,0.757765625
560000,0.00628125,0.23528125,0.7584375
561000,0.006203125,0.23515625,0.758640625
562000,0.0061875,0.23425,0.7595625
563000,0.006203125,0.23371875,0.760078125
564000,0.00615625,0.233234375,0.760609375
565000,0.00603125,0.233234375,0.760734375
566000,0.005984375,0.233140625,0.760875
567000,0.00590625,0.232953125,0.761140625
568000,0.005796875,0.232203125,0.762
569000,0.005765625,0.231640625,0.76259375
570000,0.00575,0.231375,0.762875
571000,0.00571875,0.2311875,0.76309375
572000,0.005625,0.230859375,0.763515625
573000,0.005640625,0.230390625,0.76396875
574000,0.0055625,0.22990625,0.76453125
575000,0.005546875,0.229640625,0.7648125
576000,0.0055,0.22934375,0.76515625
577000,0.00546875,0.228796875,0.765734375
578000,0.00540625,0.228625,0.76596875
579000,0.005296875,0.228375,0.766328125
580000,0.005296875,0.228078125,0.766625
581000,0.00525,0.22728125,0.76746875
582000,0.00515625,0.22675,0.76809375
583000,0.005140625,0.2265625,0.768296875
584000,0.00509375,0.2263125,0.76859375
585000,0.005015625,0.22615625,0.768828125
586000,0.004984375,0.225921875,0.76909375
587000,0.004953125,0.22590625,0.769140625
588000,0.004859375,0.225984375,0.76915625
589000,0.004796875,0.2256875,0.769515625
590000,0.004671875,0.2255,0.769828125
591000,0.00459375,0.225171875,0.770234375
592000,0.0045,0.22478125,0.77071875
593000,0.00453125,0.22403125,0.7714375
594000,0.0044375,0.224,0.7715625
595000,0.00434375,0.223546875,0.772109375
596000,0.004328125,0.2229375,0.772734375
597000,0.004375,0.22265625,0.77296875
598000,0.004359375,0.22265625,0.772984375
599000,0.004328125,0.221984375,0.7736875
600000,0.00428125,0.222,0.77371875
601000,0.00425,0.221671875,0.774078125
602000,0.0041875,0.221265625,0.774546875
603000,0.004140625,0.2205625,0.775296875
604000,0.004109375,0.2205625,0.775328125
605000,0.0040625,0.22021875,0.77571875
606000,0.00409375,0.220203125,0.775703125
607000,0.004078125,0.219703125,0.77621875
608000,0.00403125,0.21953125,0.7764375
609000,0.003953125,0.21934375,0.776703125
610000,0.003921875,0.218984375,0.77709375
611000,0.003859375,0.21865625,0.777484375
612000,0.0038125,0.21790625,0.77828125
613000,0.003765625,0.217640625,0.77859375
614000,0.00371875,0.217296875,0.778984375
615000,0.00371875,0.21665625,0.779625
616000,0.00375,0.216453125,0.779796875
617000,0.003703125,0.215984375,0.7803125
618000,0.003703125,0.21553125,0.780765625
619000,0.003671875,0.21515625,0.781171875
620000,0.003671875,0.2148125,0.781515625
621000,0.003640625,0.214359375,0.782
622000,0.0036875,0.213859375,0.782453125
623000,0.00365625,0.213546875,0.782796875
624000,0.00365625,0.21315625,0.7831875
625000,0.003625,0.212890625,0.783484375
626000,0.003578125,0.212109375,0.7843125
627000,0.003546875,0.211453125,0.785
628000,0.00353125,0.21121875,0.78525
629000,0.003421875,0.211046875,0.78553125
630000,0.003390625,0.210390625,0.78621875
631000,0.00334375,0.210328125,0.786328125
632000,0.0033125,0.20959375,0.78709375
633000,0.003296875,0.209125,0.787578125
634000,0.00328125,0.208265625,0.788453125
635000,0.00321875,0.208078125,0.788703125
636000,0.003203125,0.20784375,0.788953125
637000,0.00315625,0.207546875,0.789296875
638000,0.003125,0.206921875,0.789953125
639000,0.003078125,0.20621875,0.790703125
640000,0.00303125,0.205359375,0.791609375
641000,0.00303125,0.20459375,0.792375
642000,0.003046875,0.20409375,0.792859375
643000,0.002953125,0.203765625,0.79328125
644000,0.0029375,0.20371875,0.79334375
645000,0.00290625,0.203296875,0.793796875
646000,0.002875,0.20275,0.794375
647000,0.00284375,0.202546875,0.794609375
648000,0.002796875,0.20190625,0.795296875
649000,0.002765625,0.201703125,0.79553125
650000,0.002734375,0.201171875,0.79609375
651000,0.0026875,0.200984375,0.796328125
652000,0.002671875,0.2004375,0.796890625
653000,0.002609375,0.20040625,0.796984375
654000,0.0025625,0.200328125,0.797109375
655000,0.00253125,0.200046875,0.797421875
656000,0.0025,0.199359375,0.798140625
657000,0.002484375,0.1990625,0.798453125
658000,0.002484375,0.19896875,0.798546875
659000,0.002484375,0.1991875,0.798328125
660000,0.00246875,0.198796875,0.798734375
661000,0.0024375,0.19815625,0.79940625
662000,0.00240625,0.197796875,0.799796875
663000,0.00240625,0.19759375,0.8
664000,0.002390625,0.19696875,0.800640625
665000,0.002359375,0.196546875,0.80109375
666000,0.002375,0.19584375,0.80178125
667000,0.002359375,0.195703125,0.8019375
668000,0.00234375,0.195,0.80265625
669000,0.002296875,0.194859375,0.80284375
670000,0.002328125,0.194671875,0.803
671000,0.00228125,0.194125,0.80359375
672000,0.002296875,0.19346875,0.804234375
673000,0.00225,0.19290625,0.80484375
674000,0.00225,0.192609375,0.805140625
675000,0.002234375,0.192125,0.805640625
676000,0.0021875,0.192015625,0.805796875
677000,0.002203125,0.19221875,0.805578125
678000,0.002171875,0.19203125,0.805796875
679000,0.002171875,0.191515625,0.8063125
680000,0.0021875,0.1911875,0.806625
681000,0.002203125,0.190609375,0.8071875
682000,0.002203125,0.190140625,0.80765625
683000,0.00221875,0.189828125,0.807953125
684000,0.00225,0.189453125,0.808296875
685000,0.0021875,0.18915625,0.80865625
686000,0.002140625,0.1888125,0.809046875
687000,0.00215625,0.1885625,0.80928125
688000,0.002171875,0.188,0.809828125
689000,0.002171875,0.18775,0.810078125
690000,0.00215625,0.187875,0.80996875
691000,0.002109375,0.187203125,0.8106875
692000,0.00209375,0.186328125,0.811578125
693000,0.002078125,0.185390625,0.81253125
694000,0.00203125,0.1849375,0.81303125
695000,0.002015625,0.184515625,0.81346875
696000,0.00203125,0.184046875,0.813921875
697000,0.002015625,0.183828125,0.81415625
698000,0.002,0.1831875,0.8148125
699000,0.00190625,0.182640625,0.815453125
700000,0.00190625,0.18225,0.81584375
701000,0.001859375,0.18171875,0.816421875
702000,0.00184375,0.18121875,0.8169375
703000,0.00184375,0.181078125,0.817078125
704000,0.0018125,0.181046875,0.817140625
705000,0.00178125,0.180859375,0.817359375
706000,0.001765625,0.180546875,0.8176875
707000,0.001765625,0.17990625,0.818328125
708000,0.00178125,0.179609375,0.818609375
709000,0.001765625,0.179203125,0.81903125
710000,0.00175,0.179015625,0.819234375
711000,0.001703125,0.17878125,0.819515625
712000,0.00165625,0.1783125,0.82003125
713000,0.0016875,0.17765625,0.82065625
714000,0.001640625,0.177296875,0.8210625
715000,0.00159375,0.17690625,0.8215
716000,0.001578125,0.176453125,0.82196875
717000,0.001578125,0.176140625,0.82228125
718000,0.00159375,0.1755,0.82290625
719000,0.001609375,0.175078125,0.8233125
720000,0.001640625,0.1745,0.823859375
721000,0.001609375,0.1741875,0.824203125
722000,0.001578125,0.1739375,0.824484375
723000,0.001578125,0.173671875,0.82475
724000,0.0015625,0.17340625,0.82503125
725000,0.001546875,0.173359375,0.82509375
726000,0.00153125,0.172875,0.82559375
727000,0.001515625,0.172359375,0.826125
728000,0.001515625,0.171703125,0.82678125
729000,0.0015,0.1715,0.827
730000,0.001484375,0.1714375,0.827078125
731000,0.00146875,0.1706875,0.82784375
732000,0.001453125,0.17040625,0.828140625
733000,0.001421875,0.17015625,0.828421875
734000,0.001421875,0.169859375,0.82871875
735000,0.001375,0.169203125,0.829421875
736000,0.001390625,0.169296875,0.8293125
737000,0.001375,0.169015625,0.829609375
738000,0.001359375,0.1685,0.830140625
739000,0.001328125,0.16828125,0.830390625
740000,0.00128125,0.167859375,0.830859375
741000,0.001265625,0.167140625,0.83159375
742000,0.001234375,0.166953125,0.8318125
743000,0.00121875,0.166765625,0.832015625
744000,0.001234375,0.1660625,0.832703125
745000,0.0011875,0.16584375,0.83296875
746000,0.00121875,0.165609375,0.833171875
747000,0.00121875,0.165125,0.83365625
748000,0.0011875,0.1648125,0.834
749000,0.0011875,0.164703125,0.834109375
750000,0.0011875,0.16478125,0.83403125
751000,0.001203125,0.16434375,0.834453125
752000,0.00115625,0.16390625,0.8349375
753000,0.001140625,0.16365625,0.835203125
754000,0.001125,0.163234375,0.835640625
755000,0.001140625,0.163125,0.835734375
756000,0.001140625,0.1625,0.836359375
757000,0.001140625,0.16184375,0.837015625
758000,0.001140625,0.161453125,0.83740625
759000,0.001109375,0.161171875,0.83771875
760000,0.001109375,0.160890625,0.838
761000,0.0010625,0.160640625,0.838296875
762000,0.001046875,0.1605625,0.838390625
763000,0.00103125,0.160125,0.83884375
764000,0.000984375,0.1595625,0.839453125
765000,0.00096875,0.159265625,0.839765625
766000,0.000953125,0.158984375,0.8400625
767000,0.000953125,0.15834375,0.840703125
768000,0.000921875,0.158078125,0.841
769000,0.0009375,0.157734375,0.841328125
770000,0.000921875,0.1570625,0.842015625
771000,0.000921875,0.15640625,0.842671875
772000,0.000921875,0.155875,0.843203125
773000,0.00090625,0.155421875,0.843671875
774000,0.000875,0.155078125,0.844046875
775000,0.000875,0.154828125,0.844296875
776000,0.00084375,0.154171875,0.844984375
777000,0.00084375,0.153546875,0.845609375
778000,0.000859375,0.152625,0.846515625
779000,0.000859375,0.152,0.847140625
780000,0.000859375,0.151859375,0.84728125
781000,0.00084375,0.151359375,0.847796875
782000,0.000859375,0.151171875,0.84796875
783000,0.000875,0.15140625,0.84771875
784000,0.000859375,0.150921875,0.84821875
785000,0.000828125,0.150703125,0.84846875
786000,0.000765625,0.15034375,0.848890625
787000,0.00071875,0.149921875,0.849359375
788000,0.00071875,0.14940625,0.849875
789000,0.000734375,0.14884375,0.850421875
790000,0.00071875,0.148578125,0.850703125
791000,0.000703125,0.14825,0.851046875
792000,0.0006875,0.1475,0.8518125
793000,0.0006875,0.14721875,0.85209375
794000,0.0006875,0.147078125,0.852234375
795000,0.000671875,0.147046875,0.85228125
796000,0.000671875,0.146734375,0.85259375
797000,0.00065625,0.146578125,0.852765625
798000,0.000640625,0.146125,0.853234375
799000,0.00065625,0.14575,0.85359375
800000,0.00065625,0.145015625,0.854328125
801000,0.00065625,0.14484375,0.8545
802000,0.000640625,0.144296875,0.8550625
803000,0.000640625,0.1438125,0.855546875
804000,0.000609375,0.143171875,0.85621875
805000,0.00059375,0.142890625,0.856515625
806000,0.00059375,0.14271875,0.8566875
807000,0.000578125,0.1425625,0.856859375
808000,0.000578125,0.142296875,0.857125
809000,0.000578125,0.14184375,0.857578125
810000,0.000578125,0.141234375,0.8581875
811000,0.000578125,0.1408125,0.858609375
812000,0.000578125,0.140703125,0.85871875
813000,0.00059375,0.140625,0.85878125
814000,0.0005625,0.140296875,0.859140625
815000,0.000546875,0.140125,0.859328125
816000,0.00053125,0.13965625,0.8598125
817000,0.00053125,0.139296875,0.860171875
818000,0.00053125,0.139140625,0.860328125
819000,0.0005,0.138828125,0.860671875
820000,0.0005,0.138609375,0.860890625
821000,0.0005,0.13815625,0.86134375
822000,0.000484375,0.13803125,0.861484375
823000,0.000484375,0.13753125,0.861984375
824000,0.000484375,0.137453125,0.8620625
825000,0.000484375,0.1371875,0.862328125
826000,0.000453125,0.136359375,0.8631875
827000,0.0004375,0.1359375,0.863625
828000,0.0004375,0.135765625,0.863796875
829000,0.0004375,0.1358125,0.86375
830000,0.00040625,0.135546875,0.864046875
831000,0.000390625,0.135171875,0.8644375
832000,0.000390625,0.13475,0.864859375
833000,0.000390625,0.134140625,0.86546875
834000,0.000375,0.133890625,0.865734375
835000,0.000390625,0.1334375,0.866171875
836000,0.00040625,0.13309375,0.8665
837000,0.00040625,0.133125,0.86646875
838000,0.00040625,0.132734375,0.866859375
839000,0.000390625,0.132328125,0.86728125
840000,0.000390625,0.132078125,0.86753125
841000,0.000375,0.131859375,0.867765625
842000,0.000359375,0.1315625,0.868078125
843000,0.000359375,0.1313125,0.868328125
844000,0.000359375,0.130453125,0.8691875
845000,0.00034375,0.129703125,0.869953125
846000,0.00034375,0.12946875,0.8701875
847000,0.00034375,0.1291875,0.87046875
848000,0.00034375,0.12903125,0.870625
849000,0.00034375,0.128859375,0.870796875
850000,0.00034375,0.128921875,0.870734375
851000,0.000328125,0.12825,0.871421875
852000,0.000328125,0.127796875,0.871875
853000,0.0003125,0.12778125,0.87190625
854000,0.0003125,0.12775,0.8719375
855000,0.000328125,0.12721875,0.872453125
856000,0.000328125,0.126859375,0.8728125
857000,0.000328125,0.126453125,0.87321875
858000,0.000328125,0.126296875,0.873375
859000,0.000328125,0.12615625,0.873515625
860000,0.000328125,0.12584375,0.873828125
861000,0.000328125,0.125484375,0.8741875
862000,0.0003125,0.125203125,0.874484375
863000,0.0003125,0.12528125,0.87440625
864000,0.0003125,0.12521875,0.87446875
865000,0.000328125,0.124765625,0.87490625
866000,0.000328125,0.124171875,0.8755
867000,0.0003125,0.124046875,0.875640625
868000,0.0003125,0.1236875,0.876
869000,0.000328125,0.12340625,0.876265625
870000,0.0003125,0.123140625,0.876546875
871000,0.0003125,0.1229375,0.87675
872000,0.000328125,0.122859375,0.8768125
873000,0.000328125,0.122203125,0.87746875
874000,0.000328125,0.12184375,0.877828125
875000,0.00034375,0.121515625,0.878140625
876000,0.000359375,0.1213125,0.878328125
877000,0.000375,0.121296875,0.878328125
878000,0.000375,0.12090625,0.87871875
879000,0.000375,0.12053125,0.87909375
880000,0.000375,0.1204375,0.8791875
881000,0.000375,0.120203125,0.879421875
882000,0.000375,0.12021875,0.87940625
883000,0.000375,0.119796875,0.879828125
884000,0.000390625,0.119359375,0.88025
885000,0.000390625,0.11915625,0.880453125
886000,0.000375,0.11909375,0.88053125
887000,0.000375,0.118546875,0.881078125
888000,0.000375,0.11815625,0.88146875
889000,0.000375,0.11784375,0.88178125
890000,0.000375,0.11784375,0.88178125
891000,0.00034375,0.11790625,0.88175
892000,0.000328125,0.1175,0.882171875
893000,0.000328125,0.11728125,0.882390625
894000,0.0003125,0.116875,0.8828125
895000,0.000328125,0.116265625,0.88340625
896000,0.000328125,0.115984375,0.8836875
897000,0.00034375,0.116171875,0.883484375
898000,0.00034375,0.115796875,0.883859375
899000,0.00034375,0.115515625,0.884140625
900000,0.00034375,0.1150625,0.88459375
901000,0.00034375,0.11496875,0.8846875
902000,0.0003125,0.115015625,0.884671875
903000,0.00028125,0.114765625,0.884953125
904000,0.000265625,0.114390625,0.88534375
905000,0.000265625,0.11371875,0.886015625
906000,0.000265625,0.11334375,0.886390625
907000,0.000265625,0.11284375,0.886890625
908000,0.000265625,0.11246875,0.887265625
909000,0.000265625,0.112453125,0.88728125
910000,0.000265625,0.112453125,0.88728125
911000,0.000265625,0.1119375,0.887796875
912000,0.000265625,0.111953125,0.88778125
913000,0.000265625,0.111546875,0.8881875
914000,0.000265625,0.1113125,0.888421875
915000,0.000265625,0.1108125,0.888921875
916000,0.000265625,0.110625,0.889109375
917000,0.000265625,0.110453125,0.88928125
918000,0.000234375,0.109890625,0.889875
919000,0.000234375,0.1096875,0.890078125
920000,0.000234375,0.1093125,0.890453125
921000,0.000234375,0.10915625,0.890609375
922000,0.00021875,0.10871875,0.8910625
923000,0.00021875,0.108703125,0.891078125
924000,0.000203125,0.108484375,0.8913125
925000,0.000203125,0.10828125,0.891515625
926000,0.0001875,0.107796875,0.892015625
927000,0.0001875,0.107578125,0.892234375
928000,0.0001875,0.107078125,0.892734375
929000,0.0001875,0.10675,0.8930625
930000,0.0001875,0.106375,0.8934375
931000,0.0001875,0.105921875,0.893890625
932000,0.000171875,0.105671875,0.89415625
933000,0.00015625,0.1054375,0.89440625
934000,0.00015625,0.105,0.89484375
935000,0.00015625,0.10471875,0.895125
936000,0.000140625,0.1045,0.895359375
937000,0.000140625,0.10421875,0.895640625
938000,0.000125,0.10403125,0.89584375
939000,0.000125,0.1036875,0.8961875
940000,0.000109375,0.103609375,0.89628125
941000,0.000109375,0.10340625,0.896484375
942000,0.000109375,0.1029375,0.896953125
943000,9.375e-05,0.1026875,0.89721875
944000,9.375e-05,0.102515625,0.897390625
945000,9.375e-05,0.10221875,0.8976875
946000,9.375e-05,0.101875,0.89803125
947000,9.375e-05,0.101421875,0.898484375
948000,9.375e-05,0.101203125,0.898703125
949000,9.375e-05,0.10096875,0.8989375
950000,9.375e-05,0.100859375,0.899046875
951000,9.375e-05,0.1005,0.89940625
952000,9.375e-05,0.10034375,0.8995625
953000,9.375e-05,0.10025,0.89965625
954000,9.375e-05,0.0999375,0.89996875
955000,9.375e-05,0.099625,0.90028125
956000,9.375e-05,0.0993125,0.90059375
957000,0.000109375,0.098875,0.901015625
958000,0.000109375,0.098359375,0.90153125
959000,0.000109375,0.0983125,0.901578125
960000,0.000109375,0.098296875,0.90159375
961000,0.000109375,0.09778125,0.902109375
962000,7.8125e-05,0.097859375,0.9020625
963000,7.8125e-05,0.097890625,0.90203125
964000,7.8125e-05,0.097515625,0.90240625
965000,7.8125e-05,0.09759375,0.902328125
966000,7.8125e-05,0.09734375,0.902578125
967000,7.8125e-05,0.097609375,0.9023125
968000,7.8125e-05,0.097453125,0.90246875
969000,7.8125e-05,0.0973125,0.902609375
970000,7.8125e-05,0.09709375,0.902828125
971000,7.8125e-05,0.097,0.902921875
972000,7.8125e-05,0.096625,0.903296875
973000,7.8125e-05,0.096828125,0.90309375
974000,7.8125e-05,0.096734375,0.9031875
975000,7.8125e-05,0.09615625,0.903765625
976000,7.8125e-05,0.095828125,0.90409375
977000,7.8125e-05,0.095578125,0.90434375
978000,7.8125e-05,0.09515625,0.904765625
979000,7.8125e-05,0.09496875,0.904953125
980000,6.25e-05,0.094796875,0.905140625
981000,6.25e-05,0.0946875,0.90525
982000,6.25e-05,0.094203125,0.905734375
983000,6.25e-05,0.094296875,0.905640625
984000,6.25e-05,0.094,0.9059375
985000,6.25e-05,0.0938125,0.906125
986000,6.25e-05,0.093703125,0.906234375
987000,6.25e-05,0.093125,0.9068125
988000,4.6875e-05,0.09271875,0.907234375
989000,4.6875e-05,0.0924375,0.907515625
990000,4.6875e-05,0.091921875,0.90803125
991000,4.6875e-05,0.09190625,0.908046875
992000,4.6875e-05,0.0921875,0.907765625
993000,4.6875e-05,0.092046875,0.90790625
994000,4.6875e-05,0.09178125,0.908171875
995000,4.6875e-05,0.091578125,0.908375
996000,4.6875e-05,0.091421875,0.90853125
997000,3.125e-05,0.09134375,0.908625
998000,3.125e-05,0.09109375,0.908875
999000,3.125e-05,0.0906875,0.90928125
1000000,3.125e-05,0.090359375,0.909609375
1001000,3.125e-05,0.0898125,0.91015625
1002000,3.125e-05,0.089453125,0.910515625
1003000,3.125e-05,0.089046875,0.910921875
