1000,0.331203125,0.334953125,0.33384375
2000,0.32821875,0.336625,0.33515625
3000,0.3259375,0.33790625,0.33615625
4000,0.322828125,0.33903125,0.338140625
5000,0.3203125,0.339359375,0.340328125
6000,0.317765625,0.34065625,0.341578125
7000,0.31465625,0.34234375,0.343
8000,0.312140625,0.343421875,0.3444375
9000,0.30921875,0.345359375,0.345421875
10000,0.30640625,0.346828125,0.346765625
11000,0.3038125,0.34796875,0.34821875
12000,0.301,0.349609375,0.349390625
13000,0.2983125,0.350734375,0.350953125
14000,0.295296875,0.3520625,0.352640625
15000,0.292765625,0.353234375,0.354
16000,0.289015625,0.355390625,0.35559375
17000,0.28603125,0.356515625,0.357453125
18000,0.283171875,0.357515625,0.3593125
19000,0.280125,0.358734375,0.361140625
20000,0.27753125,0.3595625,0.36290625
21000,0.2745,0.361125,0.364375
22000,0.271546875,0.362078125,0.366375
23000,0.26884375,0.363984375,0.367171875
24000,0.26596875,0.3653125,0.36871875
25000,0.263078125,0.366953125,0.36996875
26000,0.26028125,0.368125,0.37159375
27000,0.257828125,0.36934375,0.372828125
28000,0.255015625,0.37071875,0.374265625
29000,0.252203125,0.37228125,0.375515625
30000,0.249671875,0.3735,0.376828125
31000,0.24665625,0.375109375,0.378234375
32000,0.24415625,0.37596875,0.379875
33000,0.24175,0.37715625,0.38109375
34000,0.238796875,0.37865625,0.382546875
35000,0.2363125,0.379375,0.3843125
36000,0.23378125,0.38034375,0.385875
37000,0.231859375,0.38140625,0.386734375
38000,0.229421875,0.3829375,0.387640625
39000,0.226578125,0.384921875,0.3885
40000,0.22425,0.385328125,0.390421875
41000,0.221703125,0.386328125,0.39196875
42000,0.219109375,0.387578125,0.3933125
43000,0.217109375,0.388671875,0.39421875
44000,0.214625,0.3899375,0.3954375
45000,0.212078125,0.3916875,0.396234375
46000,0.2096875,0.392421875,0.397890625
47000,0.20746875,0.393625,0.39890625
48000,0.20509375,0.395078125,0.399828125
49000,0.202671875,0.39590625,0.401421875
50000,0.200359375,0.397,0.402640625
51000,0.19825,0.39809375,0.40365625
52000,0.196015625,0.399046875,0.4049375
53000,0.194015625,0.39953125,0.406453125
54000,0.19190625,0.400421875,0.407671875
55000,0.18971875,0.401421875,0.408859375
56000,0.187421875,0.402,0.410578125
57000,0.18503125,0.403484375,0.411484375
58000,0.182984375,0.4040625,0.412953125
59000,0.18084375,0.40496875,0.4141875
60000,0.178734375,0.405828125,0.4154375
61000,0.176609375,0.406921875,0.41646875
62000,0.1746875,0.4079375,0.417375
63000,0.173234375,0.407921875,0.41884375
64000,0.17109375,0.408953125,0.419953125
65000,0.16928125,0.4095,0.42121875
66000,0.166828125,0.41009375,0.423078125
67000,0.164921875,0.411421875,0.42365625
68000,0.1630625,0.412453125,0.424484375
69000,0.161234375,0.41315625,0.425609375
70000,0.159296875,0.414328125,0.426375
71000,0.157765625,0.414859375,0.427375
72000,0.15571875,0.415734375,0.428546875
73000,0.15346875,0.41759375,0.4289375
74000,0.1515,0.418328125,0.430171875
75000,0.150015625,0.419703125,0.43028125
76000,0.148171875,0.4203125,0.431515625
77000,0.146640625,0.421046875,0.4323125
78000,0.14478125,0.422390625,0.432828125
79000,0.14315625,0.42321875,0.433625
80000,0.141390625,0.424171875,0.4344375
81000,0.139953125,0.424703125,0.43534375
82000,0.138328125,0.425125,0.436546875
83000,0.136734375,0.425578125,0.4376875
84000,0.13496875,0.426796875,0.438234375
85000,0.13359375,0.42775,0.43865625
86000,0.131890625,0.42815625,0.439953125
87000,0.130359375,0.428609375,0.44103125
88000,0.128875,0.429296875,0.441828125
89000,0.127453125,0.42971875,0.442828125
90000,0.12565625,0.430921875,0.443421875
91000,0.124,0.431375,0.444625
92000,0.122390625,0.43240625,0.445203125
93000,0.120890625,0.4325,0.446609375
94000,0.119390625,0.433203125,0.44740625
95000,0.1180625,0.43353125,0.44840625
96000,0.117234375,0.433828125,0.4489375
97000,0.11590625,0.433578125,0.450515625
98000,0.114484375,0.434328125,0.4511875
99000,0.11315625,0.43490625,0.4519375
100000,0.112,0.435578125,0.452421875
101000,0.110703125,0.437015625,0.45228125
102000,0.1095,0.437078125,0.453421875
103000,0.10809375,0.437078125,0.454828125
104000,0.106734375,0.43765625,0.455609375
105000,0.105515625,0.43778125,0.456703125
106000,0.104421875,0.4383125,0.457265625
107000,0.10321875,0.438984375,0.457796875
108000,0.1020625,0.439828125,0.458109375
109000,0.100671875,0.440359375,0.45896875
110000,0.099359375,0.44096875,0.459671875
111000,0.09821875,0.441359375,0.460421875
112000,0.09690625,0.441765625,0.461328125
113000,0.095703125,0.4425625,0.461734375
114000,0.094609375,0.442796875,0.46259375
115000,0.09359375,0.443203125,0.463203125
116000,0.09259375,0.44403125,0.463375
117000,0.091734375,0.44446875,0.463796875
118000,0.090859375,0.445203125,0.4639375
119000,0.0898125,0.446390625,0.463796875
120000,0.08846875,0.4468125,0.46471875
121000,0.087328125,0.447265625,0.46540625
122000,0.086359375,0.447515625,0.466125
123000,0.085234375,0.44796875,0.466796875
124000,0.08415625,0.447734375,0.468109375
125000,0.083046875,0.448046875,0.46890625
126000,0.0820625,0.44859375,0.46934375
127000,0.081,0.449171875,0.469828125
128000,0.08021875,0.449015625,0.470765625
129000,0.078953125,0.448890625,0.47215625
130000,0.078015625,0.449015625,0.47296875
131000,0.07734375,0.4494375,0.47321875
132000,0.07596875,0.450359375,0.473671875
133000,0.07496875,0.45053125,0.4745
134000,0.07390625,0.451125,0.47496875
135000,0.073015625,0.451203125,0.47578125
136000,0.072,0.451171875,0.476828125
137000,0.071125,0.45165625,0.47721875
138000,0.070484375,0.451390625,0.478125
139000,0.069703125,0.451609375,0.4786875
140000,0.068453125,0.452015625,0.47953125
141000,0.067515625,0.45215625,0.480328125
142000,0.066625,0.45165625,0.48171875
143000,0.065765625,0.4516875,0.482546875
144000,0.06515625,0.4515,0.48334375
145000,0.06428125,0.452203125,0.483515625
146000,0.063375,0.4525,0.484125
147000,0.062515625,0.4530625,0.484421875
148000,0.061640625,0.4536875,0.484671875
149000,0.060828125,0.454078125,0.48509375
150000,0.06015625,0.454125,0.48571875
151000,0.05925,0.454375,0.486375
152000,0.05859375,0.454890625,0.486515625
153000,0.057796875,0.455171875,0.48703125
154000,0.057109375,0.455140625,0.48775
155000,0.056359375,0.455734375,0.48790625
156000,0.055640625,0.456375,0.487984375
157000,0.055171875,0.456796875,0.48803125
158000,0.054390625,0.4575625,0.488046875
159000,0.05384375,0.457921875,0.488234375
160000,0.053,0.45853125,0.48846875
161000,0.05253125,0.45840625,0.4890625
162000,0.05184375,0.458484375,0.489671875
163000,0.05121875,0.4584375,0.49034375
164000,0.050671875,0.458609375,0.49071875
165000,0.050046875,0.458828125,0.491125
166000,0.049453125,0.45903125,0.491515625
167000,0.048875,0.4593125,0.4918125
168000,0.048375,0.460078125,0.491546875
169000,0.0479375,0.45996875,0.49209375
170000,0.047390625,0.460015625,0.49259375
171000,0.046890625,0.459546875,0.4935625
172000,0.04621875,0.4595,0.49428125
173000,0.04575,0.46009375,0.49415625
174000,0.04528125,0.460234375,0.494484375
175000,0.04475,0.460453125,0.494796875
176000,0.0441875,0.460875,0.4949375
177000,0.043828125,0.460828125,0.49534375
178000,0.043375,0.4609375,0.4956875
179000,0.04275,0.4615625,0.4956875
180000,0.042296875,0.461421875,0.49628125
181000,0.041484375,0.46184375,0.496671875
182000,0.0410625,0.46159375,0.49734375
183000,0.040546875,0.462171875,0.49728125
184000,0.04,0.462609375,0.497390625
185000,0.039546875,0.463046875,0.49740625
186000,0.0390625,0.4635625,0.497375
187000,0.038671875,0.463953125,0.497375
188000,0.038109375,0.463984375,0.49790625
189000,0.03775,0.464125,0.498125
190000,0.03740625,0.4639375,0.49865625
191000,0.036890625,0.46453125,0.498578125
192000,0.036578125,0.46475,0.498671875
193000,0.036171875,0.46503125,0.498796875
194000,0.03575,0.465234375,0.499015625
195000,0.035375,0.4655,0.499125
196000,0.034890625,0.46621875,0.498890625
197000,0.0345625,0.46578125,0.49965625
198000,0.034234375,0.46625,0.499515625
199000,0.03378125,0.4661875,0.50003125
200000,0.033375,0.466484375,0.500140625
201000,0.033015625,0.466015625,0.50096875
202000,0.032671875,0.4660625,0.501265625
203000,0.03215625,0.466109375,0.501734375
204000,0.031796875,0.4665,0.501703125
205000,0.03128125,0.466671875,0.502046875
206000,0.0308125,0.467046875,0.502140625
207000,0.03040625,0.467296875,0.502296875
208000,0.030234375,0.467328125,0.5024375
209000,0.029875,0.46728125,0.50284375
210000,0.02946875,0.46740625,0.503125
211000,0.029234375,0.466984375,0.50378125
212000,0.0288125,0.4666875,0.5045
213000,0.028421875,0.467140625,0.5044375
214000,0.027984375,0.46746875,0.504546875
215000,0.02746875,0.467421875,0.505109375
216000,0.027046875,0.4670625,0.505890625
217000,0.026828125,0.4673125,0.505859375
218000,0.026453125,0.4675,0.506046875
219000,0.026171875,0.46753125,0.506296875
220000,0.025984375,0.467375,0.506640625
221000,0.02559375,0.466921875,0.507484375
222000,0.025203125,0.4670625,0.507734375
223000,0.024984375,0.467328125,0.5076875
224000,0.0246875,0.467796875,0.507515625
225000,0.02428125,0.467578125,0.508140625
226000,0.0238125,0.467640625,0.508546875
227000,0.0235,0.467359375,0.509140625
228000,0.023203125,0.46753125,0.509265625
229000,0.022953125,0.467734375,0.5093125
230000,0.02265625,0.468015625,0.509328125
231000,0.022390625,0.46828125,0.509328125
232000,0.022078125,0.46828125,0.509640625
233000,0.021875,0.468484375,0.509640625
234000,0.021734375,0.46859375,0.509671875
235000,0.021578125,0.46875,0.509671875
236000,0.02128125,0.468921875,0.509796875
237000,0.02103125,0.46946875,0.5095
238000,0.020828125,0.469828125,0.50934375
239000,0.0205625,0.470078125,0.509359375
240000,0.020265625,0.470515625,0.50921875
241000,0.019953125,0.4705625,0.509484375
242000,0.01978125,0.47121875,0.509
243000,0.019515625,0.471484375,0.509
244000,0.019328125,0.471265625,0.50940625
245000,0.0191875,0.470953125,0.509859375
246000,0.0189375,0.470765625,0.510296875
247000,0.01878125,0.4709375,0.51028125
248000,0.018640625,0.4711875,0.510171875
249000,0.018421875,0.471734375,0.50984375
250000,0.018359375,0.471453125,0.5101875
251000,0.018140625,0.471546875,0.5103125
252000,0.0180625,0.4715,0.5104375
253000,0.017828125,0.471421875,0.51075
254000,0.0176875,0.47175,0.5105625
255000,0.017546875,0.47165625,0.510796875
256000,0.0173125,0.471765625,0.510921875
257000,0.01715625,0.471796875,0.511046875
258000,0.016953125,0.471953125,0.51109375
259000,0.01678125,0.472,0.51121875
260000,0.016625,0.471890625,0.511484375
261000,0.016390625,0.4723125,0.511296875
262000,0.016203125,0.4729375,0.510859375
263000,0.01590625,0.472875,0.51121875
264000,0.01565625,0.472390625,0.511953125
265000,0.015484375,0.472515625,0.512
266000,0.01528125,0.472578125,0.512140625
267000,0.015078125,0.47284375,0.512078125
268000,0.014921875,0.472765625,0.5123125
269000,0.01465625,0.472734375,0.512609375
270000,0.0145,0.473109375,0.512390625
271000,0.01428125,0.473265625,0.512453125
272000,0.014109375,0.473,0.512890625
273000,0.014015625,0.4731875,0.512796875
274000,0.013765625,0.473734375,0.5125
275000,0.013625,0.47346875,0.51290625
276000,0.01340625,0.47321875,0.513375
277000,0.01325,0.4730625,0.5136875
278000,0.013,0.47315625,0.51384375
279000,0.012828125,0.4733125,0.513859375
280000,0.0126875,0.4734375,0.513875
281000,0.012484375,0.47353125,0.513984375
282000,0.01225,0.473546875,0.514203125
283000,0.012125,0.4731875,0.5146875
284000,0.0119375,0.473609375,0.514453125
285000,0.011859375,0.473734375,0.51440625
286000,0.011703125,0.473703125,0.51459375
287000,0.011546875,0.473484375,0.51496875
288000,0.01140625,0.4735625,0.51503125
289000,0.011265625,0.473453125,0.51528125
290000,0.010953125,0.473203125,0.51584375
291000,0.010828125,0.473203125,0.51596875
292000,0.01075,0.473234375,0.516015625
293000,0.0106875,0.473234375,0.516078125
294000,0.01059375,0.473984375,0.515421875
295000,0.01046875,0.4740625,0.51546875
296000,0.010375,0.47315625,0.51646875
297000,0.010234375,0.472796875,0.51696875
298000,0.010125,0.472609375,0.517265625
299000,0.01,0.47284375,0.51715625
300000,0.00978125,0.472859375,0.517359375
301000,0.009640625,0.472484375,0.517875
302000,0.00953125,0.472140625,0.518328125
303000,0.009359375,0.472171875,0.51846875
304000,0.00925,0.47190625,0.51884375
305000,0.009125,0.472375,0.5185
306000,0.0090625,0.472015625,0.518921875
307000,0.008984375,0.471734375,0.51928125
308000,0.0089375,0.471828125,0.519234375
309000,0.008859375,0.471984375,0.51915625
310000,0.008671875,0.471828125,0.5195
311000,0.008609375,0.471296875,0.52009375
312000,0.00846875,0.4715625,0.51996875
313000,0.008390625,0.47175,0.519859375
314000,0.00834375,0.47159375,0.5200625
315000,0.008328125,0.472,0.519671875
316000,0.0081875,0.471625,0.5201875
317000,0.008125,0.471734375,0.520140625
318000,0.007953125,0.471265625,0.52078125
319000,0.00790625,0.471890625,0.520203125
320000,0.00784375,0.47171875,0.5204375
321000,0.007765625,0.471203125,0.52103125
322000,0.0076875,0.4716875,0.520625
323000,0.007578125,0.471515625,0.52090625
324000,0.00746875,0.471625,0.52090625
325000,0.007296875,0.47209375,0.520609375
326000,0.00721875,0.471875,0.52090625
327000,0.0071875,0.471515625,0.521296875
328000,0.007140625,0.471171875,0.5216875
329000,0.007125,0.471203125,0.521671875
330000,0.00690625,0.4720625,0.52103125
331000,0.00690625,0.47165625,0.5214375
332000,0.0068125,0.4715,0.5216875
333000,0.00675,0.4711875,0.5220625
334000,0.006625,0.471140625,0.522234375
335000,0.0065625,0.471609375,0.521828125
336000,0.006515625,0.471421875,0.5220625
337000,0.0065,0.471359375,0.522140625
338000,0.0064375,0.470984375,0.522578125
339000,0.006296875,0.47053125,0.523171875
340000,0.006265625,0.470328125,0.52340625
341000,0.006171875,0.469953125,0.523875
342000,0.006109375,0.46975,0.524140625
343000,0.005984375,0.470296875,0.52371875
344000,0.005859375,0.47065625,0.523484375
345000,0.005796875,0.4714375,0.522765625
346000,0.005734375,0.471203125,0.5230625
347000,0.005640625,0.471359375,0.523
348000,0.005578125,0.471375,0.523046875
349000,0.00553125,0.471546875,0.522921875
350000,0.005484375,0.47140625,0.523109375
351000,0.005453125,0.471359375,0.5231875
352000,0.00540625,0.47128125,0.5233125
353000,0.005359375,0.471375,0.523265625
354000,0.005296875,0.471171875,0.52353125
355000,0.005265625,0.471265625,0.52346875
356000,0.005171875,0.471234375,0.52359375
357000,0.005046875,0.47165625,0.523296875
358000,0.00496875,0.4720625,0.52296875
359000,0.0049375,0.472015625,0.523046875
360000,0.00490625,0.472078125,0.523015625
361000,0.00484375,0.471671875,0.523484375
362000,0.00475,0.471875,0.523375
363000,0.00465625,0.47278125,0.5225625
364000,0.004578125,0.47284375,0.522578125
365000,0.004578125,0.47209375,0.523328125
366000,0.00446875,0.471796875,0.523734375
367000,0.004421875,0.47159375,0.523984375
368000,0.004421875,0.471828125,0.52375
369000,0.004359375,0.47184375,0.523796875
370000,0.004328125,0.471171875,0.5245
371000,0.004296875,0.47171875,0.523984375
372000,0.004234375,0.4718125,0.523953125
373000,0.00421875,0.4724375,0.52334375
374000,0.004171875,0.4724375,0.523390625
375000,0.004140625,0.4728125,0.523046875
376000,0.004125,0.47284375,0.52303125
377000,0.00403125,0.473,0.52296875
378000,0.003984375,0.47303125,0.522984375
379000,0.00396875,0.472796875,0.523234375
380000,0.003953125,0.472765625,0.52328125
381000,0.003875,0.4728125,0.5233125
382000,0.00384375,0.4725,0.52365625
383000,0.003796875,0.47228125,0.523921875
384000,0.003765625,0.472171875,0.5240625
385000,0.003703125,0.47203125,0.524265625
386000,0.003625,0.47171875,0.52465625
387000,0.003546875,0.471125,0.525328125
388000,0.0035,0.471234375,0.525265625
389000,0.003484375,0.471234375,0.52528125
390000,0.00340625,0.471375,0.52521875
391000,0.003390625,0.471625,0.524984375
392000,0.003375,0.47159375,0.52503125
393000,0.00334375,0.4715625,0.52509375
394000,0.00334375,0.47171875,0.5249375
395000,0.00334375,0.471625,0.52503125
396000,0.003328125,0.4715625,0.525109375
397000,0.0033125,0.470859375,0.525828125
398000,0.00325,0.47096875,0.52578125
399000,0.00325,0.470890625,0.525859375
400000,0.003234375,0.47065625,0.526109375
401000,0.003140625,0.47028125,0.526578125
402000,0.003171875,0.469765625,0.5270625
403000,0.003125,0.470078125,0.526796875
404000,0.0030625,0.470125,0.5268125
405000,0.002984375,0.470265625,0.52675
406000,0.0029375,0.470109375,0.526953125
407000,0.00284375,0.47034375,0.5268125
408000,0.00275,0.47028125,0.52696875
409000,0.002703125,0.46984375,0.527453125
410000,0.002640625,0.469796875,0.5275625
411000,0.002609375,0.469984375,0.52740625
412000,0.00259375,0.46965625,0.52775
413000,0.0025625,0.469609375,0.527828125
414000,0.002578125,0.4696875,0.527734375
415000,0.0025625,0.469953125,0.527484375
416000,0.002515625,0.46971875,0.527765625
417000,0.0025,0.469734375,0.527765625
418000,0.002484375,0.4693125,0.528203125
419000,0.002484375,0.469171875,0.52834375
420000,0.002453125,0.4689375,0.528609375
421000,0.00246875,0.468921875,0.528609375
422000,0.00240625,0.46915625,0.5284375
423000,0.002375,0.46928125,0.52834375
424000,0.00234375,0.469421875,0.528234375
425000,0.0023125,0.469453125,0.528234375
426000,0.00228125,0.46909375,0.528625
427000,0.002296875,0.4693125,0.528390625
428000,0.00225,0.469375,0.528375
429000,0.002265625,0.46959375,0.528140625
430000,0.002203125,0.469203125,0.52859375
431000,0.00221875,0.469,0.52878125
432000,0.002171875,0.46921875,0.528609375
433000,0.00215625,0.46934375,0.5285
434000,0.002171875,0.469484375,0.52834375
435000,0.002140625,0.469296875,0.5285625
436000,0.002125,0.469125,0.52875
437000,0.00209375,0.469828125,0.528078125
438000,0.00203125,0.46946875,0.5285
439000,0.002015625,0.46925,0.528734375
440000,0.00196875,0.46909375,0.5289375
441000,0.001953125,0.468890625,0.52915625
442000,0.00190625,0.46853125,0.5295625
443000,0.001921875,0.469,0.529078125
444000,0.001921875,0.469265625,0.5288125
445000,0.00190625,0.46915625,0.5289375
446000,0.001875,0.469,0.529125
447000,0.001828125,0.468390625,0.52978125
448000,0.001875,0.467921875,0.530203125
449000,0.0018125,0.46803125,0.53015625
450000,0.001828125,0.467984375,0.5301875
451000,0.00178125,0.467421875,0.530796875
452000,0.00178125,0.467390625,0.530828125
453000,0.00175,0.467328125,0.530921875
454000,0.00171875,0.46678125,0.5315
455000,0.001703125,0.4665,0.531796875
456000,0.0016875,0.467140625,0.531171875
457000,0.00165625,0.46728125,0.5310625
458000,0.001578125,0.46684375,0.531578125
459000,0.001578125,0.466625,0.531796875
460000,0.001515625,0.466234375,0.53225
461000,0.00153125,0.466421875,0.532046875
462000,0.001515625,0.466203125,0.53228125
463000,0.001453125,0.466109375,0.5324375
464000,0.001421875,0.466296875,0.53228125
465000,0.001375,0.4658125,0.5328125
466000,0.00134375,0.46578125,0.532875
467000,0.001328125,0.465453125,0.53321875
468000,0.0013125,0.46553125,0.53315625
469000,0.001296875,0.46496875,0.533734375
470000,0.001296875,0.465109375,0.53359375
471000,0.001296875,0.465578125,0.533125
472000,0.00125,0.46534375,0.53340625
473000,0.00125,0.46509375,0.53365625
474000,0.00121875,0.465125,0.53365625
475000,0.00121875,0.46534375,0.5334375
476000,0.00121875,0.46534375,0.5334375
477000,0.0011875,0.465828125,0.532984375
478000,0.001171875,0.46528125,0.533546875
479000,0.001171875,0.465375,0.533453125
480000,0.001171875,0.464453125,0.534375
481000,0.001140625,0.464265625,0.53459375
482000,0.001140625,0.464203125,0.53465625
483000,0.001125,0.464015625,0.534859375
484000,0.001125,0.464625,0.53425
485000,0.001109375,0.46525,0.533640625
486000,0.00109375,0.465140625,0.533765625
487000,0.001046875,0.46521875,0.533734375
488000,0.00103125,0.465328125,0.533640625
489000,0.001015625,0.46540625,0.533578125
490000,0.001,0.466015625,0.532984375
491000,0.000984375,0.46575,0.533265625
492000,0.00096875,0.46575,0.53328125
493000,0.000984375,0.46575,0.533265625
494000,0.000984375,0.465734375,0.53328125
495000,0.000984375,0.465203125,0.5338125
496000,0.000984375,0.46490625,0.534109375
497000,0.00096875,0.46478125,0.53425
498000,0.000953125,0.464765625,0.53428125
499000,0.00090625,0.46471875,0.534375
500000,0.000890625,0.4645,0.534609375
501000,0.00084375,0.464515625,0.534640625
502000,0.000828125,0.4641875,0.534984375
503000,0.000828125,0.464421875,0.53475
504000,0.0008125,0.4648125,0.534375
505000,0.00078125,0.465203125,0.534015625
506000,0.00078125,0.465203125,0.534015625
507000,0.000796875,0.465265625,0.5339375
508000,0.00078125,0.46478125,0.5344375
509000,0.000765625,0.4645,0.534734375
510000,0.00075,0.4643125,0.5349375
511000,0.000734375,0.4641875,0.535078125
512000,0.000734375,0.46509375,0.534171875
513000,0.000734375,0.46475,0.534515625
514000,0.000734375,0.464515625,0.53475
515000,0.00075,0.46478125,0.53446875
516000,0.00071875,0.4646875,0.53459375
517000,0.00071875,0.464546875,0.534734375
518000,0.00071875,0.4640625,0.53521875
519000,0.00071875,0.46409375,0.5351875
520000,0.00071875,0.463390625,0.535890625
521000,0.00071875,0.46378125,0.5355
522000,0.00071875,0.46375,0.53553125
523000,0.00065625,0.463640625,0.535703125
524000,0.000640625,0.463515625,0.53584375
525000,0.000640625,0.463375,0.535984375
526000,0.000640625,0.463421875,0.5359375
527000,0.000640625,0.463015625,0.53634375
528000,0.000625,0.463375,0.536
529000,0.000609375,0.46315625,0.536234375
530000,0.00059375,0.463296875,0.536109375
531000,0.0005625,0.46340625,0.53603125
532000,0.0005625,0.463109375,0.536328125
533000,0.000546875,0.4625,0.536953125
534000,0.000546875,0.46278125,0.536671875
535000,0.0005625,0.46259375,0.53684375
536000,0.000546875,0.462375,0.537078125
537000,0.000546875,0.462328125,0.537125
538000,0.00053125,0.46284375,0.536625
539000,0.00053125,0.463078125,0.536390625
540000,0.00053125,0.46271875,0.53675
541000,0.0005,0.462875,0.536625
542000,0.0005,0.46259375,0.53690625
543000,0.000484375,0.462625,0.536890625
544000,0.000453125,0.46259375,0.536953125
545000,0.000453125,0.462703125,0.53684375
546000,0.0004375,0.462796875,0.536765625
547000,0.0004375,0.463046875,0.536515625
548000,0.000453125,0.462890625,0.53665625
549000,0.000453125,0.462453125,0.53709375
550000,0.000453125,0.46175,0.537796875
551000,0.000453125,0.461328125,0.53821875
552000,0.000453125,0.4614375,0.538109375
553000,0.000453125,0.462171875,0.537375
554000,0.000453125,0.46215625,0.537390625
555000,0.000421875,0.461796875,0.53778125
556000,0.00040625,0.461484375,0.538109375
557000,0.00040625,0.46153125,0.5380625
558000,0.00040625,0.462,0.53759375
559000,0.00040625,0.461875,0.53771875
560000,0.00040625,0.462171875,0.537421875
561000,0.000390625,0.461828125,0.53778125
562000,0.000390625,0.460859375,0.53875
563000,0.000390625,0.460640625,0.53896875
564000,0.000390625,0.46059375,0.539015625
565000,0.000375,0.46028125,0.53934375
566000,0.000375,0.460078125,0.539546875
567000,0.000375,0.46009375,0.53953125
568000,0.000375,0.460015625,0.539609375
569000,0.000375,0.460140625,0.539484375
570000,0.000375,0.460265625,0.539359375
571000,0.000375,0.46021875,0.53940625
572000,0.000375,0.46065625,0.53896875
573000,0.000375,0.460421875,0.539203125
574000,0.000359375,0.4601875,0.539453125
575000,0.000359375,0.460015625,0.539625
576000,0.000359375,0.45996875,0.539671875
577000,0.000359375,0.45959375,0.540046875
578000,0.000359375,0.459671875,0.53996875
579000,0.000359375,0.459296875,0.54034375
580000,0.00034375,0.4589375,0.54071875
581000,0.00034375,0.45840625,0.54125
582000,0.00034375,0.45903125,0.540625
583000,0.00034375,0.458890625,0.540765625
584000,0.00034375,0.459328125,0.540328125
585000,0.000359375,0.459359375,0.54028125
586000,0.000359375,0.459265625,0.540375
587000,0.00034375,0.4591875,0.54046875
588000,0.000328125,0.459171875,0.5405
589000,0.000328125,0.458890625,0.54078125
590000,0.000328125,0.4593125,0.540359375
591000,0.000328125,0.45915625,0.540515625
592000,0.000296875,0.458890625,0.5408125
593000,0.000296875,0.458765625,0.5409375
594000,0.000296875,0.458625,0.541078125
595000,0.000296875,0.45859375,0.541109375
596000,0.000296875,0.459171875,0.54053125
597000,0.000265625,0.459390625,0.54034375
598000,0.00025,0.459203125,0.540546875
599000,0.00025,0.459546875,0.540203125
600000,0.00021875,0.459765625,0.540015625
601000,0.000234375,0.45984375,0.539921875
602000,0.000234375,0.459328125,0.5404375
603000,0.00021875,0.45903125,0.54075
604000,0.00021875,0.45865625,0.541125
605000,0.000203125,0.458109375,0.5416875
606000,0.000203125,0.458109375,0.5416875
607000,0.000203125,0.458421875,0.541375
608000,0.00021875,0.458640625,0.541140625
609000,0.00021875,0.4585625,0.54121875
610000,0.00021875,0.458453125,0.541328125
611000,0.000203125,0.458171875,0.541625
612000,0.000203125,0.458046875,0.54175
613000,0.000203125,0.45825,0.541546875
614000,0.000203125,0.458375,0.541421875
615000,0.000203125,0.4585,0.541296875
616000,0.000203125,0.458625,0.541171875
617000,0.000203125,0.458484375,0.5413125
618000,0.000203125,0.458421875,0.541375
619000,0.000203125,0.4583125,0.541484375
620000,0.000203125,0.4583125,0.541484375
621000,0.000203125,0.458453125,0.54134375
622000,0.000171875,0.457953125,0.541875
623000,0.0001875,0.458421875,0.541390625
624000,0.0001875,0.4583125,0.5415
625000,0.0001875,0.458734375,0.541078125
626000,0.0001875,0.458421875,0.541390625
627000,0.0001875,0.458421875,0.541390625
628000,0.0001875,0.4585,0.5413125
629000,0.0001875,0.458234375,0.541578125
630000,0.0001875,0.458265625,0.541546875
631000,0.0001875,0.45859375,0.54121875
632000,0.0001875,0.459484375,0.540328125
633000,0.0001875,0.45975,0.5400625
634000,0.0001875,0.459703125,0.540109375
635000,0.0001875,0.459265625,0.540546875
636000,0.0001875,0.45940625,0.54040625
637000,0.0001875,0.459640625,0.540171875
638000,0.0001875,0.4594375,0.540375
639000,0.0001875,0.459015625,0.540796875
640000,0.0001875,0.45875,0.5410625
641000,0.0001875,0.458484375,0.541328125
642000,0.0001875,0.4581875,0.541625
643000,0.0001875,0.457859375,0.541953125
644000,0.0001875,0.457546875,0.542265625
645000,0.0001875,0.45778125,0.54203125
646000,0.000171875,0.457734375,0.54209375
647000,0.000171875,0.45725,0.542578125
648000,0.000171875,0.45715625,0.542671875
649000,0.000171875,0.45696875,0.542859375
650000,0.000171875,0.4570625,0.542765625
651000,0.000171875,0.45721875,0.542609375
652000,0.00015625,0.4569375,0.54290625
653000,0.00015625,0.4568125,0.54303125
654000,0.00015625,0.456421875,0.543421875
655000,0.000140625,0.45625,0.543609375
656000,0.000140625,0.456234375,0.543625
657000,0.000140625,0.45634375,0.543515625
658000,0.000140625,0.45575,0.544109375
659000,0.000125,0.455671875,0.544203125
660000,0.000125,0.455390625,0.544484375
661000,0.000125,0.455421875,0.544453125
662000,0.000125,0.455625,0.54425
663000,0.000125,0.455234375,0.544640625
664000,0.000125,0.45525,0.544625
665000,0.000125,0.454953125,0.544921875
666000,0.000125,0.45521875,0.54465625
667000,0.000125,0.454734375,0.545140625
668000,0.000125,0.4545,0.545375
669000,0.000125,0.454046875,0.545828125
670000,0.000125,0.45403125,0.54584375
671000,0.000125,0.454078125,0.545796875
672000,0.000125,0.454171875,0.545703125
673000,0.000109375,0.453921875,0.54596875
674000,0.000109375,0.4535625,0.546328125
675000,0.000109375,0.453546875,0.54634375
676000,0.000109375,0.45328125,0.546609375
677000,0.000109375,0.45346875,0.546421875
678000,0.000109375,0.45384375,0.546046875
679000,0.000109375,0.454078125,0.5458125
680000,0.000109375,0.4539375,0.545953125
681000,0.000109375,0.453484375,0.54640625
682000,9.375e-05,0.453859375,0.546046875
683000,7.8125e-05,0.453921875,0.546
684000,6.25e-05,0.453609375,0.546328125
685000,6.25e-05,0.453375,0.5465625
686000,6.25e-05,0.4526875,0.54725
687000,6.25e-05,0.45265625,0.54728125
688000,6.25e-05,0.452703125,0.547234375
689000,6.25e-05,0.452953125,0.546984375
690000,6.25e-05,0.452640625,0.547296875
691000,6.25e-05,0.452453125,0.547484375
692000,6.25e-05,0.453015625,0.546921875
693000,6.25e-05,0.452765625,0.547171875
694000,6.25e-05,0.452703125,0.547234375
695000,6.25e-05,0.4525,0.5474375
696000,4.6875e-05,0.452359375,0.54759375
697000,4.6875e-05,0.45240625,0.547546875
698000,4.6875e-05,0.452328125,0.547625
699000,4.6875e-05,0.45228125,0.547671875
700000,4.6875e-05,0.45159375,0.548359375
701000,4.6875e-05,0.451765625,0.5481875
702000,4.6875e-05,0.45184375,0.548109375
703000,4.6875e-05,0.451671875,0.54828125
704000,4.6875e-05,0.451375,0.548578125
705000,4.6875e-05,0.45103125,0.548921875
706000,4.6875e-05,0.450671875,0.54928125
707000,4.6875e-05,0.450953125,0.549
708000,3.125e-05,0.450875,0.54909375
709000,3.125e-05,0.4501875,0.54978125
710000,3.125e-05,0.450484375,0.549484375
711000,3.125e-05,0.450953125,0.549015625
712000,3.125e-05,0.45084375,0.549125
713000,3.125e-05,0.45090625,0.5490625
714000,3.125e-05,0.4508125,0.54915625
715000,3.125e-05,0.4510625,0.54890625
716000,3.125e-05,0.45096875,0.549
717000,3.125e-05,0.4508125,0.54915625
718000,3.125e-05,0.45075,0.54921875
719000,3.125e-05,0.45040625,0.5495625
720000,3.125e-05,0.450015625,0.549953125
721000,3.125e-05,0.450140625,0.549828125
722000,1.5625e-05,0.44965625,0.550328125
723000,1.5625e-05,0.44896875,0.551015625
724000,1.5625e-05,0.448765625,0.55121875
725000,1.5625e-05,0.448640625,0.55134375
726000,1.5625e-05,0.449328125,0.55065625
727000,1.5625e-05,0.44909375,0.550890625
728000,0.0,0.44934375,0.55065625
729000,0.0,0.4494375,0.5505625
730000,0.0,0.449,0.551
731000,0.0,0.44925,0.55075
732000,0.0,0.449234375,0.550765625
733000,0.0,0.44825,0.55175
734000,0.0,0.44859375,0.55140625
735000,0.0,0.448484375,0.551515625
736000,0.0,0.448515625,0.551484375
737000,0.0,0.44896875,0.55103125
738000,0.0,0.448703125,0.551296875
739000,0.0,0.448796875,0.551203125
740000,0.0,0.448234375,0.551765625
741000,0.0,0.4479375,0.5520625
742000,0.0,0.44746875,0.55253125
743000,0.0,0.447859375,0.552140625
744000,0.0,0.44796875,0.55203125
745000,0.0,0.447953125,0.552046875
746000,0.0,0.447953125,0.552046875
747000,0.0,0.448484375,0.551515625
748000,0.0,0.447984375,0.552015625
749000,0.0,0.448265625,0.551734375
750000,0.0,0.448203125,0.551796875
751000,0.0,0.447875,0.552125
752000,0.0,0.447421875,0.552578125
753000,0.0,0.447125,0.552875
754000,0.0,0.447359375,0.552640625
755000,0.0,0.447609375,0.552390625
756000,0.0,0.446984375,0.553015625
757000,0.0,0.44703125,0.55296875
758000,0.0,0.44653125,0.55346875
759000,0.0,0.446328125,0.553671875
760000,0.0,0.445890625,0.554109375
761000,0.0,0.445921875,0.554078125
762000,0.0,0.44621875,0.55378125
763000,0.0,0.445921875,0.554078125
764000,0.0,0.445484375,0.554515625
765000,0.0,0.44525,0.55475
766000,0.0,0.44503125,0.55496875
767000,0.0,0.4444375,0.5555625
768000,0.0,0.44471875,0.55528125
769000,0.0,0.44515625,0.55484375
770000,0.0,0.445515625,0.554484375
771000,0.0,0.445859375,0.554140625
772000,0.0,0.445421875,0.554578125
773000,0.0,0.44496875,0.55503125
774000,0.0,0.444765625,0.555234375
775000,0.0,0.444859375,0.555140625
776000,0.0,0.444890625,0.555109375
777000,0.0,0.444953125,0.555046875
778000,0.0,0.44478125,0.55521875
779000,0.0,0.444765625,0.555234375
780000,0.0,0.4444375,0.5555625
781000,0.0,0.4443125,0.5556875
782000,0.0,0.444171875,0.555828125
783000,0.0,0.44415625,0.55584375
784000,0.0,0.44390625,0.55609375
785000,0.0,0.443703125,0.556296875
786000,0.0,0.443765625,0.556234375
787000,0.0,0.443578125,0.556421875
788000,0.0,0.443984375,0.556015625
789000,0.0,0.4435625,0.5564375
790000,0.0,0.443515625,0.556484375
791000,0.0,0.443515625,0.556484375
792000,0.0,0.4431875,0.5568125
793000,0.0,0.443109375,0.556890625
794000,0.0,0.4434375,0.5565625
795000,0.0,0.44296875,0.55703125
796000,0.0,0.442640625,0.557359375
797000,0.0,0.44215625,0.55784375
798000,0.0,0.44246875,0.55753125
799000,0.0,0.442046875,0.557953125
800000,0.0,0.4411875,0.5588125
801000,0.0,0.44146875,0.55853125
802000,0.0,0.441078125,0.558921875
803000,0.0,0.441328125,0.558671875
804000,0.0,0.440734375,0.559265625
805000,0.0,0.44053125,0.55946875
806000,0.0,0.439921875,0.560078125
807000,0.0,0.440125,0.559875
808000,0.0,0.43971875,0.56028125
809000,0.0,0.4398125,0.5601875
810000,0.0,0.440125,0.559875
811000,0.0,0.440203125,0.559796875
812000,0.0,0.44,0.56
813000,0.0,0.44,0.56
814000,0.0,0.43984375,0.56015625
815000,0.0,0.4393125,0.5606875
816000,0.0,0.4391875,0.5608125
817000,0.0,0.43953125,0.56046875
818000,0.0,0.4394375,0.5605625
819000,0.0,0.43890625,0.56109375
820000,0.0,0.438859375,0.561140625
821000,0.0,0.43884375,0.56115625
822000,0.0,0.43865625,0.56134375
823000,0.0,0.43834375,0.56165625
824000,0.0,0.43784375,0.56215625
825000,0.0,0.43759375,0.56240625
826000,0.0,0.436875,0.563125
827000,0.0,0.4365625,0.5634375
828000,0.0,0.436515625,0.563484375
829000,0.0,0.437390625,0.562609375
830000,0.0,0.437171875,0.562828125
831000,0.0,0.437,0.563
832000,0.0,0.437171875,0.562828125
833000,0.0,0.436875,0.563125
834000,0.0,0.4366875,0.5633125
835000,0.0,0.43696875,0.56303125
836000,0.0,0.436953125,0.563046875
837000,0.0,0.43703125,0.56296875
838000,0.0,0.43709375,0.56290625
839000,0.0,0.43703125,0.56296875
840000,0.0,0.43675,0.56325
841000,0.0,0.43665625,0.56334375
842000,0.0,0.436359375,0.563640625
843000,0.0,0.435953125,0.564046875
844000,0.0,0.4365625,0.5634375
845000,0.0,0.4365,0.5635
846000,0.0,0.436515625,0.563484375
847000,0.0,0.436609375,0.563390625
848000,0.0,0.436578125,0.563421875
849000,0.0,0.436375,0.563625
850000,0.0,0.43628125,0.56371875
851000,0.0,0.436328125,0.563671875
852000,0.0,0.436203125,0.563796875
853000,0.0,0.435796875,0.564203125
854000,0.0,0.435515625,0.564484375
855000,0.0,0.435578125,0.564421875
856000,0.0,0.435921875,0.564078125
857000,0.0,0.43603125,0.56396875
858000,0.0,0.43625,0.56375
859000,0.0,0.43575,0.56425
860000,0.0,0.435171875,0.564828125
861000,0.0,0.435234375,0.564765625
862000,0.0,0.43503125,0.56496875
863000,0.0,0.434796875,0.565203125
864000,0.0,0.434640625,0.565359375
865000,0.0,0.434828125,0.565171875
866000,0.0,0.434984375,0.565015625
867000,0.0,0.435203125,0.564796875
868000,0.0,0.43528125,0.56471875
869000,0.0,0.435,0.565
870000,0.0,0.435125,0.564875
871000,0.0,0.435125,0.564875
872000,0.0,0.434609375,0.565390625
873000,0.0,0.43440625,0.56559375
874000,0.0,0.43446875,0.56553125
875000,0.0,0.434140625,0.565859375
876000,0.0,0.433796875,0.566203125
877000,0.0,0.43334375,0.56665625
878000,0.0,0.43303125,0.56696875
879000,0.0,0.433078125,0.566921875
880000,0.0,0.4330625,0.5669375
881000,0.0,0.432953125,0.567046875
882000,0.0,0.433015625,0.566984375
883000,0.0,0.432859375,0.567140625
884000,0.0,0.432875,0.567125
885000,0.0,0.432890625,0.567109375
886000,0.0,0.432453125,0.567546875
887000,0.0,0.432375,0.567625
888000,0.0,0.432390625,0.567609375
889000,0.0,0.43225,0.56775
890000,0.0,0.43221875,0.56778125
891000,0.0,0.4318125,0.5681875
892000,0.0,0.431703125,0.568296875
893000,0.0,0.431296875,0.568703125
894000,0.0,0.4315625,0.5684375
895000,0.0,0.431265625,0.568734375
896000,0.0,0.43159375,0.56840625
897000,0.0,0.431546875,0.568453125
898000,0.0,0.43103125,0.56896875
899000,0.0,0.431078125,0.568921875
900000,0.0,0.43065625,0.56934375
901000,0.0,0.4300625,0.5699375
902000,0.0,0.42925,0.57075
903000,0.0,0.429375,0.570625
904000,0.0,0.429453125,0.570546875
905000,0.0,0.429140625,0.570859375
906000,0.0,0.429140625,0.570859375
907000,0.0,0.4290625,0.5709375
908000,0.0,0.42934375,0.57065625
909000,0.0,0.429140625,0.570859375
910000,0.0,0.428890625,0.571109375
911000,0.0,0.428734375,0.571265625
912000,0.0,0.42903125,0.57096875
913000,0.0,0.42853125,0.57146875
914000,0.0,0.428265625,0.571734375
915000,0.0,0.4284375,0.5715625
916000,0.0,0.428234375,0.571765625
917000,0.0,0.42828125,0.57171875
918000,0.0,0.428140625,0.571859375
919000,0.0,0.427734375,0.572265625
920000,0.0,0.42759375,0.57240625
921000,0.0,0.427203125,0.572796875
922000,0.0,0.427421875,0.572578125
923000,0.0,0.42734375,0.57265625
924000,0.0,0.427484375,0.572515625
925000,0.0,0.427765625,0.572234375
926000,0.0,0.4276875,0.5723125
927000,0.0,0.427,0.573
928000,0.0,0.427078125,0.572921875
929000,0.0,0.42721875,0.57278125
930000,0.0,0.427125,0.572875
931000,0.0,0.4269375,0.5730625
932000,0.0,0.426921875,0.573078125
933000,0.0,0.427265625,0.572734375
934000,0.0,0.427,0.573
935000,0.0,0.4263125,0.5736875
936000,0.0,0.42675,0.57325
937000,0.0,0.42603125,0.57396875
938000,0.0,0.425578125,0.574421875
939000,0.0,0.42478125,0.57521875
940000,0.0,0.424578125,0.575421875
941000,0.0,0.424640625,0.575359375
942000,0.0,0.4245,0.5755
943000,0.0,0.4249375,0.5750625
944000,0.0,0.424828125,0.575171875
945000,0.0,0.424796875,0.575203125
946000,0.0,0.424703125,0.575296875
947000,0.0,0.424546875,0.575453125
948000,0.0,0.4245,0.5755
949000,0.0,0.42446875,0.57553125
950000,0.0,0.424390625,0.575609375
951000,0.0,0.4241875,0.5758125
952000,0.0,0.4243125,0.5756875
953000,0.0,0.424375,0.575625
954000,0.0,0.4240625,0.5759375
955000,0.0,0.424015625,0.575984375
956000,0.0,0.42409375,0.57590625
957000,0.0,0.423828125,0.576171875
958000,0.0,0.423671875,0.576328125
959000,0.0,0.423765625,0.576234375
960000,0.0,0.42371875,0.57628125
961000,0.0,0.423546875,0.576453125
962000,0.0,0.42375,0.57625
963000,0.0,0.423265625,0.576734375
964000,0.0,0.423375,0.576625
965000,0.0,0.4235625,0.5764375
966000,0.0,0.42365625,0.57634375
967000,0.0,0.422921875,0.577078125
968000,0.0,0.422625,0.577375
969000,0.0,0.422296875,0.577703125
970000,0.0,0.421984375,0.578015625
971000,0.0,0.421515625,0.578484375
972000,0.0,0.42190625,0.57809375
973000,0.0,0.4220625,0.5779375
974000,0.0,0.4223125,0.5776875
975000,0.0,0.4223125,0.5776875
976000,0.0,0.421875,0.578125
977000,0.0,0.421625,0.578375
978000,0.0,0.421625,0.578375
979000,0.0,0.421796875,0.578203125
980000,0.0,0.42178125,0.57821875
981000,0.0,0.4216875,0.5783125
982000,0.0,0.421921875,0.578078125
983000,0.0,0.421703125,0.578296875
984000,0.0,0.42196875,0.57803125
985000,0.0,0.4211875,0.5788125
986000,0.0,0.421109375,0.578890625
987000,0.0,0.421015625,0.578984375
988000,0.0,0.4205625,0.5794375
989000,0.0,0.420453125,0.579546875
990000,0.0,0.42009375,0.57990625
991000,0.0,0.420140625,0.579859375
992000,0.0,0.41996875,0.58003125
993000,0.0,0.419609375,0.580390625
994000,0.0,0.419546875,0.580453125
995000,0.0,0.4190625,0.5809375
996000,0.0,0.4188125,0.5811875
997000,0.0,0.41809375,0.58190625
998000,0.0,0.418140625,0.581859375
999000,0.0,0.417890625,0.582109375
1000000,0.0,0.41775,0.58225
1001000,0.0,0.417328125,0.582671875
1002000,0.0,0.41696875,0.58303125
1003000,0.0,0.41696875,0.58303125
1004000,0.0,0.41684375,0.58315625
1005000,0.0,0.4166875,0.5833125
1006000,0.0,0.41715625,0.58284375
1007000,0.0,0.417015625,0.582984375
1008000,0.0,0.417109375,0.582890625
1009000,0.0,0.4171875,0.5828125
1010000,0.0,0.417015625,0.582984375
1011000,0.0,0.416859375,0.583140625
1012000,0.0,0.41753125,0.58246875
1013000,0.0,0.4171875,0.5828125
1014000,0.0,0.417453125,0.582546875
1015000,0.0,0.417359375,0.582640625
1016000,0.0,0.4173125,0.5826875
1017000,0.0,0.417,0.583
1018000,0.0,0.41671875,0.58328125
1019000,0.0,0.41609375,0.58390625
1020000,0.0,0.41578125,0.58421875
1021000,0.0,0.41571875,0.58428125
1022000,0.0,0.415734375,0.584265625
1023000,0.0,0.415671875,0.584328125
1024000,0.0,0.415875,0.584125
1025000,0.0,0.415359375,0.584640625
1026000,0.0,0.415,0.585
1027000,0.0,0.415171875,0.584828125
1028000,0.0,0.415203125,0.584796875
1029000,0.0,0.415953125,0.584046875
1030000,0.0,0.415546875,0.584453125
1031000,0.0,0.415625,0.584375
1032000,0.0,0.415703125,0.584296875
1033000,0.0,0.4155625,0.5844375
1034000,0.0,0.415375,0.584625
1035000,0.0,0.4149375,0.5850625
1036000,0.0,0.41496875,0.58503125
1037000,0.0,0.41515625,0.58484375
1038000,0.0,0.41484375,0.58515625
1039000,0.0,0.41440625,0.58559375
1040000,0.0,0.41390625,0.58609375
1041000,0.0,0.4141875,0.5858125
1042000,0.0,0.413390625,0.586609375
1043000,0.0,0.413625,0.586375
1044000,0.0,0.41378125,0.58621875
1045000,0.0,0.4136875,0.5863125
1046000,0.0,0.41384375,0.58615625
1047000,0.0,0.413484375,0.586515625
1048000,0.0,0.413328125,0.586671875
1049000,0.0,0.41296875,0.58703125
1050000,0.0,0.413109375,0.586890625
1051000,0.0,0.413265625,0.586734375
1052000,0.0,0.413171875,0.586828125
1053000,0.0,0.41296875,0.58703125
1054000,0.0,0.413015625,0.586984375
1055000,0.0,0.41275,0.58725
1056000,0.0,0.412921875,0.587078125
1057000,0.0,0.41271875,0.58728125
1058000,0.0,0.4124375,0.5875625
1059000,0.0,0.412375,0.587625
1060000,0.0,0.4123125,0.5876875
1061000,0.0,0.412125,0.587875
1062000,0.0,0.412046875,0.587953125
1063000,0.0,0.4121875,0.5878125
1064000,0.0,0.412140625,0.587859375
