1000,0.331171875,0.335109375,0.33371875
2000,0.33040625,0.335140625,0.334453125
3000,0.328921875,0.33559375,0.335484375
4000,0.32790625,0.335765625,0.336328125
5000,0.327,0.33571875,0.33728125
6000,0.32565625,0.336078125,0.338265625
7000,0.3246875,0.33553125,0.33978125
8000,0.3234375,0.3359375,0.340625
9000,0.322421875,0.336265625,0.3413125
10000,0.321453125,0.336453125,0.34209375
11000,0.320109375,0.3371875,0.342703125
12000,0.318859375,0.33753125,0.343609375
13000,0.318171875,0.337796875,0.34403125
14000,0.316703125,0.338328125,0.34496875
15000,0.31534375,0.339109375,0.345546875
16000,0.31421875,0.3393125,0.34646875
17000,0.3125,0.33965625,0.34784375
18000,0.311078125,0.33934375,0.349578125
19000,0.309953125,0.3395625,0.350484375
20000,0.3084375,0.3396875,0.351875
21000,0.3066875,0.34034375,0.35296875
22000,0.305390625,0.34084375,0.353765625
23000,0.30396875,0.341609375,0.354421875
24000,0.30234375,0.341734375,0.355921875
25000,0.301359375,0.341828125,0.3568125
26000,0.2998125,0.342421875,0.357765625
27000,0.29875,0.34271875,0.35853125
28000,0.296953125,0.343609375,0.3594375
29000,0.295953125,0.34390625,0.360140625
30000,0.294796875,0.3445625,0.360640625
31000,0.2934375,0.34515625,0.36140625
32000,0.29209375,0.345859375,0.362046875
33000,0.290234375,0.346578125,0.3631875
34000,0.288703125,0.347125,0.364171875
35000,0.28725,0.347375,0.365375
36000,0.285859375,0.347375,0.366765625
37000,0.28459375,0.3475625,0.36784375
38000,0.283140625,0.348375,0.368484375
39000,0.281703125,0.34875,0.369546875
40000,0.28040625,0.3493125,0.37028125
41000,0.27915625,0.349828125,0.371015625
42000,0.277625,0.34990625,0.37246875
43000,0.2763125,0.35015625,0.37353125
44000,0.27509375,0.3501875,0.37471875
45000,0.273953125,0.350453125,0.37559375
46000,0.272359375,0.350734375,0.37690625
47000,0.2705625,0.351125,0.3783125
48000,0.268953125,0.3515625,0.379484375
49000,0.267765625,0.351921875,0.3803125
50000,0.266703125,0.3519375,0.381359375
51000,0.265125,0.352765625,0.382109375
52000,0.26359375,0.353109375,0.383296875
53000,0.262015625,0.3535,0.384484375
54000,0.26090625,0.353703125,0.385390625
55000,0.25965625,0.353796875,0.386546875
56000,0.2585625,0.353765625,0.387671875
57000,0.256671875,0.353890625,0.3894375
58000,0.255078125,0.3543125,0.390609375
59000,0.253265625,0.354921875,0.3918125
60000,0.251921875,0.35521875,0.392859375
61000,0.2505,0.35559375,0.39390625
62000,0.24940625,0.355859375,0.394734375
63000,0.24784375,0.356765625,0.395390625
64000,0.2465,0.356796875,0.396703125
65000,0.24509375,0.357140625,0.397765625
66000,0.24384375,0.357796875,0.398359375
67000,0.242796875,0.357828125,0.399375
68000,0.241265625,0.357984375,0.40075
69000,0.23984375,0.358421875,0.401734375
70000,0.23853125,0.358109375,0.403359375
71000,0.23746875,0.35821875,0.4043125
72000,0.23625,0.358484375,0.405265625
73000,0.23490625,0.359078125,0.406015625
74000,0.23384375,0.359390625,0.406765625
75000,0.2324375,0.35940625,0.40815625
76000,0.23134375,0.35934375,0.4093125
77000,0.22996875,0.35946875,0.4105625
78000,0.2289375,0.359375,0.4116875
79000,0.22765625,0.359703125,0.412640625
80000,0.226546875,0.36003125,0.413421875
81000,0.224671875,0.35990625,0.415421875
82000,0.223765625,0.359734375,0.4165
83000,0.222484375,0.360125,0.417390625
84000,0.22128125,0.360359375,0.418359375
85000,0.21990625,0.3600625,0.42003125
86000,0.21896875,0.359953125,0.421078125
87000,0.217484375,0.360546875,0.42196875
88000,0.2163125,0.360953125,0.422734375
89000,0.215625,0.360890625,0.423484375
90000,0.21446875,0.360875,0.42465625
91000,0.2133125,0.36096875,0.42571875
92000,0.212,0.36109375,0.42690625
93000,0.21103125,0.360953125,0.428015625
94000,0.20978125,0.36071875,0.4295
95000,0.20821875,0.361,0.43078125
96000,0.206421875,0.361328125,0.43225
97000,0.205828125,0.360953125,0.43321875
98000,0.204453125,0.361140625,0.43440625
99000,0.20340625,0.361265625,0.435328125
100000,0.20203125,0.361203125,0.436765625
101000,0.20040625,0.3614375,0.43815625
102000,0.199265625,0.36171875,0.439015625
103000,0.197921875,0.36175,0.440328125
104000,0.196828125,0.3620625,0.441109375
105000,0.195625,0.362328125,0.442046875
106000,0.194546875,0.36240625,0.443046875
107000,0.192828125,0.36271875,0.444453125
108000,0.191296875,0.3629375,0.445765625
109000,0.190125,0.363046875,0.446828125
110000,0.18896875,0.36346875,0.4475625
111000,0.18809375,0.363359375,0.448546875
112000,0.1871875,0.3631875,0.449625
113000,0.18565625,0.36375,0.45059375
114000,0.184625,0.363890625,0.451484375
115000,0.183203125,0.364265625,0.45253125
116000,0.181796875,0.364234375,0.45396875
117000,0.180625,0.364578125,0.454796875
118000,0.179375,0.36478125,0.45584375
119000,0.178,0.36484375,0.45715625
120000,0.176765625,0.36478125,0.458453125
121000,0.1756875,0.364875,0.4594375
122000,0.174640625,0.364984375,0.460375
123000,0.173375,0.36496875,0.46165625
124000,0.172234375,0.364984375,0.46278125
125000,0.17075,0.365015625,0.464234375
126000,0.16984375,0.364890625,0.465265625
127000,0.16865625,0.36459375,0.46675
128000,0.1680625,0.3640625,0.467875
129000,0.16684375,0.36415625,0.469
130000,0.166265625,0.36384375,0.469890625
131000,0.165046875,0.363765625,0.4711875
132000,0.163515625,0.36475,0.471734375
133000,0.162328125,0.36403125,0.473640625
134000,0.161359375,0.36396875,0.474671875
135000,0.16021875,0.364203125,0.475578125
136000,0.15909375,0.364484375,0.476421875
137000,0.158046875,0.364390625,0.4775625
138000,0.157125,0.36478125,0.47809375
139000,0.155828125,0.36496875,0.479203125
140000,0.154921875,0.36515625,0.479921875
141000,0.154,0.36525,0.48075
142000,0.152703125,0.36559375,0.481703125
143000,0.151421875,0.365375,0.483203125
144000,0.14996875,0.36559375,0.4844375
145000,0.149109375,0.365734375,0.48515625
146000,0.14809375,0.366140625,0.485765625
147000,0.147234375,0.36603125,0.486734375
148000,0.146140625,0.365625,0.488234375
149000,0.145234375,0.3655,0.489265625
150000,0.144125,0.365984375,0.489890625
151000,0.142875,0.366484375,0.490640625
152000,0.142015625,0.36609375,0.491890625
153000,0.14084375,0.366890625,0.492265625
154000,0.13984375,0.366609375,0.493546875
155000,0.1393125,0.3663125,0.494375
156000,0.13809375,0.366484375,0.495421875
157000,0.1368125,0.36615625,0.49703125
158000,0.136015625,0.365984375,0.498
159000,0.134921875,0.36578125,0.499296875
160000,0.133859375,0.36584375,0.500296875
161000,0.1330625,0.3656875,0.50125
162000,0.13240625,0.3659375,0.50165625
163000,0.13171875,0.366046875,0.502234375
164000,0.1311875,0.36553125,0.50328125
165000,0.13025,0.365734375,0.504015625
166000,0.12915625,0.365359375,0.505484375
167000,0.128453125,0.365296875,0.50625
168000,0.127609375,0.365078125,0.5073125
169000,0.12665625,0.365140625,0.508203125
170000,0.125671875,0.365296875,0.50903125
171000,0.124859375,0.364625,0.510515625
172000,0.12434375,0.36465625,0.511
173000,0.123484375,0.364546875,0.51196875
174000,0.12259375,0.3645625,0.51284375
175000,0.121765625,0.364328125,0.51390625
176000,0.12109375,0.364,0.51490625
177000,0.120640625,0.364015625,0.51534375
178000,0.11971875,0.364015625,0.516265625
179000,0.11865625,0.364484375,0.516859375
180000,0.117890625,0.3643125,0.517796875
181000,0.117125,0.3641875,0.5186875
182000,0.116125,0.36425,0.519625
183000,0.115296875,0.36446875,0.520234375
184000,0.114421875,0.364359375,0.52121875
185000,0.113734375,0.36371875,0.522546875
186000,0.11309375,0.363703125,0.523203125
187000,0.1124375,0.36378125,0.52378125
188000,0.11125,0.36403125,0.52471875
189000,0.110390625,0.364,0.525609375
190000,0.10978125,0.36384375,0.526375
191000,0.10865625,0.364359375,0.526984375
192000,0.107859375,0.3640625,0.528078125
193000,0.1070625,0.36371875,0.52921875
194000,0.106203125,0.363921875,0.529875
195000,0.105515625,0.363890625,0.53059375
196000,0.1046875,0.363890625,0.531421875
197000,0.10365625,0.364234375,0.532109375
198000,0.1030625,0.363953125,0.532984375
199000,0.102359375,0.363734375,0.53390625
200000,0.101734375,0.36375,0.534515625
201000,0.101109375,0.36353125,0.535359375
202000,0.10040625,0.3638125,0.53578125
203000,0.09975,0.36409375,0.53615625
204000,0.098859375,0.36475,0.536390625
205000,0.09815625,0.365296875,0.536546875
206000,0.097015625,0.3651875,0.537796875
207000,0.096125,0.3648125,0.5390625
208000,0.095515625,0.364609375,0.539875
209000,0.094625,0.364859375,0.540515625
210000,0.0939375,0.364953125,0.541109375
211000,0.09340625,0.364625,0.54196875
212000,0.09265625,0.364,0.54334375
213000,0.091921875,0.36415625,0.543921875
214000,0.090875,0.36384375,0.54528125
215000,0.090125,0.363484375,0.546390625
216000,0.08975,0.363859375,0.546390625
217000,0.089,0.363140625,0.547859375
218000,0.088125,0.363375,0.5485
219000,0.08759375,0.3628125,0.54959375
220000,0.086796875,0.36296875,0.550234375
221000,0.086203125,0.362859375,0.5509375
222000,0.085734375,0.362421875,0.55184375
223000,0.085046875,0.362234375,0.55271875
224000,0.084390625,0.361546875,0.5540625
225000,0.08365625,0.36159375,0.55475
226000,0.082703125,0.36146875,0.555828125
227000,0.0820625,0.360859375,0.557078125
228000,0.081125,0.360375,0.5585
229000,0.08065625,0.359421875,0.559921875
230000,0.079984375,0.359171875,0.56084375
231000,0.079328125,0.359296875,0.561375
232000,0.078578125,0.359578125,0.56184375
233000,0.077828125,0.359890625,0.56228125
234000,0.07740625,0.359765625,0.562828125
235000,0.076765625,0.359640625,0.56359375
236000,0.07596875,0.359015625,0.565015625
237000,0.075203125,0.35884375,0.565953125
238000,0.0744375,0.358671875,0.566890625
239000,0.07396875,0.35834375,0.5676875
240000,0.07325,0.357921875,0.568828125
241000,0.07275,0.35775,0.5695
242000,0.072375,0.357703125,0.569921875
243000,0.071828125,0.357515625,0.57065625
244000,0.071625,0.357234375,0.571140625
245000,0.07125,0.357125,0.571625
246000,0.07059375,0.357390625,0.572015625
247000,0.070140625,0.357421875,0.5724375
248000,0.0698125,0.35728125,0.57290625
249000,0.069453125,0.357328125,0.57321875
250000,0.068984375,0.3575,0.573515625
251000,0.068375,0.35790625,0.57371875
252000,0.067890625,0.358140625,0.57396875
253000,0.0674375,0.3578125,0.57475
254000,0.066734375,0.358171875,0.57509375
255000,0.066234375,0.357609375,0.57615625
256000,0.06553125,0.357921875,0.576546875
257000,0.064984375,0.3575,0.577515625
258000,0.06459375,0.357015625,0.578390625
259000,0.0640625,0.356921875,0.579015625
260000,0.063484375,0.35665625,0.579859375
261000,0.062953125,0.356484375,0.5805625
262000,0.0625,0.356796875,0.580703125
263000,0.06246875,0.356234375,0.581296875
264000,0.062171875,0.35640625,0.581421875
265000,0.061734375,0.35571875,0.582546875
266000,0.061359375,0.35615625,0.582484375
267000,0.060515625,0.356203125,0.58328125
268000,0.06021875,0.35509375,0.5846875
269000,0.059609375,0.354828125,0.5855625
270000,0.05890625,0.35446875,0.586625
271000,0.058671875,0.354125,0.587203125
272000,0.058421875,0.353203125,0.588375
273000,0.058046875,0.353140625,0.5888125
274000,0.057390625,0.35265625,0.589953125
275000,0.057015625,0.351890625,0.59109375
276000,0.05678125,0.352421875,0.590796875
277000,0.0563125,0.352546875,0.591140625
278000,0.055953125,0.35196875,0.592078125
279000,0.0555,0.35146875,0.59303125
280000,0.054921875,0.350765625,0.5943125
281000,0.05428125,0.35021875,0.5955
282000,0.053875,0.34978125,0.59634375
283000,0.053515625,0.34996875,0.596515625
284000,0.05309375,0.3493125,0.59759375
285000,0.05259375,0.34946875,0.5979375
286000,0.052328125,0.3490625,0.598609375
287000,0.051546875,0.348703125,0.59975
288000,0.051,0.3485625,0.6004375
289000,0.050796875,0.34821875,0.600984375
290000,0.05046875,0.348234375,0.601296875
291000,0.050125,0.34778125,0.60209375
292000,0.049625,0.347484375,0.602890625
293000,0.049140625,0.347046875,0.6038125
294000,0.04853125,0.347515625,0.603953125
295000,0.0480625,0.347578125,0.604359375
296000,0.04784375,0.346828125,0.605328125
297000,0.0474375,0.346609375,0.605953125
298000,0.046890625,0.346265625,0.60684375
299000,0.046546875,0.345578125,0.607875
300000,0.0460625,0.34565625,0.60828125
301000,0.045609375,0.345640625,0.60875
302000,0.04528125,0.345703125,0.609015625
303000,0.044875,0.3460625,0.6090625
304000,0.044625,0.345484375,0.609890625
305000,0.044234375,0.345265625,0.6105
306000,0.043828125,0.3448125,0.611359375
307000,0.043578125,0.344828125,0.61159375
308000,0.043203125,0.344125,0.612671875
309000,0.042828125,0.344296875,0.612875
310000,0.042671875,0.3435,0.613828125
311000,0.04228125,0.34359375,0.614125
312000,0.041828125,0.343453125,0.61471875
313000,0.0415625,0.3426875,0.61575
314000,0.041125,0.34265625,0.61621875
315000,0.04078125,0.3419375,0.61728125
316000,0.0400625,0.342328125,0.617609375
317000,0.039765625,0.341875,0.618359375
318000,0.039390625,0.3415625,0.619046875
319000,0.03921875,0.341265625,0.619515625
320000,0.03884375,0.3406875,0.62046875
321000,0.0386875,0.340453125,0.620859375
322000,0.038359375,0.340546875,0.62109375
323000,0.037890625,0.340109375,0.622
324000,0.037796875,0.3396875,0.622515625
325000,0.03746875,0.33934375,0.6231875
326000,0.03709375,0.33884375,0.6240625
327000,0.0366875,0.338265625,0.625046875
328000,0.03634375,0.33778125,0.625875
329000,0.03615625,0.3375,0.62634375
330000,0.035953125,0.33753125,0.626515625
331000,0.03565625,0.33728125,0.6270625
332000,0.03540625,0.33721875,0.627375
333000,0.03528125,0.3369375,0.62778125
334000,0.0351875,0.3368125,0.628
335000,0.035125,0.3365,0.628375
336000,0.034859375,0.33609375,0.629046875
337000,0.034625,0.336,0.629375
338000,0.034296875,0.335265625,0.6304375
339000,0.033890625,0.334859375,0.63125
340000,0.033421875,0.334671875,0.63190625
341000,0.033140625,0.33471875,0.632140625
342000,0.032828125,0.334734375,0.6324375
343000,0.03253125,0.334515625,0.632953125
344000,0.032078125,0.33378125,0.634140625
345000,0.03190625,0.333734375,0.634359375
346000,0.03165625,0.332828125,0.635515625
347000,0.031390625,0.33325,0.635359375
348000,0.03115625,0.3329375,0.63590625
349000,0.03090625,0.332546875,0.636546875
350000,0.0306875,0.332515625,0.636796875
351000,0.030375,0.33221875,0.63740625
352000,0.030265625,0.33175,0.637984375
353000,0.02978125,0.331765625,0.638453125
354000,0.02953125,0.33165625,0.6388125
355000,0.0290625,0.331828125,0.639109375
356000,0.028796875,0.33146875,0.639734375
357000,0.028453125,0.3315,0.640046875
358000,0.0281875,0.33096875,0.64084375
359000,0.027859375,0.330609375,0.64153125
360000,0.02765625,0.3303125,0.64203125
361000,0.027421875,0.33,0.642578125
362000,0.027203125,0.3295,0.643296875
363000,0.026890625,0.32903125,0.644078125
364000,0.026703125,0.328515625,0.64478125
365000,0.026578125,0.327765625,0.64565625
366000,0.026328125,0.3275,0.646171875
367000,0.026078125,0.32753125,0.646390625
368000,0.025875,0.32746875,0.64665625
369000,0.0256875,0.327390625,0.646921875
370000,0.0254375,0.3273125,0.64725
371000,0.025140625,0.327515625,0.64734375
372000,0.02496875,0.328,0.64703125
373000,0.0246875,0.327578125,0.647734375
374000,0.024390625,0.32765625,0.647953125
375000,0.024171875,0.32725,0.648578125
376000,0.024046875,0.32678125,0.649171875
377000,0.023640625,0.3265,0.649859375
378000,0.02340625,0.32578125,0.6508125
379000,0.0231875,0.32528125,0.65153125
380000,0.02296875,0.324984375,0.652046875
381000,0.022765625,0.324609375,0.652625
382000,0.022578125,0.324265625,0.65315625
383000,0.0224375,0.324015625,0.653546875
384000,0.0221875,0.324203125,0.653609375
385000,0.021890625,0.323453125,0.65465625
386000,0.021640625,0.323046875,0.6553125
387000,0.021484375,0.3225625,0.655953125
388000,0.0213125,0.32246875,0.65621875
389000,0.0211875,0.32240625,0.65640625
390000,0.0209375,0.3219375,0.657125
391000,0.020703125,0.321515625,0.65778125
392000,0.02040625,0.321203125,0.658390625
393000,0.02025,0.32096875,0.65878125
394000,0.020046875,0.320828125,0.659125
395000,0.019828125,0.321,0.659171875
396000,0.019546875,0.320625,0.659828125
397000,0.019390625,0.320328125,0.66028125
398000,0.019109375,0.320046875,0.66084375
399000,0.019,0.3198125,0.6611875
400000,0.01878125,0.31921875,0.662
401000,0.0186875,0.31896875,0.66234375
402000,0.018546875,0.318640625,0.6628125
403000,0.01846875,0.318296875,0.663234375
404000,0.0181875,0.317890625,0.663921875
405000,0.018140625,0.317625,0.664234375
406000,0.01796875,0.31715625,0.664875
407000,0.017734375,0.31659375,0.665671875
408000,0.01753125,0.31615625,0.6663125
409000,0.017421875,0.31625,0.666328125
410000,0.017265625,0.31559375,0.667140625
411000,0.017171875,0.315125,0.667703125
412000,0.01696875,0.315140625,0.667890625
413000,0.016859375,0.314734375,0.66840625
414000,0.0166875,0.31446875,0.66884375
415000,0.0165625,0.31415625,0.66928125
416000,0.016421875,0.314140625,0.6694375
417000,0.016234375,0.3133125,0.670453125
418000,0.016046875,0.313078125,0.670875
419000,0.0159375,0.312546875,0.671515625
420000,0.015875,0.312125,0.672
421000,0.0156875,0.312078125,0.672234375
422000,0.0155,0.3118125,0.6726875
423000,0.0154375,0.31165625,0.67290625
424000,0.015296875,0.311375,0.673328125
425000,0.015203125,0.31159375,0.673203125
426000,0.014921875,0.311109375,0.67396875
427000,0.014796875,0.310890625,0.6743125
428000,0.01471875,0.310375,0.67490625
429000,0.014703125,0.309765625,0.67553125
430000,0.014578125,0.308921875,0.6765
431000,0.014453125,0.308328125,0.67721875
432000,0.01434375,0.3079375,0.67771875
433000,0.014265625,0.308265625,0.67746875
434000,0.01409375,0.308140625,0.677765625
435000,0.014109375,0.307671875,0.67821875
436000,0.014015625,0.307421875,0.6785625
437000,0.013859375,0.307265625,0.678875
438000,0.01371875,0.306546875,0.679734375
439000,0.013578125,0.3064375,0.679984375
440000,0.013421875,0.30678125,0.679796875
441000,0.013390625,0.305875,0.680734375
442000,0.013265625,0.3055625,0.681171875
443000,0.0131875,0.305375,0.6814375
444000,0.013109375,0.305125,0.681765625
445000,0.01309375,0.3048125,0.68209375
446000,0.013,0.30446875,0.68253125
447000,0.012796875,0.30440625,0.682796875
448000,0.01275,0.303625,0.683625
449000,0.0126875,0.30328125,0.68403125
450000,0.01259375,0.30315625,0.68425
451000,0.0124375,0.302640625,0.684921875
452000,0.012234375,0.3021875,0.685578125
453000,0.012078125,0.3011875,0.686734375
454000,0.01190625,0.30096875,0.687125
455000,0.01184375,0.3005,0.68765625
456000,0.011703125,0.300765625,0.68753125
457000,0.011578125,0.300234375,0.6881875
458000,0.011484375,0.2994375,0.689078125
459000,0.0113125,0.298578125,0.690109375
460000,0.0113125,0.298125,0.6905625
461000,0.0113125,0.297734375,0.690953125
462000,0.0113125,0.29690625,0.69178125
463000,0.01128125,0.296109375,0.692609375
464000,0.011234375,0.296046875,0.69271875
465000,0.011125,0.295765625,0.693109375
466000,0.011078125,0.29490625,0.694015625
467000,0.011046875,0.29459375,0.694359375
468000,0.010890625,0.29484375,0.694265625
469000,0.010796875,0.29446875,0.694734375
470000,0.010796875,0.29415625,0.695046875
471000,0.010609375,0.294,0.695390625
472000,0.01046875,0.2936875,0.69584375
473000,0.0105,0.293078125,0.696421875
474000,0.010265625,0.29240625,0.697328125
475000,0.0101875,0.2923125,0.6975
476000,0.01009375,0.29196875,0.6979375
477000,0.010046875,0.2914375,0.698515625
478000,0.009953125,0.291,0.699046875
479000,0.00990625,0.29078125,0.6993125
480000,0.0098125,0.2899375,0.70025
481000,0.009625,0.28959375,0.70078125
482000,0.009609375,0.289625,0.700765625
483000,0.009546875,0.28928125,0.701171875
484000,0.0093125,0.28946875,0.70121875
485000,0.009234375,0.289125,0.701640625
486000,0.00915625,0.2885,0.70234375
487000,0.009140625,0.288046875,0.7028125
488000,0.00903125,0.287203125,0.703765625
489000,0.00890625,0.286875,0.70421875
490000,0.008828125,0.28615625,0.705015625
491000,0.008859375,0.285609375,0.70553125
492000,0.0088125,0.28575,0.7054375
493000,0.00865625,0.285375,0.70596875
494000,0.00853125,0.28521875,0.70625
495000,0.008546875,0.28503125,0.706421875
496000,0.008484375,0.2845625,0.706953125
497000,0.008484375,0.284171875,0.70734375
498000,0.0085,0.2835625,0.7079375
499000,0.008390625,0.283171875,0.7084375
500000,0.008328125,0.282640625,0.70903125
501000,0.008203125,0.282671875,0.709125
502000,0.008125,0.282046875,0.709828125
503000,0.008078125,0.281390625,0.71053125
504000,0.008015625,0.2813125,0.710671875
505000,0.007953125,0.280796875,0.71125
506000,0.007875,0.280515625,0.711609375
507000,0.0076875,0.280296875,0.712015625
508000,0.0076875,0.27953125,0.71278125
509000,0.00753125,0.27909375,0.713375
510000,0.00746875,0.27859375,0.7139375
511000,0.00740625,0.27859375,0.714
512000,0.007390625,0.278703125,0.71390625
513000,0.007265625,0.27828125,0.714453125
514000,0.0071875,0.2781875,0.714625
515000,0.007109375,0.278015625,0.714875
516000,0.007015625,0.277125,0.715859375
517000,0.006984375,0.276453125,0.7165625
518000,0.006890625,0.276125,0.716984375
519000,0.006921875,0.27584375,0.717234375
520000,0.00684375,0.27534375,0.7178125
521000,0.006765625,0.275,0.718234375
522000,0.0066875,0.274921875,0.718390625
523000,0.006671875,0.274296875,0.71903125
524000,0.00665625,0.274109375,0.719234375
525000,0.006640625,0.27378125,0.719578125
526000,0.00659375,0.273515625,0.719890625
527000,0.00653125,0.2729375,0.72053125
528000,0.006421875,0.272484375,0.72109375
529000,0.006328125,0.272171875,0.7215
530000,0.00628125,0.271546875,0.722171875
531000,0.00628125,0.2711875,0.72253125
532000,0.00621875,0.2706875,0.72309375
533000,0.00615625,0.270296875,0.723546875
534000,0.006109375,0.269953125,0.7239375
535000,0.00609375,0.270078125,0.723828125
536000,0.006046875,0.2700625,0.723890625
537000,0.005921875,0.269890625,0.7241875
538000,0.005875,0.26921875,0.72490625
539000,0.0058125,0.268890625,0.725296875
540000,0.005734375,0.268453125,0.7258125
541000,0.005671875,0.268203125,0.726125
542000,0.005640625,0.267546875,0.7268125
543000,0.005609375,0.26771875,0.726671875
544000,0.005515625,0.267671875,0.7268125
545000,0.005515625,0.267234375,0.72725
546000,0.00546875,0.266421875,0.728109375
547000,0.005375,0.26678125,0.72784375
548000,0.005375,0.266078125,0.728546875
549000,0.005328125,0.26596875,0.728703125
550000,0.00528125,0.26540625,0.7293125
551000,0.005296875,0.265109375,0.72959375
552000,0.005234375,0.265125,0.729640625
553000,0.0051875,0.26446875,0.73034375
554000,0.0051875,0.264,0.7308125
555000,0.005140625,0.263328125,0.73153125
556000,0.005125,0.26253125,0.73234375
557000,0.005015625,0.26203125,0.732953125
558000,0.004828125,0.26184375,0.733328125
559000,0.00475,0.26103125,0.73421875
560000,0.00475,0.260421875,0.734828125
561000,0.004796875,0.259890625,0.7353125
562000,0.004703125,0.25934375,0.735953125
563000,0.004640625,0.258796875,0.7365625
564000,0.00459375,0.258515625,0.736890625
565000,0.00459375,0.257609375,0.737796875
566000,0.004609375,0.257078125,0.7383125
567000,0.004578125,0.25725,0.738171875
568000,0.00453125,0.256953125,0.738515625
569000,0.004484375,0.256171875,0.73934375
570000,0.004421875,0.255796875,0.73978125
571000,0.004359375,0.255296875,0.74034375
572000,0.004359375,0.255296875,0.74034375
573000,0.0043125,0.2555,0.7401875
574000,0.004296875,0.254921875,0.74078125
575000,0.0043125,0.254328125,0.741359375
576000,0.00428125,0.253796875,0.741921875
577000,0.00428125,0.25328125,0.7424375
578000,0.004265625,0.252421875,0.7433125
579000,0.004265625,0.251828125,0.74390625
580000,0.004234375,0.2515625,0.744203125
581000,0.004203125,0.251140625,0.74465625
582000,0.0041875,0.250859375,0.744953125
583000,0.004140625,0.25003125,0.745828125
584000,0.004109375,0.249828125,0.7460625
585000,0.00409375,0.249359375,0.746546875
586000,0.004046875,0.248671875,0.74728125
587000,0.00403125,0.248265625,0.747703125
588000,0.003984375,0.248,0.748015625
589000,0.0039375,0.247390625,0.748671875
590000,0.003796875,0.247140625,0.7490625
591000,0.003703125,0.246328125,0.74996875
592000,0.003640625,0.245828125,0.75053125
593000,0.003578125,0.24559375,0.750828125
594000,0.00353125,0.2449375,0.75153125
595000,0.003515625,0.244375,0.752109375
596000,0.00346875,0.24390625,0.752625
597000,0.00346875,0.24359375,0.7529375
598000,0.0034375,0.243421875,0.753140625
599000,0.003390625,0.24321875,0.753390625
600000,0.00340625,0.242390625,0.754203125
601000,0.00334375,0.241765625,0.754890625
602000,0.00328125,0.241390625,0.755328125
603000,0.00328125,0.24115625,0.7555625
604000,0.00325,0.2409375,0.7558125
605000,0.00325,0.240890625,0.755859375
606000,0.003234375,0.24040625,0.756359375
607000,0.003203125,0.239890625,0.75690625
608000,0.003109375,0.23959375,0.757296875
609000,0.003078125,0.239109375,0.7578125
610000,0.00303125,0.23875,0.75821875
611000,0.002953125,0.238265625,0.75878125
612000,0.00290625,0.237765625,0.759328125
613000,0.002859375,0.23709375,0.760046875
614000,0.00284375,0.236984375,0.760171875
615000,0.002765625,0.236671875,0.7605625
616000,0.00275,0.236625,0.760625
617000,0.0026875,0.236328125,0.760984375
618000,0.0026875,0.235546875,0.761765625
619000,0.00265625,0.235625,0.76171875
620000,0.002625,0.23565625,0.76171875
621000,0.002578125,0.234921875,0.7625
622000,0.002515625,0.234921875,0.7625625
623000,0.0025,0.2346875,0.7628125
624000,0.002453125,0.234375,0.763171875
625000,0.002421875,0.23371875,0.763859375
626000,0.002359375,0.2334375,0.764203125
627000,0.002328125,0.23290625,0.764765625
628000,0.002296875,0.232828125,0.764875
629000,0.00228125,0.232875,0.76484375
630000,0.00225,0.2328125,0.7649375
631000,0.00228125,0.232515625,0.765203125
632000,0.0023125,0.2320625,0.765625
633000,0.002328125,0.231890625,0.76578125
634000,0.00234375,0.231390625,0.766265625
635000,0.00234375,0.231078125,0.766578125
636000,0.00234375,0.22990625,0.76775
637000,0.00234375,0.229375,0.76828125
638000,0.002359375,0.229140625,0.7685
639000,0.002359375,0.228953125,0.7686875
640000,0.002328125,0.22865625,0.769015625
641000,0.0023125,0.22846875,0.76921875
642000,0.00228125,0.22809375,0.769625
643000,0.00228125,0.227609375,0.770109375
644000,0.002171875,0.2275,0.770328125
645000,0.00209375,0.227125,0.77078125
646000,0.002078125,0.226953125,0.77096875
647000,0.0020625,0.226328125,0.771609375
648000,0.002046875,0.225734375,0.77221875
649000,0.00209375,0.225015625,0.772890625
650000,0.0020625,0.224609375,0.773328125
651000,0.002078125,0.22440625,0.773515625
652000,0.002046875,0.22425,0.773703125
653000,0.002046875,0.22375,0.774203125
654000,0.0020625,0.222984375,0.774953125
655000,0.0020625,0.222484375,0.775453125
656000,0.002015625,0.22234375,0.775640625
657000,0.002015625,0.222234375,0.77575
658000,0.002015625,0.221890625,0.77609375
659000,0.00196875,0.221921875,0.776109375
660000,0.001953125,0.22146875,0.776578125
661000,0.001953125,0.22071875,0.777328125
662000,0.001953125,0.2203125,0.777734375
663000,0.00196875,0.219875,0.77815625
664000,0.001984375,0.2195,0.778515625
665000,0.001953125,0.21909375,0.778953125
666000,0.001953125,0.21834375,0.779703125
667000,0.001953125,0.217765625,0.78028125
668000,0.0019375,0.2175625,0.7805
669000,0.0019375,0.217359375,0.780703125
670000,0.00196875,0.216765625,0.781265625
671000,0.001921875,0.216,0.782078125
672000,0.0019375,0.215703125,0.782359375
673000,0.00190625,0.2146875,0.78340625
674000,0.00190625,0.213953125,0.784140625
675000,0.00184375,0.213640625,0.784515625
676000,0.001765625,0.2131875,0.785046875
677000,0.00175,0.21296875,0.78528125
678000,0.001734375,0.21278125,0.785484375
679000,0.001734375,0.21275,0.785515625
680000,0.001734375,0.2126875,0.785578125
681000,0.00171875,0.21215625,0.786125
682000,0.001671875,0.212125,0.786203125
683000,0.001671875,0.21175,0.786578125
684000,0.001671875,0.21140625,0.786921875
685000,0.00165625,0.2109375,0.78740625
686000,0.00165625,0.210484375,0.787859375
687000,0.001671875,0.2106875,0.787640625
688000,0.001671875,0.210375,0.787953125
689000,0.0016875,0.210265625,0.788046875
690000,0.001640625,0.20978125,0.788578125
691000,0.001625,0.2090625,0.7893125
692000,0.001609375,0.2086875,0.789703125
693000,0.00159375,0.20828125,0.790125
694000,0.001578125,0.207734375,0.7906875
695000,0.00153125,0.2070625,0.79140625
696000,0.001546875,0.206765625,0.7916875
697000,0.0015625,0.206546875,0.791890625
698000,0.0015625,0.206359375,0.792078125
699000,0.001578125,0.20603125,0.792390625
700000,0.00159375,0.20565625,0.79275
701000,0.0015625,0.20559375,0.79284375
702000,0.0015625,0.205640625,0.792796875
703000,0.001546875,0.204859375,0.79359375
704000,0.00153125,0.20475,0.79371875
705000,0.001515625,0.204484375,0.794
706000,0.001515625,0.20425,0.794234375
707000,0.0015,0.203921875,0.794578125
708000,0.001484375,0.203203125,0.7953125
709000,0.001453125,0.202734375,0.7958125
710000,0.001421875,0.202453125,0.796125
711000,0.001421875,0.202359375,0.79621875
712000,0.00140625,0.201453125,0.797140625
713000,0.001375,0.201375,0.79725
714000,0.001390625,0.20065625,0.797953125
715000,0.00134375,0.199890625,0.798765625
716000,0.0013125,0.199484375,0.799203125
717000,0.001296875,0.198796875,0.79990625
718000,0.001296875,0.19809375,0.800609375
719000,0.001328125,0.198015625,0.80065625
720000,0.0013125,0.197875,0.8008125
721000,0.001296875,0.197203125,0.8015
722000,0.001265625,0.1969375,0.801796875
723000,0.00125,0.1961875,0.8025625
724000,0.00121875,0.195515625,0.803265625
725000,0.001203125,0.19446875,0.804328125
726000,0.0011875,0.194234375,0.804578125
727000,0.00115625,0.194171875,0.804671875
728000,0.00115625,0.19359375,0.80525
729000,0.001171875,0.1935,0.805328125
730000,0.0011875,0.192875,0.8059375
731000,0.001203125,0.192609375,0.8061875
732000,0.001203125,0.191953125,0.80684375
733000,0.001171875,0.19125,0.807578125
734000,0.001171875,0.190546875,0.80828125
735000,0.001140625,0.19015625,0.808703125
736000,0.001109375,0.189296875,0.80959375
737000,0.001109375,0.1891875,0.809703125
738000,0.00109375,0.188921875,0.809984375
739000,0.0010625,0.18825,0.8106875
740000,0.001078125,0.187609375,0.8113125
741000,0.00109375,0.187234375,0.811671875
742000,0.00109375,0.186296875,0.812609375
743000,0.001109375,0.1858125,0.813078125
744000,0.00109375,0.18521875,0.8136875
745000,0.001109375,0.184671875,0.81421875
746000,0.001078125,0.184328125,0.81459375
747000,0.001078125,0.183515625,0.81540625
748000,0.0010625,0.183046875,0.815890625
749000,0.00103125,0.182734375,0.816234375
750000,0.00103125,0.182140625,0.816828125
751000,0.001015625,0.181921875,0.8170625
752000,0.001,0.181390625,0.817609375
753000,0.000984375,0.18090625,0.818109375
754000,0.001,0.180140625,0.818859375
755000,0.000984375,0.179640625,0.819375
756000,0.001,0.179390625,0.819609375
757000,0.001,0.178890625,0.820109375
758000,0.001,0.178953125,0.820046875
759000,0.000984375,0.178578125,0.8204375
760000,0.00096875,0.17871875,0.8203125
761000,0.00096875,0.178203125,0.820828125
762000,0.00096875,0.177890625,0.821140625
763000,0.000953125,0.17778125,0.821265625
764000,0.0009375,0.177578125,0.821484375
765000,0.0009375,0.177203125,0.821859375
766000,0.00090625,0.176859375,0.822234375
767000,0.00090625,0.176703125,0.822390625
768000,0.000890625,0.176265625,0.82284375
769000,0.000890625,0.175609375,0.8235
770000,0.000890625,0.17528125,0.823828125
771000,0.000875,0.1749375,0.8241875
772000,0.000859375,0.174890625,0.82425
773000,0.000875,0.17475,0.824375
774000,0.000875,0.1743125,0.8248125
775000,0.000859375,0.173984375,0.82515625
776000,0.00084375,0.173796875,0.825359375
777000,0.000859375,0.173421875,0.82571875
778000,0.00084375,0.1728125,0.82634375
779000,0.00084375,0.1725625,0.82659375
780000,0.000859375,0.172078125,0.8270625
781000,0.000828125,0.17178125,0.827390625
782000,0.000828125,0.171640625,0.82753125
783000,0.000828125,0.1713125,0.827859375
784000,0.0008125,0.17078125,0.82840625
785000,0.000765625,0.170046875,0.8291875
786000,0.00075,0.16965625,0.82959375
787000,0.00071875,0.16903125,0.83025
788000,0.00071875,0.1690625,0.83021875
789000,0.00071875,0.16871875,0.8305625
790000,0.0006875,0.168140625,0.831171875
791000,0.000671875,0.167953125,0.831375
792000,0.000671875,0.16784375,0.831484375
793000,0.00065625,0.167109375,0.832234375
794000,0.00065625,0.166375,0.83296875
795000,0.000640625,0.1660625,0.833296875
796000,0.00065625,0.165875,0.83346875
797000,0.00065625,0.165203125,0.834140625
798000,0.000625,0.164875,0.8345
799000,0.000625,0.165015625,0.834359375
800000,0.000625,0.165234375,0.834140625
801000,0.000625,0.164765625,0.834609375
802000,0.000625,0.163609375,0.835765625
803000,0.000609375,0.163265625,0.836125
804000,0.00059375,0.162625,0.83678125
805000,0.00059375,0.162,0.83740625
806000,0.00059375,0.161625,0.83778125
807000,0.000578125,0.161453125,0.83796875
808000,0.0005625,0.16078125,0.83865625
809000,0.000578125,0.160171875,0.83925
810000,0.0005625,0.159546875,0.839890625
811000,0.00053125,0.158890625,0.840578125
812000,0.000515625,0.158359375,0.841125
813000,0.000515625,0.15815625,0.841328125
814000,0.000484375,0.157796875,0.84171875
815000,0.000484375,0.15759375,0.841921875
816000,0.000484375,0.157234375,0.84228125
817000,0.000453125,0.156625,0.842921875
818000,0.000453125,0.15634375,0.843203125
819000,0.000453125,0.156015625,0.84353125
820000,0.000421875,0.155890625,0.8436875
821000,0.000421875,0.1558125,0.843765625
822000,0.0004375,0.155453125,0.844109375
823000,0.0004375,0.1551875,0.844375
824000,0.0004375,0.154703125,0.844859375
825000,0.00040625,0.15434375,0.84525
826000,0.00040625,0.153890625,0.845703125
827000,0.000390625,0.1539375,0.845671875
828000,0.000390625,0.153734375,0.845875
829000,0.00040625,0.15334375,0.84625
830000,0.00040625,0.15253125,0.8470625
831000,0.000390625,0.1525,0.847109375
832000,0.000390625,0.151859375,0.84775
833000,0.00040625,0.15153125,0.8480625
834000,0.00040625,0.15153125,0.8480625
835000,0.00040625,0.151765625,0.847828125
836000,0.00040625,0.151515625,0.848078125
837000,0.00040625,0.15109375,0.8485
838000,0.00040625,0.1508125,0.84878125
839000,0.00040625,0.150640625,0.848953125
840000,0.000421875,0.150125,0.849453125
841000,0.000421875,0.14978125,0.849796875
842000,0.000421875,0.14909375,0.850484375
843000,0.000421875,0.148515625,0.8510625
844000,0.0004375,0.148109375,0.851453125
845000,0.00040625,0.14790625,0.8516875
846000,0.000390625,0.147609375,0.852
847000,0.000375,0.147140625,0.852484375
848000,0.000375,0.14690625,0.85271875
849000,0.000375,0.146703125,0.852921875
850000,0.000375,0.1465625,0.8530625
851000,0.000359375,0.14621875,0.853421875
852000,0.000359375,0.14596875,0.853671875
853000,0.00034375,0.145953125,0.853703125
854000,0.00034375,0.1456875,0.85396875
855000,0.00034375,0.145125,0.85453125
856000,0.00034375,0.1445,0.85515625
857000,0.00034375,0.14421875,0.8554375
858000,0.000328125,0.144078125,0.85559375
859000,0.000328125,0.14340625,0.856265625
860000,0.000328125,0.1431875,0.856484375
861000,0.000328125,0.142828125,0.85684375
862000,0.000328125,0.142390625,0.85728125
863000,0.000328125,0.1419375,0.857734375
864000,0.0003125,0.141328125,0.858359375
865000,0.0003125,0.140796875,0.858890625
866000,0.0003125,0.140640625,0.859046875
867000,0.000328125,0.140359375,0.8593125
868000,0.000328125,0.139984375,0.8596875
869000,0.000328125,0.139703125,0.85996875
870000,0.0003125,0.13915625,0.86053125
871000,0.0003125,0.138375,0.8613125
872000,0.0003125,0.138234375,0.861453125
873000,0.00034375,0.137796875,0.861859375
874000,0.00034375,0.1375,0.86215625
875000,0.00034375,0.137234375,0.862421875
876000,0.00034375,0.137140625,0.862515625
877000,0.000328125,0.136875,0.862796875
878000,0.0003125,0.136484375,0.863203125
879000,0.000296875,0.1359375,0.863765625
880000,0.00028125,0.136203125,0.863515625
881000,0.00028125,0.1360625,0.86365625
882000,0.000265625,0.135640625,0.86409375
883000,0.00025,0.135421875,0.864328125
884000,0.000234375,0.135328125,0.8644375
885000,0.00021875,0.13528125,0.8645
886000,0.00021875,0.135359375,0.864421875
887000,0.00021875,0.135125,0.86465625
888000,0.00021875,0.13484375,0.8649375
889000,0.000203125,0.13434375,0.865453125
890000,0.000203125,0.1340625,0.865734375
891000,0.000203125,0.133359375,0.8664375
892000,0.000203125,0.13321875,0.866578125
893000,0.000203125,0.13246875,0.867328125
894000,0.000203125,0.132046875,0.86775
895000,0.000203125,0.131875,0.867921875
896000,0.000203125,0.131421875,0.868375
897000,0.00021875,0.130875,0.86890625
898000,0.00021875,0.130796875,0.868984375
899000,0.00021875,0.13096875,0.8688125
900000,0.00021875,0.130578125,0.869203125
901000,0.00021875,0.130125,0.86965625
902000,0.00021875,0.1298125,0.86996875
903000,0.00021875,0.12971875,0.8700625
904000,0.00021875,0.12909375,0.8706875
905000,0.000234375,0.128859375,0.87090625
906000,0.000234375,0.1286875,0.871078125
907000,0.000234375,0.128078125,0.8716875
908000,0.000234375,0.128109375,0.87165625
909000,0.00025,0.12790625,0.87184375
910000,0.00025,0.127625,0.872125
911000,0.00025,0.1273125,0.8724375
912000,0.000234375,0.127078125,0.8726875
913000,0.000234375,0.126921875,0.87284375
914000,0.000234375,0.12690625,0.872859375
915000,0.000234375,0.126765625,0.873
916000,0.000234375,0.12690625,0.872859375
917000,0.000234375,0.126609375,0.87315625
918000,0.000234375,0.126265625,0.8735
919000,0.000234375,0.125734375,0.87403125
920000,0.00021875,0.125375,0.87440625
921000,0.00021875,0.125484375,0.874296875
922000,0.00021875,0.125234375,0.874546875
923000,0.00021875,0.12509375,0.8746875
924000,0.00021875,0.124703125,0.875078125
925000,0.00021875,0.124453125,0.875328125
926000,0.00021875,0.12371875,0.8760625
927000,0.000203125,0.123421875,0.876375
928000,0.000203125,0.12325,0.876546875
929000,0.000203125,0.1229375,0.876859375
930000,0.000203125,0.122578125,0.87721875
931000,0.000203125,0.1220625,0.877734375
932000,0.00021875,0.121609375,0.878171875
933000,0.000203125,0.12159375,0.878203125
934000,0.00021875,0.12159375,0.8781875
935000,0.00021875,0.121125,0.87865625
936000,0.00021875,0.120578125,0.879203125
937000,0.00021875,0.120421875,0.879359375
938000,0.00021875,0.11990625,0.879875
939000,0.00021875,0.11984375,0.8799375
940000,0.000234375,0.119375,0.880390625
941000,0.00021875,0.11921875,0.8805625
942000,0.00021875,0.11890625,0.880875
943000,0.00021875,0.118515625,0.881265625
944000,0.00021875,0.118375,0.88140625
945000,0.00021875,0.117859375,0.881921875
946000,0.00021875,0.117484375,0.882296875
947000,0.00021875,0.117484375,0.882296875
948000,0.00021875,0.117671875,0.882109375
949000,0.000203125,0.1176875,0.882109375
950000,0.0001875,0.11721875,0.88259375
951000,0.0001875,0.11678125,0.88303125
952000,0.0001875,0.116265625,0.883546875
953000,0.0001875,0.116234375,0.883578125
954000,0.0001875,0.116203125,0.883609375
955000,0.0001875,0.11609375,0.88371875
956000,0.0001875,0.11625,0.8835625
957000,0.0001875,0.115875,0.8839375
958000,0.000203125,0.11534375,0.884453125
959000,0.000203125,0.11525,0.884546875
960000,0.000203125,0.114984375,0.8848125
961000,0.000203125,0.11478125,0.885015625
962000,0.0001875,0.114421875,0.885390625
963000,0.0001875,0.114171875,0.885640625
964000,0.000171875,0.113890625,0.8859375
965000,0.000171875,0.11353125,0.886296875
966000,0.000171875,0.1135,0.886328125
967000,0.000171875,0.11309375,0.886734375
968000,0.000171875,0.11296875,0.886859375
969000,0.000171875,0.112765625,0.8870625
970000,0.000171875,0.11275,0.887078125
971000,0.000171875,0.11246875,0.887359375
972000,0.000171875,0.11221875,0.887609375
973000,0.000171875,0.112515625,0.8873125
974000,0.000171875,0.112359375,0.88746875
975000,0.000171875,0.112015625,0.8878125
976000,0.000203125,0.11153125,0.888265625
977000,0.000203125,0.1113125,0.888484375
978000,0.000203125,0.11090625,0.888890625
979000,0.000203125,0.110640625,0.88915625
980000,0.000203125,0.110125,0.889671875
981000,0.000203125,0.109828125,0.88996875
982000,0.000203125,0.109484375,0.8903125
983000,0.000203125,0.1093125,0.890484375
984000,0.000203125,0.108953125,0.89084375
985000,0.000203125,0.108359375,0.8914375
986000,0.000203125,0.108015625,0.89178125
987000,0.000203125,0.107546875,0.89225
988000,0.000203125,0.106921875,0.892875
989000,0.000203125,0.10675,0.893046875
990000,0.00021875,0.10659375,0.8931875
991000,0.00021875,0.10615625,0.893625
992000,0.000203125,0.105625,0.894171875
993000,0.000203125,0.105125,0.894671875
994000,0.000203125,0.104671875,0.895125
995000,0.000203125,0.10428125,0.895515625
996000,0.000203125,0.10390625,0.895890625
997000,0.000203125,0.103515625,0.89628125
998000,0.000203125,0.103125,0.896671875
999000,0.0001875,0.103234375,0.896578125
1000000,0.0001875,0.1029375,0.896875
1001000,0.0001875,0.10259375,0.89721875
