1000,0.331734375,0.335,0.333265625
2000,0.331265625,0.33503125,0.333703125
3000,0.3306875,0.33503125,0.33428125
4000,0.330078125,0.335484375,0.3344375
5000,0.3296875,0.335578125,0.334734375
6000,0.329546875,0.335828125,0.334625
7000,0.329046875,0.336046875,0.33490625
8000,0.328546875,0.336015625,0.3354375
9000,0.328140625,0.336015625,0.33584375
10000,0.327296875,0.336140625,0.3365625
11000,0.32671875,0.336390625,0.336890625
12000,0.3258125,0.336390625,0.337796875
13000,0.3251875,0.33665625,0.33815625
14000,0.32440625,0.33615625,0.3394375
15000,0.323515625,0.336203125,0.34028125
16000,0.323171875,0.335890625,0.3409375
17000,0.32271875,0.336140625,0.341140625
18000,0.32146875,0.33640625,0.342125
19000,0.320265625,0.33653125,0.343203125
20000,0.319859375,0.336234375,0.34390625
21000,0.31884375,0.33659375,0.3445625
22000,0.318109375,0.33640625,0.345484375
23000,0.317328125,0.336328125,0.34634375
24000,0.316640625,0.33628125,0.347078125
25000,0.3160625,0.3361875,0.34775
26000,0.315015625,0.336265625,0.34871875
27000,0.314875,0.33603125,0.34909375
28000,0.3139375,0.3364375,0.349625
29000,0.3135,0.336375,0.350125
30000,0.312765625,0.3365,0.350734375
31000,0.3113125,0.337140625,0.351546875
32000,0.3106875,0.336765625,0.352546875
33000,0.309109375,0.337078125,0.3538125
34000,0.308234375,0.3368125,0.354953125
35000,0.307328125,0.336359375,0.3563125
36000,0.306078125,0.33659375,0.357328125
37000,0.304765625,0.33715625,0.358078125
38000,0.3043125,0.336921875,0.358765625
39000,0.303078125,0.336546875,0.360375
40000,0.3021875,0.33678125,0.36103125
41000,0.30159375,0.337265625,0.361140625
42000,0.30034375,0.337734375,0.361921875
43000,0.29859375,0.33834375,0.3630625
44000,0.29796875,0.338265625,0.363765625
45000,0.29696875,0.33890625,0.364125
46000,0.296234375,0.338203125,0.3655625
47000,0.295609375,0.33828125,0.366109375
48000,0.29465625,0.33834375,0.367
49000,0.292921875,0.33875,0.368328125
50000,0.29125,0.33934375,0.36940625
51000,0.29003125,0.339,0.37096875
52000,0.289546875,0.33884375,0.371609375
53000,0.28865625,0.33884375,0.3725
54000,0.2879375,0.33878125,0.37328125
55000,0.2870625,0.338578125,0.374359375
56000,0.286375,0.33825,0.375375
57000,0.2855625,0.33828125,0.37615625
58000,0.28465625,0.33815625,0.3771875
59000,0.2836875,0.338265625,0.378046875
60000,0.282859375,0.337875,0.379265625
61000,0.28221875,0.3381875,0.37959375
62000,0.281140625,0.33765625,0.381203125
63000,0.28028125,0.3371875,0.38253125
64000,0.27965625,0.3368125,0.38353125
65000,0.278359375,0.336953125,0.3846875
66000,0.277859375,0.33675,0.385390625
67000,0.2765625,0.3363125,0.387125
68000,0.275328125,0.33596875,0.388703125
69000,0.2745625,0.335734375,0.389703125
70000,0.2735,0.3355,0.391
71000,0.273078125,0.33496875,0.391953125
72000,0.2718125,0.33490625,0.39328125
73000,0.27096875,0.335703125,0.393328125
74000,0.269359375,0.33578125,0.394859375
75000,0.26825,0.336265625,0.395484375
76000,0.26709375,0.336734375,0.396171875
77000,0.26640625,0.33659375,0.397
78000,0.265203125,0.3365625,0.398234375
79000,0.264109375,0.33640625,0.399484375
80000,0.263359375,0.33646875,0.400171875
81000,0.26215625,0.336078125,0.401765625
82000,0.260640625,0.336703125,0.40265625
83000,0.25928125,0.337640625,0.403078125
84000,0.257921875,0.33775,0.404328125
85000,0.25646875,0.337921875,0.405609375
86000,0.255390625,0.338234375,0.406375
87000,0.254484375,0.33853125,0.406984375
88000,0.25346875,0.338625,0.40790625
89000,0.251921875,0.3384375,0.409640625
90000,0.25071875,0.33846875,0.4108125
91000,0.248921875,0.33875,0.412328125
92000,0.248078125,0.338609375,0.4133125
93000,0.247265625,0.33853125,0.414203125
94000,0.24678125,0.338390625,0.414828125
95000,0.2456875,0.338109375,0.416203125
96000,0.244578125,0.338140625,0.41728125
97000,0.24359375,0.338015625,0.418390625
98000,0.242265625,0.33896875,0.418765625
99000,0.241125,0.339359375,0.419515625
100000,0.23990625,0.339109375,0.420984375
101000,0.238765625,0.339578125,0.42165625
102000,0.2375625,0.339453125,0.422984375
103000,0.236515625,0.339609375,0.423875
104000,0.235234375,0.33921875,0.425546875
105000,0.2344375,0.33875,0.4268125
106000,0.23321875,0.338640625,0.428140625
107000,0.231921875,0.3378125,0.430265625
108000,0.23075,0.337890625,0.431359375
109000,0.22978125,0.338453125,0.431765625
110000,0.228796875,0.338703125,0.4325
111000,0.22821875,0.338640625,0.433140625
112000,0.22721875,0.338421875,0.434359375
113000,0.22609375,0.338203125,0.435703125
114000,0.22490625,0.3386875,0.43640625
115000,0.22440625,0.33828125,0.4373125
116000,0.22296875,0.33796875,0.4390625
117000,0.222,0.33775,0.44025
118000,0.221203125,0.33775,0.441046875
119000,0.220625,0.3376875,0.4416875
120000,0.2195,0.337296875,0.443203125
121000,0.219046875,0.3376875,0.443265625
122000,0.217828125,0.3375625,0.444609375
123000,0.216703125,0.337484375,0.4458125
124000,0.215640625,0.3376875,0.446671875
125000,0.21434375,0.338359375,0.447296875
126000,0.2130625,0.33790625,0.44903125
127000,0.211296875,0.338390625,0.4503125
128000,0.210328125,0.338875,0.450796875
129000,0.209375,0.33890625,0.45171875
130000,0.20846875,0.338828125,0.452703125
131000,0.207375,0.33946875,0.45315625
132000,0.206390625,0.33975,0.453859375
133000,0.205609375,0.33953125,0.454859375
134000,0.204890625,0.3395625,0.455546875
135000,0.203796875,0.3394375,0.456765625
136000,0.20303125,0.339171875,0.457796875
137000,0.202375,0.3390625,0.4585625
138000,0.2013125,0.33909375,0.45959375
139000,0.1999375,0.339046875,0.461015625
140000,0.1985,0.33953125,0.46196875
141000,0.197734375,0.3398125,0.462453125
142000,0.19634375,0.339375,0.46428125
143000,0.196,0.3389375,0.4650625
144000,0.194875,0.339453125,0.465671875
145000,0.193765625,0.339390625,0.46684375
146000,0.192234375,0.339734375,0.46803125
147000,0.19146875,0.339265625,0.469265625
148000,0.1901875,0.33865625,0.47115625
149000,0.1893125,0.338515625,0.472171875
150000,0.188203125,0.338296875,0.4735
151000,0.187046875,0.33840625,0.474546875
152000,0.186609375,0.338125,0.475265625
153000,0.185609375,0.33790625,0.476484375
154000,0.184734375,0.33775,0.477515625
155000,0.18340625,0.337953125,0.478640625
156000,0.18228125,0.33790625,0.4798125
157000,0.181140625,0.337640625,0.48121875
158000,0.179546875,0.337828125,0.482625
159000,0.178890625,0.3374375,0.483671875
160000,0.177953125,0.337828125,0.48421875
161000,0.17696875,0.33709375,0.4859375
162000,0.176328125,0.33696875,0.486703125
163000,0.17540625,0.336546875,0.488046875
164000,0.174609375,0.3361875,0.489203125
165000,0.172984375,0.336390625,0.490625
166000,0.17228125,0.336296875,0.491421875
167000,0.171109375,0.336328125,0.4925625
168000,0.169984375,0.33646875,0.493546875
169000,0.169234375,0.336515625,0.49425
170000,0.16803125,0.336859375,0.495109375
171000,0.16734375,0.336671875,0.495984375
172000,0.166578125,0.33671875,0.496703125
173000,0.16575,0.33678125,0.49746875
174000,0.16465625,0.336828125,0.498515625
175000,0.164046875,0.3360625,0.499890625
176000,0.16340625,0.335640625,0.500953125
177000,0.16271875,0.335875,0.50140625
178000,0.161875,0.3360625,0.5020625
179000,0.16109375,0.335828125,0.503078125
180000,0.15990625,0.335203125,0.504890625
181000,0.158734375,0.33465625,0.506609375
182000,0.157453125,0.33440625,0.508140625
183000,0.1565625,0.33421875,0.50921875
184000,0.155921875,0.333859375,0.51021875
185000,0.154875,0.333796875,0.511328125
186000,0.154109375,0.333375,0.512515625
187000,0.153234375,0.3336875,0.513078125
188000,0.15271875,0.333375,0.51390625
189000,0.151859375,0.3334375,0.514703125
190000,0.150890625,0.33371875,0.515390625
191000,0.150140625,0.333328125,0.51653125
192000,0.1488125,0.333484375,0.517703125
193000,0.14803125,0.3336875,0.51828125
194000,0.1471875,0.33346875,0.51934375
195000,0.1461875,0.33375,0.5200625
196000,0.145515625,0.3335625,0.520921875
197000,0.144546875,0.3335,0.521953125
198000,0.14353125,0.333578125,0.522890625
199000,0.1426875,0.333296875,0.524015625
200000,0.142078125,0.33340625,0.524515625
201000,0.141296875,0.333890625,0.5248125
202000,0.140703125,0.33340625,0.525890625
203000,0.14015625,0.332890625,0.526953125
204000,0.13909375,0.33246875,0.5284375
205000,0.13815625,0.332296875,0.529546875
206000,0.137515625,0.33196875,0.530515625
207000,0.13665625,0.331609375,0.531734375
208000,0.1358125,0.33125,0.5329375
209000,0.135015625,0.33078125,0.534203125
210000,0.13403125,0.330515625,0.535453125
211000,0.1335625,0.330046875,0.536390625
212000,0.133,0.3294375,0.5375625
213000,0.132296875,0.329046875,0.53865625
214000,0.1314375,0.3290625,0.5395
215000,0.130875,0.328046875,0.541078125
216000,0.12971875,0.328203125,0.542078125
217000,0.128359375,0.328,0.543640625
218000,0.127171875,0.328,0.544828125
219000,0.126703125,0.327734375,0.5455625
220000,0.125703125,0.32759375,0.546703125
221000,0.12509375,0.3276875,0.54721875
222000,0.12428125,0.32759375,0.548125
223000,0.123453125,0.3273125,0.549234375
224000,0.12290625,0.327609375,0.549484375
225000,0.122421875,0.32715625,0.550421875
226000,0.121859375,0.3265,0.551640625
227000,0.121390625,0.325796875,0.5528125
228000,0.120734375,0.3255625,0.553703125
229000,0.120109375,0.32575,0.554140625
230000,0.119546875,0.3256875,0.554765625
231000,0.11921875,0.325515625,0.555265625
232000,0.118375,0.32553125,0.55609375
233000,0.1175,0.325203125,0.557296875
234000,0.116984375,0.324546875,0.55846875
235000,0.11615625,0.32428125,0.5595625
236000,0.11528125,0.32478125,0.5599375
237000,0.114609375,0.324703125,0.5606875
238000,0.11415625,0.324125,0.56171875
239000,0.113703125,0.32309375,0.563203125
240000,0.11275,0.32246875,0.56478125
241000,0.111734375,0.32221875,0.566046875
242000,0.11096875,0.322015625,0.567015625
243000,0.110078125,0.32175,0.568171875
244000,0.10934375,0.32184375,0.5688125
245000,0.108203125,0.321546875,0.57025
246000,0.107546875,0.3210625,0.571390625
247000,0.1068125,0.32046875,0.57271875
248000,0.106203125,0.320421875,0.573375
249000,0.105515625,0.319734375,0.57475
250000,0.104671875,0.31971875,0.575609375
251000,0.10396875,0.319625,0.57640625
252000,0.10315625,0.3200625,0.57678125
253000,0.10246875,0.3200625,0.57746875
254000,0.10184375,0.319453125,0.578703125
255000,0.101484375,0.319421875,0.57909375
256000,0.100859375,0.319453125,0.5796875
257000,0.100140625,0.3195,0.580359375
258000,0.099734375,0.318828125,0.5814375
259000,0.0991875,0.318390625,0.582421875
260000,0.098578125,0.318265625,0.58315625
261000,0.09775,0.317984375,0.584265625
262000,0.097078125,0.31765625,0.585265625
263000,0.09665625,0.317171875,0.586171875
264000,0.09603125,0.316921875,0.587046875
265000,0.0954375,0.317,0.5875625
266000,0.094578125,0.31715625,0.588265625
267000,0.094109375,0.31696875,0.588921875
268000,0.0935,0.316203125,0.590296875
269000,0.0931875,0.316171875,0.590640625
270000,0.09234375,0.316125,0.59153125
271000,0.091828125,0.315859375,0.5923125
272000,0.09125,0.315640625,0.593109375
273000,0.090671875,0.315671875,0.59365625
274000,0.089859375,0.3155625,0.594578125
275000,0.0891875,0.315171875,0.595640625
276000,0.088578125,0.315234375,0.5961875
277000,0.087953125,0.315140625,0.59690625
278000,0.087484375,0.314890625,0.597625
279000,0.086953125,0.314796875,0.59825
280000,0.086265625,0.314796875,0.5989375
281000,0.085484375,0.314375,0.600140625
282000,0.085046875,0.3141875,0.600765625
283000,0.08459375,0.314640625,0.600765625
284000,0.084046875,0.314328125,0.601625
285000,0.08365625,0.313921875,0.602421875
286000,0.08315625,0.313703125,0.603140625
287000,0.082984375,0.3130625,0.603953125
288000,0.08225,0.3125625,0.6051875
289000,0.081578125,0.312546875,0.605875
290000,0.0809375,0.3129375,0.606125
291000,0.080328125,0.312625,0.607046875
292000,0.079890625,0.3125,0.607609375
293000,0.079171875,0.312375,0.608453125
294000,0.078890625,0.3118125,0.609296875
295000,0.078546875,0.311328125,0.610125
296000,0.078046875,0.311109375,0.61084375
297000,0.07740625,0.3113125,0.61128125
298000,0.076875,0.310984375,0.612140625
299000,0.07640625,0.310015625,0.613578125
300000,0.07565625,0.309984375,0.614359375
301000,0.0749375,0.3098125,0.61525
302000,0.074203125,0.30959375,0.616203125
303000,0.0736875,0.309421875,0.616890625
304000,0.073125,0.308890625,0.617984375
305000,0.072484375,0.308875,0.618640625
306000,0.07209375,0.308546875,0.619359375
307000,0.07175,0.30796875,0.62028125
308000,0.070921875,0.30784375,0.621234375
309000,0.070234375,0.308234375,0.62153125
310000,0.06959375,0.308296875,0.622109375
311000,0.069234375,0.308125,0.622640625
312000,0.06878125,0.30846875,0.62275
313000,0.06809375,0.308125,0.62378125
314000,0.067765625,0.30815625,0.624078125
315000,0.06721875,0.308328125,0.624453125
316000,0.06640625,0.307890625,0.625703125
317000,0.066125,0.307609375,0.626265625
318000,0.0653125,0.307328125,0.627359375
319000,0.06478125,0.307421875,0.627796875
320000,0.064640625,0.307484375,0.627875
321000,0.06415625,0.307,0.62884375
322000,0.063875,0.306921875,0.629203125
323000,0.06328125,0.30678125,0.6299375
324000,0.06275,0.306640625,0.630609375
325000,0.062390625,0.306203125,0.63140625
326000,0.061953125,0.305796875,0.63225
327000,0.0615625,0.305484375,0.632953125
328000,0.0611875,0.305265625,0.633546875
329000,0.06084375,0.305109375,0.634046875
330000,0.0603125,0.305046875,0.634640625
331000,0.06028125,0.3044375,0.63528125
332000,0.059828125,0.303796875,0.636375
333000,0.059296875,0.30334375,0.637359375
334000,0.058921875,0.302953125,0.638125
335000,0.058390625,0.302453125,0.63915625
336000,0.05784375,0.302,0.64015625
337000,0.0575625,0.30171875,0.64071875
338000,0.057078125,0.30171875,0.641203125
339000,0.056609375,0.3013125,0.642078125
340000,0.056328125,0.301546875,0.642125
341000,0.055890625,0.30115625,0.642953125
342000,0.055546875,0.300859375,0.64359375
343000,0.05534375,0.300203125,0.644453125
344000,0.05490625,0.300203125,0.644890625
345000,0.054484375,0.30021875,0.645296875
346000,0.053921875,0.299640625,0.6464375
347000,0.053796875,0.29915625,0.647046875
348000,0.05334375,0.298984375,0.647671875
349000,0.052984375,0.2986875,0.648328125
350000,0.052703125,0.29840625,0.648890625
351000,0.05228125,0.297984375,0.649734375
352000,0.05190625,0.297546875,0.650546875
353000,0.05178125,0.297234375,0.650984375
354000,0.05165625,0.29696875,0.651375
355000,0.0514375,0.296328125,0.652234375
356000,0.05084375,0.29625,0.65290625
357000,0.050453125,0.295875,0.653671875
358000,0.05003125,0.295390625,0.654578125
359000,0.049484375,0.294765625,0.65575
360000,0.049234375,0.294921875,0.65584375
361000,0.04890625,0.29440625,0.6566875
362000,0.048609375,0.293921875,0.65746875
363000,0.048546875,0.2938125,0.657640625
364000,0.048234375,0.2929375,0.658828125
365000,0.0478125,0.29309375,0.65909375
366000,0.047453125,0.293234375,0.6593125
367000,0.047140625,0.293375,0.659484375
368000,0.04690625,0.292578125,0.660515625
369000,0.046578125,0.292265625,0.66115625
370000,0.046015625,0.29228125,0.661703125
371000,0.04559375,0.291796875,0.662609375
372000,0.045203125,0.291484375,0.6633125
373000,0.04478125,0.29115625,0.6640625
374000,0.044515625,0.29103125,0.664453125
375000,0.04428125,0.290125,0.66559375
376000,0.04403125,0.289765625,0.666203125
377000,0.043625,0.28934375,0.66703125
378000,0.04315625,0.288640625,0.668203125
379000,0.0428125,0.288125,0.6690625
380000,0.04265625,0.2876875,0.66965625
381000,0.04240625,0.28809375,0.6695
382000,0.0420625,0.28784375,0.67009375
383000,0.04175,0.287359375,0.670890625
384000,0.04153125,0.2871875,0.67128125
385000,0.04103125,0.28684375,0.672125
386000,0.0408125,0.286484375,0.672703125
387000,0.04065625,0.28625,0.67309375
388000,0.040390625,0.285796875,0.6738125
389000,0.0399375,0.285234375,0.674828125
390000,0.0396875,0.28503125,0.67528125
391000,0.039375,0.284578125,0.676046875
392000,0.039109375,0.284015625,0.676875
393000,0.038734375,0.283640625,0.677625
394000,0.038484375,0.2835625,0.677953125
395000,0.03828125,0.283,0.67871875
396000,0.03784375,0.28215625,0.68
397000,0.037625,0.281453125,0.680921875
398000,0.037390625,0.281,0.681609375
399000,0.037203125,0.280265625,0.68253125
400000,0.03703125,0.27996875,0.683
401000,0.0370625,0.278953125,0.683984375
402000,0.03703125,0.278140625,0.684828125
403000,0.03671875,0.278265625,0.685015625
404000,0.036515625,0.27775,0.685734375
405000,0.0364375,0.2771875,0.686375
406000,0.03634375,0.27671875,0.6869375
407000,0.036078125,0.275953125,0.68796875
408000,0.03590625,0.275265625,0.688828125
409000,0.035734375,0.27515625,0.689109375
410000,0.03553125,0.27471875,0.68975
411000,0.035328125,0.274421875,0.69025
412000,0.03509375,0.274046875,0.690859375
413000,0.034890625,0.274015625,0.69109375
414000,0.034609375,0.273859375,0.69153125
415000,0.03421875,0.2735,0.69228125
416000,0.033828125,0.273484375,0.6926875
417000,0.03378125,0.273171875,0.693046875
418000,0.033625,0.272625,0.69375
419000,0.033390625,0.272625,0.693984375
420000,0.033140625,0.272078125,0.69478125
421000,0.03296875,0.271421875,0.695609375
422000,0.032765625,0.27128125,0.695953125
423000,0.03234375,0.270640625,0.697015625
424000,0.032171875,0.27028125,0.697546875
425000,0.03203125,0.269953125,0.698015625
426000,0.031765625,0.269640625,0.69859375
427000,0.031453125,0.26921875,0.699328125
428000,0.031234375,0.268390625,0.700375
429000,0.030984375,0.2680625,0.700953125
430000,0.030875,0.2679375,0.7011875
431000,0.03065625,0.26759375,0.70175
432000,0.03034375,0.267,0.70265625
433000,0.03003125,0.26696875,0.703
434000,0.0299375,0.26675,0.7033125
435000,0.029890625,0.2665,0.703609375
436000,0.029640625,0.266328125,0.70403125
437000,0.029359375,0.2660625,0.704578125
438000,0.02890625,0.265328125,0.705765625
439000,0.028765625,0.264515625,0.70671875
440000,0.02878125,0.2641875,0.70703125
441000,0.0285625,0.26321875,0.70821875
442000,0.028390625,0.262890625,0.70871875
443000,0.02815625,0.2624375,0.70940625
444000,0.028015625,0.262015625,0.70996875
445000,0.02771875,0.26190625,0.710375
446000,0.027515625,0.26215625,0.710328125
447000,0.0273125,0.261453125,0.711234375
448000,0.027109375,0.261390625,0.7115
449000,0.027015625,0.26090625,0.712078125
450000,0.0268125,0.260515625,0.712671875
451000,0.0264375,0.2598125,0.71375
452000,0.02634375,0.259546875,0.714109375
453000,0.025984375,0.2591875,0.714828125
454000,0.0256875,0.259078125,0.715234375
455000,0.025484375,0.258859375,0.71565625
456000,0.0253125,0.258703125,0.715984375
457000,0.024953125,0.258359375,0.7166875
458000,0.02484375,0.258,0.71715625
459000,0.024640625,0.25796875,0.717390625
460000,0.0245,0.257578125,0.717921875
461000,0.02425,0.25728125,0.71846875
462000,0.02396875,0.257046875,0.718984375
463000,0.023890625,0.2564375,0.719671875
464000,0.0236875,0.25609375,0.72021875
465000,0.023609375,0.255921875,0.72046875
466000,0.023359375,0.25521875,0.721421875
467000,0.02315625,0.25440625,0.7224375
468000,0.023015625,0.253609375,0.723375
469000,0.022828125,0.253078125,0.72409375
470000,0.022625,0.252921875,0.724453125
471000,0.022328125,0.252359375,0.7253125
472000,0.022296875,0.252140625,0.7255625
473000,0.02225,0.25184375,0.72590625
474000,0.022015625,0.251875,0.726109375
475000,0.021875,0.251625,0.7265
476000,0.02184375,0.25140625,0.72675
477000,0.021671875,0.251,0.727328125
478000,0.0215,0.250390625,0.728109375
479000,0.0213125,0.25040625,0.72828125
480000,0.02115625,0.24996875,0.728875
481000,0.0210625,0.248875,0.7300625
482000,0.02084375,0.248390625,0.730765625
483000,0.02078125,0.24778125,0.7314375
484000,0.0205625,0.247453125,0.731984375
485000,0.02040625,0.24646875,0.733125
486000,0.020296875,0.246875,0.732828125
487000,0.020375,0.246015625,0.733609375
488000,0.020109375,0.24565625,0.734234375
489000,0.02003125,0.244875,0.73509375
490000,0.01996875,0.24484375,0.7351875
491000,0.019734375,0.2446875,0.735578125
492000,0.019671875,0.244015625,0.7363125
493000,0.019515625,0.24403125,0.736453125
494000,0.019359375,0.243109375,0.73753125
495000,0.01928125,0.2425625,0.73815625
496000,0.018984375,0.242390625,0.738625
497000,0.01878125,0.242046875,0.739171875
498000,0.01865625,0.241515625,0.739828125
499000,0.018390625,0.24125,0.740359375
500000,0.01825,0.24059375,0.74115625
501000,0.01815625,0.24053125,0.7413125
502000,0.0180625,0.240234375,0.741703125
503000,0.01775,0.23978125,0.74246875
504000,0.017625,0.239078125,0.743296875
505000,0.017453125,0.238609375,0.7439375
506000,0.017296875,0.238015625,0.7446875
507000,0.0170625,0.237671875,0.745265625
508000,0.016953125,0.2373125,0.745734375
509000,0.0168125,0.2370625,0.746125
510000,0.016671875,0.23628125,0.747046875
511000,0.01646875,0.235625,0.74790625
512000,0.01628125,0.23503125,0.7486875
513000,0.016171875,0.23471875,0.749109375
514000,0.016140625,0.23446875,0.749390625
515000,0.0160625,0.23396875,0.74996875
516000,0.015984375,0.234125,0.749890625
517000,0.015796875,0.233484375,0.75071875
518000,0.015734375,0.232625,0.751640625
519000,0.01565625,0.2326875,0.75165625
520000,0.0156875,0.2323125,0.752
521000,0.01546875,0.232140625,0.752390625
522000,0.01534375,0.231203125,0.753453125
523000,0.01528125,0.2303125,0.75440625
524000,0.015140625,0.229890625,0.75496875
525000,0.015046875,0.22940625,0.755546875
526000,0.0148125,0.228671875,0.756515625
527000,0.014609375,0.2283125,0.757078125
528000,0.014484375,0.2278125,0.757703125
529000,0.01428125,0.227296875,0.758421875
530000,0.014109375,0.22675,0.759140625
531000,0.0140625,0.226140625,0.759796875
532000,0.013921875,0.2253125,0.760765625
533000,0.013796875,0.224703125,0.7615
534000,0.013703125,0.224203125,0.76209375
535000,0.013390625,0.223625,0.762984375
536000,0.01328125,0.223390625,0.763328125
537000,0.013109375,0.22290625,0.763984375
538000,0.0130625,0.22278125,0.76415625
539000,0.0131875,0.221984375,0.764828125
540000,0.013046875,0.22115625,0.765796875
541000,0.013015625,0.221,0.765984375
542000,0.0129375,0.2209375,0.766125
543000,0.01271875,0.220453125,0.766828125
544000,0.012640625,0.22028125,0.767078125
545000,0.012515625,0.220109375,0.767375
546000,0.012375,0.219515625,0.768109375
547000,0.012234375,0.2194375,0.768328125
548000,0.01225,0.219078125,0.768671875
549000,0.012171875,0.218625,0.769203125
550000,0.0120625,0.218390625,0.769546875
551000,0.011875,0.218078125,0.770046875
552000,0.011859375,0.2176875,0.770453125
553000,0.01171875,0.21746875,0.7708125
554000,0.011515625,0.2171875,0.771296875
555000,0.01146875,0.216765625,0.771765625
556000,0.011375,0.21675,0.771875
557000,0.01121875,0.216125,0.77265625
558000,0.01109375,0.215890625,0.773015625
559000,0.010984375,0.2151875,0.773828125
560000,0.0108125,0.214921875,0.774265625
561000,0.010609375,0.21440625,0.774984375
562000,0.010515625,0.21375,0.775734375
563000,0.010484375,0.2130625,0.776453125
564000,0.010375,0.212375,0.77725
565000,0.010359375,0.21190625,0.777734375
566000,0.010359375,0.211421875,0.77821875
567000,0.010203125,0.211375,0.778421875
568000,0.01015625,0.210859375,0.778984375
569000,0.01003125,0.210484375,0.779484375
570000,0.009953125,0.21003125,0.780015625
571000,0.00984375,0.20928125,0.780875
572000,0.009734375,0.20865625,0.781609375
573000,0.009625,0.208140625,0.782234375
574000,0.009640625,0.207828125,0.78253125
575000,0.009453125,0.207625,0.782921875
576000,0.00940625,0.207625,0.78296875
577000,0.009421875,0.20725,0.783328125
578000,0.00934375,0.20665625,0.784
579000,0.00928125,0.206375,0.78434375
580000,0.0090625,0.206203125,0.784734375
581000,0.009125,0.205765625,0.785109375
582000,0.009015625,0.20546875,0.785515625
583000,0.0090625,0.20540625,0.78553125
584000,0.009078125,0.204984375,0.7859375
585000,0.009,0.204453125,0.786546875
586000,0.008921875,0.204296875,0.78678125
587000,0.00884375,0.2038125,0.78734375
588000,0.00878125,0.2033125,0.78790625
589000,0.008625,0.203015625,0.788359375
590000,0.0085625,0.203,0.7884375
591000,0.0084375,0.202375,0.7891875
592000,0.00834375,0.20146875,0.7901875
593000,0.008265625,0.200796875,0.7909375
594000,0.008140625,0.2005625,0.791296875
595000,0.008046875,0.200046875,0.79190625
596000,0.00790625,0.1995625,0.79253125
597000,0.007890625,0.198953125,0.79315625
598000,0.00778125,0.19853125,0.7936875
599000,0.007703125,0.198234375,0.7940625
600000,0.007625,0.197859375,0.794515625
601000,0.00759375,0.197453125,0.794953125
602000,0.007484375,0.1968125,0.795703125
603000,0.0074375,0.196328125,0.796234375
604000,0.007328125,0.196328125,0.79634375
605000,0.0073125,0.19621875,0.79646875
606000,0.007234375,0.19559375,0.797171875
607000,0.00721875,0.1955625,0.79721875
608000,0.007125,0.195046875,0.797828125
609000,0.007125,0.194828125,0.798046875
610000,0.00715625,0.19446875,0.798375
611000,0.0071875,0.193984375,0.798828125
612000,0.007078125,0.193328125,0.79959375
613000,0.006984375,0.193,0.800015625
614000,0.0068125,0.193109375,0.800078125
615000,0.006828125,0.1925625,0.800609375
616000,0.006796875,0.192109375,0.80109375
617000,0.006734375,0.191515625,0.80175
618000,0.006703125,0.191015625,0.80228125
619000,0.00665625,0.19071875,0.802625
620000,0.006578125,0.19034375,0.803078125
621000,0.00646875,0.19021875,0.8033125
622000,0.006375,0.190125,0.8035
623000,0.00634375,0.189640625,0.804015625
624000,0.00634375,0.18928125,0.804375
625000,0.00628125,0.1889375,0.80478125
626000,0.00625,0.188734375,0.805015625
627000,0.00615625,0.188234375,0.805609375
628000,0.006109375,0.18821875,0.805671875
629000,0.006046875,0.188359375,0.80559375
630000,0.006078125,0.188296875,0.805625
631000,0.006125,0.188296875,0.805578125
632000,0.0060625,0.188125,0.8058125
633000,0.00603125,0.187953125,0.806015625
634000,0.006,0.18725,0.80675
635000,0.006,0.187296875,0.806703125
636000,0.005953125,0.186515625,0.80753125
637000,0.00590625,0.186296875,0.807796875
638000,0.0059375,0.186015625,0.808046875
639000,0.0059375,0.18546875,0.80859375
640000,0.005890625,0.1853125,0.808796875
641000,0.005828125,0.184828125,0.80934375
642000,0.005703125,0.184609375,0.8096875
643000,0.005796875,0.18421875,0.809984375
644000,0.00571875,0.184125,0.81015625
645000,0.0056875,0.18384375,0.81046875
646000,0.005609375,0.183640625,0.81075
647000,0.00559375,0.183296875,0.811109375
648000,0.0055,0.18296875,0.81153125
649000,0.005421875,0.182515625,0.8120625
650000,0.00525,0.182109375,0.812640625
651000,0.005171875,0.18184375,0.812984375
652000,0.0050625,0.1813125,0.813625
653000,0.00503125,0.180890625,0.814078125
654000,0.004984375,0.180421875,0.81459375
655000,0.004921875,0.18003125,0.815046875
656000,0.00490625,0.17990625,0.8151875
657000,0.004828125,0.1795,0.815671875
658000,0.004859375,0.17928125,0.815859375
659000,0.004859375,0.178984375,0.81615625
660000,0.004734375,0.178578125,0.8166875
661000,0.00478125,0.178359375,0.816859375
662000,0.004796875,0.17759375,0.817609375
663000,0.00471875,0.177015625,0.818265625
664000,0.004734375,0.176375,0.818890625
665000,0.004734375,0.175890625,0.819375
666000,0.00475,0.17528125,0.81996875
667000,0.004625,0.175203125,0.820171875
668000,0.004546875,0.174796875,0.82065625
669000,0.004546875,0.174359375,0.82109375
670000,0.004546875,0.17378125,0.821671875
671000,0.00446875,0.173375,0.82215625
672000,0.00446875,0.17271875,0.8228125
673000,0.004484375,0.172015625,0.8235
674000,0.004453125,0.17203125,0.823515625
675000,0.00440625,0.171625,0.82396875
676000,0.004390625,0.17103125,0.824578125
677000,0.00440625,0.170625,0.82496875
678000,0.004390625,0.170453125,0.82515625
679000,0.0043125,0.17021875,0.82546875
680000,0.004265625,0.17003125,0.825703125
681000,0.00421875,0.169609375,0.826171875
682000,0.00421875,0.16940625,0.826375
683000,0.004265625,0.169203125,0.82653125
684000,0.004265625,0.1688125,0.826921875
685000,0.00421875,0.168296875,0.827484375
686000,0.00415625,0.167921875,0.827921875
687000,0.004109375,0.167484375,0.82840625
688000,0.004203125,0.167015625,0.82878125
689000,0.0041875,0.1666875,0.829125
690000,0.004078125,0.166484375,0.8294375
691000,0.004,0.166109375,0.829890625
692000,0.0039375,0.16565625,0.83040625
693000,0.0038125,0.165265625,0.830921875
694000,0.003734375,0.16534375,0.830921875
695000,0.00371875,0.165078125,0.831203125
696000,0.00371875,0.1650625,0.83121875
697000,0.003796875,0.1644375,0.831765625
698000,0.003796875,0.164375,0.831828125
699000,0.003796875,0.163515625,0.8326875
700000,0.00378125,0.162765625,0.833453125
701000,0.00378125,0.16278125,0.8334375
702000,0.00371875,0.162453125,0.833828125
703000,0.003640625,0.1621875,0.834171875
704000,0.003625,0.161515625,0.834859375
705000,0.0035625,0.161171875,0.835265625
706000,0.003578125,0.16059375,0.835828125
707000,0.003578125,0.15975,0.836671875
708000,0.003515625,0.159375,0.837109375
709000,0.003453125,0.15875,0.837796875
710000,0.00346875,0.158671875,0.837859375
711000,0.0034375,0.158375,0.8381875
712000,0.00340625,0.158,0.83859375
713000,0.003375,0.157734375,0.838890625
714000,0.003390625,0.157234375,0.839375
715000,0.003375,0.15665625,0.83996875
716000,0.00334375,0.15621875,0.8404375
717000,0.003390625,0.155921875,0.8406875
718000,0.003375,0.155328125,0.841296875
719000,0.003296875,0.154609375,0.84209375
720000,0.00325,0.154484375,0.842265625
721000,0.00328125,0.154234375,0.842484375
722000,0.003265625,0.154,0.842734375
723000,0.003234375,0.154265625,0.8425
724000,0.003203125,0.153734375,0.8430625
725000,0.0031875,0.15321875,0.84359375
726000,0.0031875,0.15296875,0.84384375
727000,0.003171875,0.152296875,0.84453125
728000,0.003171875,0.151671875,0.84515625
729000,0.003171875,0.151640625,0.8451875
730000,0.003140625,0.151546875,0.8453125
731000,0.00309375,0.151,0.84590625
732000,0.003078125,0.150765625,0.84615625
733000,0.003078125,0.150578125,0.84634375
734000,0.0030625,0.150171875,0.846765625
735000,0.003046875,0.15015625,0.846796875
736000,0.002953125,0.1495625,0.847484375
737000,0.0029375,0.14903125,0.84803125
738000,0.00290625,0.14890625,0.8481875
739000,0.002890625,0.148578125,0.84853125
740000,0.002875,0.148859375,0.848265625
741000,0.002859375,0.148953125,0.8481875
742000,0.002875,0.1485,0.848625
743000,0.002796875,0.14803125,0.849171875
744000,0.00275,0.147921875,0.849328125
745000,0.002703125,0.14746875,0.849828125
746000,0.0026875,0.1474375,0.849875
747000,0.002640625,0.146859375,0.8505
748000,0.00265625,0.146765625,0.850578125
749000,0.00265625,0.146421875,0.850921875
750000,0.002671875,0.145859375,0.85146875
751000,0.002640625,0.145484375,0.851875
752000,0.0026875,0.14521875,0.85209375
753000,0.002734375,0.1445,0.852765625
754000,0.002734375,0.144171875,0.85309375
755000,0.002734375,0.14409375,0.853171875
756000,0.002703125,0.143484375,0.8538125
757000,0.00271875,0.143265625,0.854015625
758000,0.00275,0.142828125,0.854421875
759000,0.002734375,0.142421875,0.85484375
760000,0.002703125,0.142171875,0.855125
761000,0.002703125,0.142140625,0.85515625
762000,0.002703125,0.14171875,0.855578125
763000,0.0026875,0.141171875,0.856140625
764000,0.002609375,0.14090625,0.856484375
765000,0.002578125,0.14065625,0.856765625
766000,0.002578125,0.140140625,0.85728125
767000,0.002515625,0.13996875,0.857515625
768000,0.00246875,0.13953125,0.858
769000,0.0024375,0.13928125,0.85828125
770000,0.002375,0.1391875,0.8584375
771000,0.002375,0.138703125,0.858921875
772000,0.00234375,0.13834375,0.8593125
773000,0.002375,0.13765625,0.85996875
774000,0.0023125,0.137109375,0.860578125
775000,0.0023125,0.1369375,0.86075
776000,0.002265625,0.13653125,0.861203125
777000,0.002265625,0.13628125,0.861453125
778000,0.0021875,0.13559375,0.86221875
779000,0.002203125,0.13540625,0.862390625
780000,0.00221875,0.134953125,0.862828125
781000,0.0021875,0.134484375,0.863328125
782000,0.002171875,0.134265625,0.8635625
783000,0.002140625,0.133984375,0.863875
784000,0.00209375,0.133375,0.86453125
785000,0.00203125,0.133078125,0.864890625
786000,0.002,0.133078125,0.864921875
787000,0.00196875,0.132578125,0.865453125
788000,0.00190625,0.13215625,0.8659375
789000,0.001890625,0.13171875,0.866390625
790000,0.001859375,0.13134375,0.866796875
791000,0.00190625,0.131234375,0.866859375
792000,0.001921875,0.130921875,0.86715625
793000,0.001921875,0.130328125,0.86775
794000,0.00190625,0.12996875,0.868125
795000,0.001890625,0.1295,0.868609375
796000,0.001859375,0.12925,0.868890625
797000,0.00184375,0.128859375,0.869296875
798000,0.00184375,0.128546875,0.869609375
799000,0.0018125,0.12815625,0.87003125
800000,0.001765625,0.127859375,0.870375
801000,0.00175,0.12753125,0.87071875
802000,0.001734375,0.1273125,0.870953125
803000,0.001703125,0.12703125,0.871265625
804000,0.001671875,0.126625,0.871703125
805000,0.0016875,0.126609375,0.871703125
806000,0.001703125,0.126171875,0.872125
807000,0.001671875,0.1255625,0.872765625
808000,0.00165625,0.12509375,0.87325
809000,0.00165625,0.1245625,0.87378125
810000,0.00165625,0.12403125,0.8743125
811000,0.00165625,0.123875,0.87446875
812000,0.001625,0.1235625,0.8748125
813000,0.00159375,0.122796875,0.875609375
814000,0.0015625,0.122578125,0.875859375
815000,0.00153125,0.122453125,0.876015625
816000,0.00146875,0.121890625,0.876640625
817000,0.00140625,0.12171875,0.876875
818000,0.001390625,0.121359375,0.87725
819000,0.001359375,0.121046875,0.87759375
820000,0.001359375,0.12096875,0.877671875
821000,0.00134375,0.120703125,0.877953125
822000,0.00134375,0.120390625,0.878265625
823000,0.0013125,0.11975,0.8789375
824000,0.001328125,0.119421875,0.87925
825000,0.001328125,0.11909375,0.879578125
826000,0.001296875,0.11871875,0.879984375
827000,0.001296875,0.118609375,0.88009375
828000,0.001296875,0.118546875,0.88015625
829000,0.00128125,0.118078125,0.880640625
830000,0.001296875,0.1178125,0.880890625
831000,0.001359375,0.116828125,0.8818125
832000,0.001359375,0.11653125,0.882109375
833000,0.001375,0.116234375,0.882390625
834000,0.00134375,0.116015625,0.882640625
835000,0.00134375,0.115828125,0.882828125
836000,0.001359375,0.115578125,0.8830625
837000,0.001359375,0.11546875,0.883171875
838000,0.001359375,0.115421875,0.88321875
839000,0.001328125,0.115203125,0.88346875
840000,0.001328125,0.1148125,0.883859375
841000,0.001296875,0.11490625,0.883796875
842000,0.00128125,0.11484375,0.883875
843000,0.001296875,0.11446875,0.884234375
844000,0.0013125,0.1145625,0.884125
845000,0.00128125,0.11409375,0.884625
846000,0.001265625,0.11365625,0.885078125
847000,0.001265625,0.1133125,0.885421875
848000,0.00121875,0.11328125,0.8855
849000,0.0011875,0.112875,0.8859375
850000,0.001125,0.112796875,0.886078125
851000,0.001125,0.112421875,0.886453125
852000,0.001109375,0.11240625,0.886484375
853000,0.00109375,0.11225,0.88665625
854000,0.0010625,0.112015625,0.886921875
855000,0.0010625,0.11175,0.8871875
856000,0.001046875,0.1116875,0.887265625
857000,0.00103125,0.11146875,0.8875
858000,0.001046875,0.111171875,0.88778125
859000,0.001078125,0.110765625,0.88815625
860000,0.001078125,0.11059375,0.888328125
861000,0.001078125,0.11028125,0.888640625
862000,0.0010625,0.109875,0.8890625
863000,0.00109375,0.109671875,0.889234375
864000,0.00109375,0.10953125,0.889375
865000,0.001078125,0.109265625,0.88965625
866000,0.00109375,0.109015625,0.889890625
867000,0.001109375,0.108359375,0.89053125
868000,0.00109375,0.107921875,0.890984375
869000,0.0010625,0.107296875,0.891640625
870000,0.001015625,0.10665625,0.892328125
871000,0.001015625,0.106078125,0.89290625
872000,0.000984375,0.10590625,0.893109375
873000,0.00096875,0.1054375,0.89359375
874000,0.000953125,0.105296875,0.89375
875000,0.0009375,0.1051875,0.893875
876000,0.0009375,0.105109375,0.893953125
877000,0.000953125,0.1049375,0.894109375
878000,0.0009375,0.10484375,0.89421875
879000,0.00096875,0.1044375,0.89459375
880000,0.00096875,0.10440625,0.894625
881000,0.00096875,0.104140625,0.894890625
882000,0.000953125,0.103625,0.895421875
883000,0.000984375,0.103234375,0.89578125
884000,0.000921875,0.102953125,0.896125
885000,0.000921875,0.1029375,0.896140625
886000,0.000890625,0.102359375,0.89675
887000,0.000875,0.102015625,0.897109375
888000,0.00084375,0.10184375,0.8973125
889000,0.000796875,0.10146875,0.897734375
890000,0.00078125,0.1010625,0.89815625
891000,0.00078125,0.100703125,0.898515625
892000,0.000765625,0.10025,0.898984375
893000,0.00075,0.1000625,0.8991875
894000,0.000765625,0.099875,0.899359375
895000,0.00075,0.09940625,0.89984375
896000,0.000734375,0.0990625,0.900203125
897000,0.00071875,0.098609375,0.900671875
898000,0.00071875,0.09821875,0.9010625
899000,0.00071875,0.097765625,0.901515625
900000,0.00071875,0.09746875,0.9018125
901000,0.00071875,0.097203125,0.902078125
902000,0.000703125,0.096875,0.902421875
903000,0.000703125,0.09678125,0.902515625
904000,0.000703125,0.096625,0.902671875
905000,0.0006875,0.096265625,0.903046875
906000,0.000671875,0.095953125,0.903375
907000,0.00065625,0.09578125,0.9035625
908000,0.000640625,0.09525,0.904109375
909000,0.000625,0.094796875,0.904578125
910000,0.00059375,0.0945,0.90490625
911000,0.00059375,0.094390625,0.905015625
912000,0.0005625,0.093921875,0.905515625
913000,0.0005625,0.0935625,0.905875
914000,0.000546875,0.093109375,0.90634375
915000,0.000546875,0.09315625,0.906296875
916000,0.000546875,0.09284375,0.906609375
917000,0.00053125,0.092375,0.90709375
918000,0.00053125,0.09215625,0.9073125
919000,0.00053125,0.091765625,0.907703125
920000,0.0005,0.0915625,0.9079375
921000,0.000515625,0.09140625,0.908078125
922000,0.000515625,0.091140625,0.90834375
923000,0.000515625,0.09078125,0.908703125
924000,0.000515625,0.0905,0.908984375
925000,0.000515625,0.09040625,0.909078125
926000,0.000515625,0.090234375,0.90925
927000,0.000515625,0.089609375,0.909875
928000,0.000484375,0.089578125,0.9099375
929000,0.000484375,0.089140625,0.910375
930000,0.000484375,0.08878125,0.910734375
931000,0.0005,0.08834375,0.91115625
932000,0.000484375,0.088203125,0.9113125
933000,0.00046875,0.0879375,0.91159375
934000,0.000453125,0.0878125,0.911734375
935000,0.000453125,0.087578125,0.91196875
936000,0.000453125,0.08721875,0.912328125
937000,0.0004375,0.086734375,0.912828125
938000,0.000421875,0.086578125,0.913
939000,0.000421875,0.0861875,0.913390625
940000,0.000421875,0.086296875,0.91328125
941000,0.000421875,0.085640625,0.9139375
942000,0.000421875,0.08528125,0.914296875
943000,0.000421875,0.08509375,0.914484375
944000,0.00040625,0.08490625,0.9146875
945000,0.00040625,0.084859375,0.914734375
946000,0.00040625,0.084625,0.91496875
947000,0.00040625,0.08425,0.91534375
948000,0.000390625,0.08415625,0.915453125
949000,0.000390625,0.0838125,0.915796875
950000,0.000390625,0.083703125,0.91590625
951000,0.000390625,0.08328125,0.916328125
952000,0.000390625,0.083046875,0.9165625
953000,0.000390625,0.08271875,0.916890625
954000,0.000390625,0.082140625,0.91746875
955000,0.000390625,0.081984375,0.917625
956000,0.000390625,0.081890625,0.91771875
957000,0.000375,0.081890625,0.917734375
958000,0.000359375,0.0818125,0.917828125
959000,0.00034375,0.081421875,0.918234375
960000,0.00034375,0.081109375,0.918546875
961000,0.000328125,0.0804375,0.919234375
962000,0.000328125,0.08028125,0.919390625
963000,0.000328125,0.0799375,0.919734375
964000,0.000328125,0.07971875,0.919953125
965000,0.000328125,0.07953125,0.920140625
966000,0.0003125,0.07946875,0.92021875
967000,0.0003125,0.079296875,0.920390625
968000,0.0003125,0.078984375,0.920703125
969000,0.0003125,0.0785625,0.921125
970000,0.0003125,0.078453125,0.921234375
971000,0.0003125,0.078390625,0.921296875
972000,0.0003125,0.078125,0.9215625
973000,0.0003125,0.07771875,0.92196875
974000,0.0003125,0.077109375,0.922578125
975000,0.0003125,0.07690625,0.92278125
976000,0.0003125,0.076625,0.9230625
977000,0.000296875,0.076546875,0.92315625
978000,0.000296875,0.076109375,0.92359375
979000,0.000296875,0.07603125,0.923671875
980000,0.000296875,0.075671875,0.92403125
981000,0.00028125,0.07534375,0.924375
982000,0.00028125,0.07484375,0.924875
983000,0.00028125,0.07484375,0.924875
984000,0.00028125,0.074578125,0.925140625
985000,0.000265625,0.07453125,0.925203125
986000,0.000265625,0.074203125,0.92553125
987000,0.000265625,0.07396875,0.925765625
988000,0.000265625,0.073859375,0.925875
989000,0.000265625,0.07365625,0.926078125
990000,0.00025,0.0735,0.92625
991000,0.000234375,0.072984375,0.92678125
992000,0.000234375,0.072625,0.927140625
993000,0.000234375,0.07221875,0.927546875
994000,0.000234375,0.071859375,0.92790625
995000,0.000234375,0.071359375,0.92840625
996000,0.000234375,0.071265625,0.9285
997000,0.00021875,0.071328125,0.928453125
998000,0.00021875,0.071140625,0.928640625
999000,0.00021875,0.070625,0.92915625
1000000,0.000203125,0.070421875,0.929375
