1000,0.330671875,0.331734375,0.33759375
2000,0.329875,0.332015625,0.338109375
3000,0.32809375,0.33290625,0.339
4000,0.327015625,0.3335625,0.339421875
5000,0.32665625,0.333609375,0.339734375
6000,0.325296875,0.334046875,0.34065625
7000,0.32403125,0.334609375,0.341359375
8000,0.322890625,0.3350625,0.342046875
9000,0.322078125,0.335390625,0.34253125
10000,0.321078125,0.33603125,0.342890625
11000,0.320328125,0.336078125,0.34359375
12000,0.318890625,0.33659375,0.344515625
13000,0.318046875,0.337,0.344953125
14000,0.31621875,0.337625,0.34615625
15000,0.315359375,0.33796875,0.346671875
16000,0.31415625,0.338265625,0.347578125
17000,0.31328125,0.338328125,0.348390625
18000,0.311984375,0.339125,0.348890625
19000,0.31040625,0.33978125,0.3498125
20000,0.309125,0.34,0.350875
21000,0.30759375,0.341015625,0.351390625
22000,0.3059375,0.340859375,0.353203125
23000,0.30459375,0.34115625,0.35425
24000,0.302734375,0.341859375,0.35540625
25000,0.3019375,0.342078125,0.355984375
26000,0.30003125,0.342875,0.35709375
27000,0.298484375,0.343453125,0.3580625
28000,0.29728125,0.343796875,0.358921875
29000,0.295640625,0.34421875,0.360140625
30000,0.294625,0.34434375,0.36103125
31000,0.293078125,0.34509375,0.361828125
32000,0.291625,0.34515625,0.36321875
33000,0.2900625,0.345515625,0.364421875
34000,0.288890625,0.34565625,0.365453125
35000,0.287890625,0.345875,0.366234375
36000,0.28625,0.346390625,0.367359375
37000,0.28521875,0.346484375,0.368296875
38000,0.283640625,0.346765625,0.36959375
39000,0.281703125,0.347171875,0.371125
40000,0.27996875,0.3474375,0.37259375
41000,0.278015625,0.34846875,0.373515625
42000,0.276609375,0.349140625,0.37425
43000,0.27521875,0.349171875,0.375609375
44000,0.273625,0.349546875,0.376828125
45000,0.27228125,0.34934375,0.378375
46000,0.270515625,0.3495625,0.379921875
47000,0.268890625,0.350265625,0.38084375
48000,0.267328125,0.35046875,0.382203125
49000,0.26565625,0.350953125,0.383390625
50000,0.264703125,0.35090625,0.384390625
51000,0.263140625,0.35109375,0.385765625
52000,0.26175,0.351640625,0.386609375
53000,0.260515625,0.352125,0.387359375
54000,0.258953125,0.352328125,0.38871875
55000,0.257703125,0.352,0.390296875
56000,0.256734375,0.352703125,0.3905625
57000,0.255234375,0.352828125,0.3919375
58000,0.253875,0.3536875,0.3924375
59000,0.252953125,0.353734375,0.3933125
60000,0.251625,0.3536875,0.3946875
61000,0.249953125,0.354328125,0.39571875
62000,0.248921875,0.3545625,0.396515625
63000,0.247609375,0.354375,0.398015625
64000,0.245484375,0.35503125,0.399484375
65000,0.244390625,0.35521875,0.400390625
66000,0.243015625,0.355828125,0.40115625
67000,0.2413125,0.356515625,0.402171875
68000,0.23975,0.357109375,0.403140625
69000,0.237859375,0.357484375,0.40465625
70000,0.236109375,0.357734375,0.40615625
71000,0.23459375,0.357859375,0.407546875
72000,0.232828125,0.358390625,0.40878125
73000,0.231640625,0.3585625,0.409796875
74000,0.230546875,0.359078125,0.410375
75000,0.229578125,0.359203125,0.41121875
76000,0.228203125,0.359640625,0.41215625
77000,0.22653125,0.36025,0.41321875
78000,0.225234375,0.360328125,0.4144375
79000,0.223984375,0.3596875,0.416328125
80000,0.222171875,0.36040625,0.417421875
81000,0.221171875,0.36028125,0.418546875
82000,0.2195625,0.360375,0.4200625
83000,0.218421875,0.360578125,0.421
84000,0.21721875,0.361015625,0.421765625
85000,0.215390625,0.362453125,0.42215625
86000,0.21434375,0.363,0.42265625
87000,0.2130625,0.3630625,0.423875
88000,0.21146875,0.363515625,0.425015625
89000,0.2104375,0.363984375,0.425578125
90000,0.209046875,0.364015625,0.4269375
91000,0.20725,0.364796875,0.427953125
92000,0.205640625,0.3655,0.428859375
93000,0.204234375,0.36590625,0.429859375
94000,0.20240625,0.36584375,0.43175
95000,0.20121875,0.365640625,0.433140625
96000,0.199703125,0.36571875,0.434578125
97000,0.19853125,0.365640625,0.435828125
98000,0.19721875,0.36615625,0.436625
99000,0.195828125,0.367015625,0.43715625
100000,0.194875,0.367,0.438125
101000,0.1935,0.3675625,0.4389375
102000,0.191953125,0.36790625,0.440140625
103000,0.19046875,0.368375,0.44115625
104000,0.189109375,0.368734375,0.44215625
105000,0.187984375,0.368703125,0.4433125
106000,0.18671875,0.36875,0.44453125
107000,0.18540625,0.368296875,0.446296875
108000,0.184140625,0.3689375,0.446921875
109000,0.182859375,0.369140625,0.448
110000,0.181953125,0.368796875,0.44925
111000,0.18065625,0.3689375,0.45040625
112000,0.179203125,0.369125,0.451671875
113000,0.17859375,0.369109375,0.452296875
114000,0.17725,0.3690625,0.4536875
115000,0.176125,0.369515625,0.454359375
116000,0.174828125,0.369859375,0.4553125
117000,0.173765625,0.36996875,0.456265625
118000,0.172546875,0.370359375,0.45709375
119000,0.17165625,0.370046875,0.458296875
120000,0.17025,0.370328125,0.459421875
121000,0.168828125,0.370203125,0.46096875
122000,0.16771875,0.3703125,0.46196875
123000,0.166734375,0.37071875,0.462546875
124000,0.165625,0.3705625,0.4638125
125000,0.16446875,0.370546875,0.464984375
126000,0.16328125,0.3705,0.46621875
127000,0.16209375,0.370890625,0.467015625
128000,0.160921875,0.370421875,0.46865625
129000,0.15971875,0.370453125,0.469828125
130000,0.15871875,0.370609375,0.470671875
131000,0.158203125,0.3699375,0.471859375
132000,0.157140625,0.3699375,0.472921875
133000,0.155875,0.37040625,0.47371875
134000,0.154984375,0.370984375,0.47403125
135000,0.153640625,0.371125,0.475234375
136000,0.1524375,0.37084375,0.47671875
137000,0.151140625,0.37096875,0.477890625
138000,0.150265625,0.37078125,0.478953125
139000,0.149234375,0.370078125,0.4806875
140000,0.148109375,0.3698125,0.482078125
141000,0.1474375,0.370203125,0.482359375
142000,0.146140625,0.370328125,0.48353125
143000,0.145453125,0.36990625,0.484640625
144000,0.14446875,0.369828125,0.485703125
145000,0.143578125,0.369765625,0.48665625
146000,0.142359375,0.37003125,0.487609375
147000,0.14146875,0.370078125,0.488453125
148000,0.140390625,0.37028125,0.489328125
149000,0.13975,0.370171875,0.490078125
150000,0.138984375,0.370125,0.490890625
151000,0.138046875,0.370171875,0.49178125
152000,0.137109375,0.370453125,0.4924375
153000,0.1360625,0.37034375,0.49359375
154000,0.134765625,0.37065625,0.494578125
155000,0.13378125,0.370109375,0.496109375
156000,0.132484375,0.370421875,0.49709375
157000,0.1311875,0.37040625,0.49840625
158000,0.12990625,0.370046875,0.500046875
159000,0.128984375,0.37025,0.500765625
160000,0.127921875,0.37028125,0.501796875
161000,0.126734375,0.370296875,0.50296875
162000,0.125484375,0.37040625,0.504109375
163000,0.1241875,0.37034375,0.50546875
164000,0.123234375,0.370640625,0.506125
165000,0.122171875,0.36996875,0.507859375
166000,0.121015625,0.37015625,0.508828125
167000,0.1199375,0.370234375,0.509828125
168000,0.118921875,0.37034375,0.510734375
169000,0.118125,0.37003125,0.51184375
170000,0.117515625,0.369921875,0.5125625
171000,0.11659375,0.370046875,0.513359375
172000,0.116171875,0.37025,0.513578125
173000,0.11503125,0.369921875,0.515046875
174000,0.113859375,0.37071875,0.515421875
175000,0.112546875,0.371,0.516453125
176000,0.111515625,0.371515625,0.51696875
177000,0.110984375,0.371125,0.517890625
178000,0.110109375,0.370890625,0.519
179000,0.109265625,0.370703125,0.52003125
180000,0.108515625,0.370875,0.520609375
181000,0.107421875,0.370890625,0.5216875
182000,0.106375,0.370890625,0.522734375
183000,0.10596875,0.369875,0.52415625
184000,0.105203125,0.3701875,0.524609375
185000,0.1041875,0.3701875,0.525625
186000,0.103140625,0.37059375,0.526265625
187000,0.102375,0.370265625,0.527359375
188000,0.101609375,0.369875,0.528515625
189000,0.10075,0.37009375,0.52915625
190000,0.099703125,0.369921875,0.530375
191000,0.098875,0.370171875,0.530953125
192000,0.09784375,0.3701875,0.53196875
193000,0.097203125,0.370390625,0.53240625
194000,0.0966875,0.370140625,0.533171875
195000,0.09596875,0.369265625,0.534765625
196000,0.09525,0.369203125,0.535546875
197000,0.094453125,0.369296875,0.53625
198000,0.094140625,0.369,0.536859375
199000,0.093359375,0.369328125,0.5373125
200000,0.09271875,0.3693125,0.53796875
201000,0.09184375,0.368984375,0.539171875
202000,0.09090625,0.369140625,0.539953125
203000,0.0899375,0.368546875,0.541515625
204000,0.08921875,0.36878125,0.542
205000,0.088578125,0.368828125,0.54259375
206000,0.0879375,0.368609375,0.543453125
207000,0.087296875,0.368625,0.544078125
208000,0.08665625,0.3675,0.54584375
209000,0.08596875,0.36734375,0.5466875
210000,0.0853125,0.367171875,0.547515625
211000,0.08475,0.366515625,0.548734375
212000,0.08440625,0.366171875,0.549421875
213000,0.08359375,0.365328125,0.551078125
214000,0.08309375,0.364703125,0.552203125
215000,0.08221875,0.36446875,0.5533125
216000,0.081703125,0.364734375,0.5535625
217000,0.081078125,0.364625,0.554296875
218000,0.080328125,0.364703125,0.55496875
219000,0.07934375,0.3645625,0.55609375
220000,0.0788125,0.364875,0.5563125
221000,0.077703125,0.364828125,0.55746875
222000,0.077171875,0.364296875,0.55853125
223000,0.07646875,0.364421875,0.559109375
224000,0.076015625,0.3645625,0.559421875
225000,0.07534375,0.364375,0.56028125
226000,0.074921875,0.363984375,0.56109375
227000,0.074390625,0.363640625,0.56196875
228000,0.07378125,0.36375,0.56246875
229000,0.073484375,0.363640625,0.562875
230000,0.072859375,0.363328125,0.5638125
231000,0.0723125,0.36284375,0.56484375
232000,0.071671875,0.36271875,0.565609375
233000,0.071375,0.36225,0.566375
234000,0.07090625,0.362171875,0.566921875
235000,0.070171875,0.36221875,0.567609375
236000,0.069640625,0.361890625,0.56846875
237000,0.069109375,0.361984375,0.56890625
238000,0.0686875,0.3619375,0.569375
239000,0.068453125,0.3615,0.570046875
240000,0.0680625,0.360984375,0.570953125
241000,0.06753125,0.360875,0.57159375
242000,0.067109375,0.360484375,0.57240625
243000,0.066640625,0.360328125,0.57303125
244000,0.066140625,0.360515625,0.57334375
245000,0.065640625,0.360234375,0.574125
246000,0.06490625,0.359890625,0.575203125
247000,0.0643125,0.36021875,0.57546875
248000,0.06396875,0.359609375,0.576421875
249000,0.063578125,0.359015625,0.57740625
250000,0.062953125,0.358640625,0.57840625
251000,0.06246875,0.3590625,0.57846875
252000,0.061984375,0.3588125,0.579203125
253000,0.061453125,0.358140625,0.58040625
254000,0.06109375,0.358171875,0.580734375
255000,0.06065625,0.35775,0.58159375
256000,0.060140625,0.357875,0.581984375
257000,0.059390625,0.357828125,0.58278125
258000,0.058765625,0.357484375,0.58375
259000,0.058375,0.357078125,0.584546875
260000,0.058,0.3561875,0.5858125
261000,0.057484375,0.35678125,0.585734375
262000,0.056921875,0.35628125,0.586796875
263000,0.0565625,0.356109375,0.587328125
264000,0.056,0.3556875,0.5883125
265000,0.055703125,0.35525,0.589046875
266000,0.05525,0.35421875,0.59053125
267000,0.0548125,0.35396875,0.59121875
268000,0.054203125,0.35415625,0.591640625
269000,0.05365625,0.3543125,0.59203125
270000,0.05325,0.35409375,0.59265625
271000,0.0528125,0.353546875,0.593640625
272000,0.05240625,0.353609375,0.593984375
273000,0.05184375,0.353484375,0.594671875
274000,0.051390625,0.3526875,0.595921875
275000,0.0509375,0.352421875,0.596640625
276000,0.050515625,0.352484375,0.597
277000,0.05015625,0.35271875,0.597125
278000,0.049515625,0.352578125,0.59790625
279000,0.049125,0.352328125,0.598546875
280000,0.048796875,0.352109375,0.59909375
281000,0.048296875,0.352453125,0.59925
282000,0.047953125,0.352390625,0.59965625
283000,0.047390625,0.35234375,0.600265625
284000,0.04690625,0.351859375,0.601234375
285000,0.046296875,0.35228125,0.601421875
286000,0.045859375,0.35184375,0.602296875
287000,0.04553125,0.351375,0.60309375
288000,0.045046875,0.35109375,0.603859375
289000,0.04465625,0.3505625,0.60478125
290000,0.04434375,0.349796875,0.605859375
291000,0.044046875,0.349625,0.606328125
292000,0.043515625,0.3491875,0.607296875
293000,0.043140625,0.34884375,0.608015625
294000,0.042703125,0.34840625,0.608890625
295000,0.042265625,0.348234375,0.6095
296000,0.04171875,0.34853125,0.60975
297000,0.041375,0.348828125,0.609796875
298000,0.04103125,0.34840625,0.6105625
299000,0.040734375,0.347328125,0.6119375
300000,0.040578125,0.347453125,0.61196875
301000,0.040171875,0.347375,0.612453125
302000,0.04,0.347359375,0.612640625
303000,0.03978125,0.346453125,0.613765625
304000,0.0394375,0.3456875,0.614875
305000,0.0390625,0.3456875,0.61525
306000,0.03875,0.344890625,0.616359375
307000,0.038375,0.344578125,0.617046875
308000,0.037796875,0.344,0.618203125
309000,0.037390625,0.3439375,0.618671875
310000,0.0370625,0.34384375,0.61909375
311000,0.036734375,0.34303125,0.620234375
312000,0.036375,0.34275,0.620875
313000,0.036078125,0.3423125,0.621609375
314000,0.03575,0.34203125,0.62221875
315000,0.035296875,0.3418125,0.622890625
316000,0.035015625,0.341625,0.623359375
317000,0.0346875,0.341265625,0.624046875
318000,0.034234375,0.341375,0.624390625
319000,0.0338125,0.341125,0.6250625
320000,0.0335,0.3409375,0.6255625
321000,0.033296875,0.34109375,0.625609375
322000,0.033015625,0.341015625,0.62596875
323000,0.03284375,0.341015625,0.626140625
324000,0.032625,0.341171875,0.626203125
325000,0.03246875,0.341328125,0.626203125
326000,0.032109375,0.341359375,0.62653125
327000,0.031671875,0.340765625,0.6275625
328000,0.03153125,0.34090625,0.6275625
329000,0.031359375,0.340109375,0.62853125
330000,0.031015625,0.33934375,0.629640625
331000,0.030734375,0.338796875,0.63046875
332000,0.030265625,0.338875,0.630859375
333000,0.030046875,0.3386875,0.631265625
334000,0.029765625,0.33821875,0.632015625
335000,0.029390625,0.338078125,0.63253125
336000,0.028984375,0.3375,0.633515625
337000,0.028953125,0.337359375,0.6336875
338000,0.028734375,0.336921875,0.63434375
339000,0.028546875,0.33684375,0.634609375
340000,0.0281875,0.336890625,0.634921875
341000,0.027953125,0.336328125,0.63571875
342000,0.0276875,0.335828125,0.636484375
343000,0.027421875,0.335421875,0.63715625
344000,0.027125,0.335421875,0.637453125
345000,0.02665625,0.335359375,0.637984375
346000,0.026390625,0.334953125,0.63865625
347000,0.0261875,0.3345625,0.63925
348000,0.025953125,0.3335,0.640546875
349000,0.025765625,0.332859375,0.641375
350000,0.0254375,0.332953125,0.641609375
351000,0.0251875,0.33275,0.6420625
352000,0.02503125,0.33225,0.64271875
353000,0.024765625,0.331625,0.643609375
354000,0.024484375,0.331390625,0.644125
355000,0.02421875,0.33125,0.64453125
356000,0.02396875,0.330953125,0.645078125
357000,0.02371875,0.330453125,0.645828125
358000,0.0235625,0.330203125,0.646234375
359000,0.023296875,0.32946875,0.647234375
360000,0.023203125,0.3296875,0.647109375
361000,0.022953125,0.329,0.648046875
362000,0.0228125,0.328984375,0.648203125
363000,0.0226875,0.328125,0.6491875
364000,0.022515625,0.32771875,0.649765625
365000,0.022328125,0.32690625,0.650765625
366000,0.0221875,0.326796875,0.651015625
367000,0.022015625,0.32625,0.651734375
368000,0.02175,0.32615625,0.65209375
369000,0.0214375,0.32584375,0.65271875
370000,0.02125,0.325671875,0.653078125
371000,0.020984375,0.32534375,0.653671875
372000,0.02078125,0.324921875,0.654296875
373000,0.02075,0.324765625,0.654484375
374000,0.020578125,0.324796875,0.654625
375000,0.020328125,0.324734375,0.6549375
376000,0.02028125,0.32375,0.65596875
377000,0.020046875,0.323765625,0.6561875
378000,0.019921875,0.323046875,0.65703125
379000,0.019765625,0.32296875,0.657265625
380000,0.01965625,0.323203125,0.657140625
381000,0.019640625,0.322859375,0.6575
382000,0.019421875,0.32234375,0.658234375
383000,0.01928125,0.321828125,0.658890625
384000,0.019015625,0.321515625,0.65946875
385000,0.01890625,0.321375,0.65971875
386000,0.018671875,0.32065625,0.660671875
387000,0.01859375,0.3201875,0.66121875
388000,0.01834375,0.3199375,0.66171875
389000,0.018171875,0.31934375,0.662484375
390000,0.01803125,0.31884375,0.663125
391000,0.01803125,0.318734375,0.663234375
392000,0.017953125,0.318375,0.663671875
393000,0.017875,0.31775,0.664375
394000,0.017734375,0.31728125,0.664984375
395000,0.017640625,0.31665625,0.665703125
396000,0.0175625,0.316390625,0.666046875
397000,0.017375,0.3163125,0.6663125
398000,0.017265625,0.31571875,0.667015625
399000,0.017109375,0.3155,0.667390625
400000,0.016921875,0.315546875,0.66753125
401000,0.016765625,0.315296875,0.6679375
402000,0.016609375,0.31509375,0.668296875
403000,0.016453125,0.314421875,0.669125
404000,0.01640625,0.314265625,0.669328125
405000,0.0161875,0.31428125,0.66953125
406000,0.016078125,0.313328125,0.67059375
407000,0.01590625,0.31328125,0.6708125
408000,0.015875,0.31296875,0.67115625
409000,0.015703125,0.312625,0.671671875
410000,0.01546875,0.313046875,0.671484375
411000,0.015421875,0.3125625,0.672015625
412000,0.015296875,0.311921875,0.67278125
413000,0.015203125,0.311765625,0.67303125
414000,0.015078125,0.311609375,0.6733125
415000,0.014921875,0.31121875,0.673859375
416000,0.014859375,0.311078125,0.6740625
417000,0.014734375,0.310890625,0.674375
418000,0.014515625,0.31053125,0.674953125
419000,0.0143125,0.309921875,0.675765625
420000,0.01415625,0.309609375,0.676234375
421000,0.014046875,0.309515625,0.6764375
422000,0.013953125,0.30865625,0.677390625
423000,0.013828125,0.308484375,0.6776875
424000,0.013765625,0.308234375,0.678
425000,0.013703125,0.30815625,0.678140625
426000,0.013484375,0.3076875,0.678828125
427000,0.013359375,0.307140625,0.6795
428000,0.01328125,0.307390625,0.679328125
429000,0.013140625,0.307234375,0.679625
430000,0.013046875,0.307046875,0.67990625
431000,0.012890625,0.3064375,0.680671875
432000,0.0128125,0.30609375,0.68109375
433000,0.01275,0.305609375,0.681640625
434000,0.012578125,0.30515625,0.682265625
435000,0.012390625,0.30503125,0.682578125
436000,0.012265625,0.304171875,0.6835625
437000,0.0121875,0.30375,0.6840625
438000,0.01209375,0.3034375,0.68446875
439000,0.012046875,0.302546875,0.68540625
440000,0.011921875,0.3025,0.685578125
441000,0.011921875,0.301953125,0.686125
442000,0.01178125,0.301578125,0.686640625
443000,0.01165625,0.301671875,0.686671875
444000,0.011484375,0.30121875,0.687296875
445000,0.01140625,0.301046875,0.687546875
446000,0.01128125,0.301265625,0.687453125
447000,0.01121875,0.30096875,0.6878125
448000,0.01115625,0.300890625,0.687953125
449000,0.010984375,0.300453125,0.6885625
450000,0.01084375,0.300421875,0.688734375
451000,0.010703125,0.300609375,0.6886875
452000,0.010515625,0.300265625,0.68921875
453000,0.01040625,0.299875,0.68971875
454000,0.010296875,0.299671875,0.69003125
455000,0.010109375,0.29875,0.691140625
456000,0.00996875,0.29846875,0.6915625
457000,0.00990625,0.297359375,0.692734375
458000,0.009734375,0.296765625,0.6935
459000,0.0095,0.296796875,0.693703125
460000,0.009453125,0.29659375,0.693953125
461000,0.0093125,0.29625,0.6944375
462000,0.00928125,0.29559375,0.695125
463000,0.009265625,0.295359375,0.695375
464000,0.00928125,0.29465625,0.6960625
465000,0.00925,0.294171875,0.696578125
466000,0.0091875,0.294296875,0.696515625
467000,0.0090625,0.294046875,0.696890625
468000,0.009078125,0.293578125,0.69734375
469000,0.009125,0.29353125,0.69734375
470000,0.009046875,0.293046875,0.69790625
471000,0.0089375,0.29265625,0.69840625
472000,0.008734375,0.29209375,0.699171875
473000,0.008734375,0.29234375,0.698921875
474000,0.008671875,0.292015625,0.6993125
475000,0.008578125,0.291640625,0.69978125
476000,0.008515625,0.291375,0.700109375
477000,0.008484375,0.29115625,0.700359375
478000,0.008484375,0.29028125,0.701234375
479000,0.008359375,0.289796875,0.70184375
480000,0.00828125,0.289046875,0.702671875
481000,0.00825,0.28834375,0.70340625
482000,0.008203125,0.287671875,0.704125
483000,0.0080625,0.28734375,0.70459375
484000,0.0079375,0.287078125,0.704984375
485000,0.007859375,0.286484375,0.70565625
486000,0.007734375,0.28621875,0.706046875
487000,0.007703125,0.285828125,0.70646875
488000,0.0076875,0.285671875,0.706640625
489000,0.007703125,0.2855625,0.706734375
490000,0.007625,0.28478125,0.70759375
491000,0.0075625,0.2845625,0.707875
492000,0.007578125,0.28403125,0.708390625
493000,0.007484375,0.283609375,0.70890625
494000,0.007359375,0.28271875,0.709921875
495000,0.0073125,0.28246875,0.71021875
496000,0.007265625,0.281390625,0.71134375
497000,0.007265625,0.281109375,0.711625
498000,0.007203125,0.281046875,0.71175
499000,0.007171875,0.280765625,0.7120625
500000,0.007078125,0.280421875,0.7125
501000,0.007015625,0.28040625,0.712578125
502000,0.00690625,0.279859375,0.713234375
503000,0.006734375,0.2789375,0.714328125
504000,0.006734375,0.277890625,0.715375
505000,0.006671875,0.27771875,0.715609375
506000,0.00659375,0.2776875,0.71571875
507000,0.006546875,0.277140625,0.7163125
508000,0.00646875,0.27653125,0.717
509000,0.006359375,0.276171875,0.71746875
510000,0.006328125,0.27578125,0.717890625
511000,0.006328125,0.275890625,0.71778125
512000,0.006265625,0.275734375,0.718
513000,0.0061875,0.27515625,0.71865625
514000,0.006140625,0.274828125,0.71903125
515000,0.006046875,0.274234375,0.71971875
516000,0.005953125,0.2735625,0.720484375
517000,0.005875,0.272984375,0.721140625
518000,0.005890625,0.2719375,0.722171875
519000,0.005828125,0.271546875,0.722625
520000,0.005796875,0.2709375,0.723265625
521000,0.00578125,0.270828125,0.723390625
522000,0.005765625,0.270578125,0.72365625
523000,0.005765625,0.270765625,0.72346875
524000,0.00565625,0.27040625,0.7239375
525000,0.00559375,0.27,0.72440625
526000,0.0055625,0.27003125,0.72440625
527000,0.005546875,0.27009375,0.724359375
528000,0.005484375,0.27,0.724515625
529000,0.005359375,0.26990625,0.724734375
530000,0.005265625,0.26921875,0.725515625
531000,0.00525,0.268453125,0.726296875
532000,0.005125,0.268125,0.72675
533000,0.005109375,0.268234375,0.72665625
534000,0.005109375,0.267625,0.727265625
535000,0.0050625,0.267359375,0.727578125
536000,0.0050625,0.26709375,0.72784375
537000,0.005,0.26678125,0.72821875
538000,0.004984375,0.2658125,0.729203125
539000,0.004984375,0.265375,0.729640625
540000,0.004890625,0.265140625,0.72996875
541000,0.004796875,0.264890625,0.7303125
542000,0.00471875,0.264875,0.73040625
543000,0.004671875,0.26421875,0.731109375
544000,0.004640625,0.263765625,0.73159375
545000,0.004578125,0.263484375,0.7319375
546000,0.004546875,0.263078125,0.732375
547000,0.004453125,0.262546875,0.733
548000,0.004390625,0.262578125,0.73303125
549000,0.004359375,0.261921875,0.73371875
550000,0.00428125,0.262125,0.73359375
551000,0.004203125,0.261953125,0.73384375
552000,0.004140625,0.26209375,0.733765625
553000,0.004109375,0.2615625,0.734328125
554000,0.004078125,0.260984375,0.7349375
555000,0.004125,0.261,0.734875
556000,0.004078125,0.260125,0.735796875
557000,0.00403125,0.259796875,0.736171875
558000,0.003984375,0.2590625,0.736953125
559000,0.003953125,0.258296875,0.73775
560000,0.003921875,0.258,0.738078125
561000,0.003875,0.2573125,0.7388125
562000,0.003828125,0.25703125,0.739140625
563000,0.003890625,0.256703125,0.73940625
564000,0.0038125,0.256015625,0.740171875
565000,0.00375,0.255734375,0.740515625
566000,0.00371875,0.255015625,0.741265625
567000,0.003671875,0.25490625,0.741421875
568000,0.003640625,0.254421875,0.7419375
569000,0.00359375,0.25403125,0.742375
570000,0.003546875,0.253828125,0.742625
571000,0.003546875,0.2535625,0.742890625
572000,0.00353125,0.253421875,0.743046875
573000,0.0035,0.253125,0.743375
574000,0.0035,0.252546875,0.743953125
575000,0.0034375,0.25221875,0.74434375
576000,0.003421875,0.251515625,0.7450625
577000,0.003359375,0.250625,0.746015625
578000,0.003296875,0.25046875,0.746234375
579000,0.003296875,0.249984375,0.74671875
580000,0.003265625,0.249921875,0.7468125
581000,0.003265625,0.2498125,0.746921875
582000,0.00325,0.2500625,0.7466875
583000,0.003265625,0.24953125,0.747203125
584000,0.00325,0.249421875,0.747328125
585000,0.003203125,0.24871875,0.748078125
586000,0.0031875,0.2485,0.7483125
587000,0.003125,0.248,0.748875
588000,0.00309375,0.247375,0.74953125
589000,0.003125,0.24725,0.749625
590000,0.003140625,0.246953125,0.74990625
591000,0.003109375,0.246609375,0.75028125
592000,0.003078125,0.245609375,0.7513125
593000,0.00303125,0.245390625,0.751578125
594000,0.00296875,0.245203125,0.751828125
595000,0.002921875,0.244953125,0.752125
596000,0.00290625,0.245078125,0.752015625
597000,0.002875,0.244703125,0.752421875
598000,0.002828125,0.244640625,0.75253125
599000,0.0028125,0.24440625,0.75278125
600000,0.00278125,0.243828125,0.753390625
601000,0.002734375,0.243640625,0.753625
602000,0.002625,0.2431875,0.7541875
603000,0.00259375,0.2426875,0.75471875
604000,0.0025625,0.242078125,0.755359375
605000,0.002578125,0.241796875,0.755625
606000,0.00259375,0.241296875,0.756109375
607000,0.002515625,0.240859375,0.756625
608000,0.00253125,0.240765625,0.756703125
609000,0.00253125,0.240703125,0.756765625
610000,0.00246875,0.239921875,0.757609375
611000,0.002421875,0.23953125,0.758046875
612000,0.0024375,0.23925,0.7583125
613000,0.0023125,0.238671875,0.759015625
614000,0.002296875,0.2385,0.759203125
615000,0.00228125,0.238484375,0.759234375
616000,0.00225,0.23834375,0.75940625
617000,0.002203125,0.23740625,0.760390625
618000,0.00215625,0.237078125,0.760765625
619000,0.002140625,0.236453125,0.76140625
620000,0.002125,0.23628125,0.76159375
621000,0.002109375,0.235859375,0.76203125
622000,0.002046875,0.236078125,0.761875
623000,0.002015625,0.2359375,0.762046875
624000,0.002,0.235953125,0.762046875
625000,0.0019375,0.23540625,0.76265625
626000,0.001875,0.235171875,0.762953125
627000,0.001859375,0.23484375,0.763296875
628000,0.001875,0.234484375,0.763640625
629000,0.001875,0.234140625,0.763984375
630000,0.001875,0.2335,0.764625
631000,0.001859375,0.232875,0.765265625
632000,0.001828125,0.232828125,0.76534375
633000,0.00178125,0.232265625,0.765953125
634000,0.00178125,0.231859375,0.766359375
635000,0.001765625,0.231484375,0.76675
636000,0.00175,0.231015625,0.767234375
637000,0.001734375,0.230078125,0.7681875
638000,0.001734375,0.229609375,0.76865625
639000,0.00171875,0.229359375,0.768921875
640000,0.00171875,0.22909375,0.7691875
641000,0.00165625,0.229015625,0.769328125
642000,0.001625,0.228609375,0.769765625
643000,0.00159375,0.22825,0.77015625
644000,0.001578125,0.228296875,0.770125
645000,0.00159375,0.22846875,0.7699375
646000,0.00159375,0.227859375,0.770546875
647000,0.001609375,0.227765625,0.770625
648000,0.001640625,0.22740625,0.770953125
649000,0.00159375,0.22725,0.77115625
650000,0.001578125,0.226828125,0.77159375
651000,0.00159375,0.22634375,0.7720625
652000,0.001578125,0.225921875,0.7725
653000,0.001578125,0.22525,0.773171875
654000,0.001578125,0.224984375,0.7734375
655000,0.0015625,0.22478125,0.77365625
656000,0.001578125,0.2243125,0.774109375
657000,0.00153125,0.22384375,0.774625
658000,0.001515625,0.223453125,0.77503125
659000,0.0015,0.223125,0.775375
660000,0.001484375,0.222375,0.776140625
661000,0.0014375,0.22215625,0.77640625
662000,0.00146875,0.22178125,0.77675
663000,0.0014375,0.220875,0.7776875
664000,0.001421875,0.220578125,0.778
665000,0.00140625,0.21978125,0.7788125
666000,0.001375,0.219359375,0.779265625
667000,0.00134375,0.218890625,0.779765625
668000,0.001359375,0.21840625,0.780234375
669000,0.00134375,0.21765625,0.781
670000,0.001328125,0.21703125,0.781640625
671000,0.001296875,0.21665625,0.782046875
672000,0.001265625,0.216828125,0.78190625
673000,0.001265625,0.216078125,0.78265625
674000,0.001234375,0.21540625,0.783359375
675000,0.00125,0.2154375,0.7833125
676000,0.00125,0.214921875,0.783828125
677000,0.00121875,0.21428125,0.7845
678000,0.00121875,0.2139375,0.78484375
679000,0.001234375,0.213703125,0.7850625
680000,0.001234375,0.213109375,0.78565625
681000,0.001203125,0.2128125,0.785984375
682000,0.001203125,0.21246875,0.786328125
683000,0.001171875,0.21259375,0.786234375
684000,0.00115625,0.212203125,0.786640625
685000,0.001125,0.21165625,0.78721875
686000,0.001109375,0.2114375,0.787453125
687000,0.00109375,0.211171875,0.787734375
688000,0.001109375,0.21053125,0.788359375
689000,0.001109375,0.21009375,0.788796875
690000,0.00109375,0.209671875,0.789234375
691000,0.00109375,0.2093125,0.78959375
692000,0.001078125,0.209125,0.789796875
693000,0.00103125,0.2085,0.79046875
694000,0.000984375,0.20803125,0.790984375
695000,0.000953125,0.207640625,0.79140625
696000,0.000953125,0.207078125,0.79196875
697000,0.000921875,0.2068125,0.792265625
698000,0.000921875,0.205734375,0.79334375
699000,0.000890625,0.20534375,0.793765625
700000,0.000890625,0.20503125,0.794078125
701000,0.000875,0.204921875,0.794203125
702000,0.000875,0.204453125,0.794671875
703000,0.00078125,0.204046875,0.795171875
704000,0.000765625,0.20384375,0.795390625
705000,0.00075,0.20359375,0.79565625
706000,0.000765625,0.203640625,0.79559375
707000,0.000765625,0.203046875,0.7961875
708000,0.00078125,0.2024375,0.79678125
709000,0.000765625,0.202234375,0.797
710000,0.00071875,0.20203125,0.79725
711000,0.00071875,0.201453125,0.797828125
712000,0.00071875,0.200875,0.79840625
713000,0.00071875,0.200640625,0.798640625
714000,0.000703125,0.199765625,0.79953125
715000,0.000671875,0.199296875,0.80003125
716000,0.000671875,0.198734375,0.80059375
717000,0.0006875,0.198625,0.8006875
718000,0.000703125,0.198359375,0.8009375
719000,0.0006875,0.19803125,0.80128125
720000,0.0006875,0.197515625,0.801796875
721000,0.000671875,0.19734375,0.801984375
722000,0.00065625,0.196890625,0.802453125
723000,0.00065625,0.195921875,0.803421875
724000,0.000640625,0.195484375,0.803875
725000,0.000625,0.194890625,0.804484375
726000,0.000625,0.194578125,0.804796875
727000,0.000625,0.194609375,0.804765625
728000,0.000609375,0.19421875,0.805171875
729000,0.000609375,0.193453125,0.8059375
730000,0.000609375,0.19378125,0.805609375
731000,0.000609375,0.1935625,0.805828125
732000,0.00059375,0.19346875,0.8059375
733000,0.00059375,0.193203125,0.806203125
734000,0.00059375,0.193015625,0.806390625
735000,0.00059375,0.192453125,0.806953125
736000,0.00059375,0.192234375,0.807171875
737000,0.000578125,0.191671875,0.80775
738000,0.000578125,0.1909375,0.808484375
739000,0.000578125,0.19040625,0.809015625
740000,0.000578125,0.19009375,0.809328125
741000,0.00059375,0.189421875,0.809984375
742000,0.00059375,0.18865625,0.81075
743000,0.00059375,0.187875,0.81153125
744000,0.000609375,0.188015625,0.811375
745000,0.000609375,0.187578125,0.8118125
746000,0.000609375,0.187484375,0.81190625
747000,0.00059375,0.187515625,0.811890625
748000,0.0005625,0.187125,0.8123125
749000,0.0005625,0.18696875,0.81246875
750000,0.0005625,0.186546875,0.812890625
751000,0.0005625,0.1859375,0.8135
752000,0.0005625,0.18525,0.8141875
753000,0.000515625,0.18509375,0.814390625
754000,0.00046875,0.184921875,0.814609375
755000,0.00046875,0.184421875,0.815109375
756000,0.00046875,0.1840625,0.81546875
757000,0.00046875,0.18328125,0.81625
758000,0.00046875,0.18296875,0.8165625
759000,0.00046875,0.18253125,0.817
760000,0.000453125,0.18221875,0.817328125
761000,0.000453125,0.182140625,0.81740625
762000,0.000453125,0.18178125,0.817765625
763000,0.000453125,0.181015625,0.81853125
764000,0.000453125,0.181015625,0.81853125
765000,0.0004375,0.1805625,0.819
766000,0.000421875,0.18025,0.819328125
767000,0.000421875,0.17984375,0.819734375
768000,0.000421875,0.17928125,0.820296875
769000,0.000421875,0.17890625,0.820671875
770000,0.000421875,0.178890625,0.8206875
771000,0.000421875,0.17871875,0.820859375
772000,0.000421875,0.178390625,0.8211875
773000,0.000421875,0.17803125,0.821546875
774000,0.000421875,0.177359375,0.82221875
775000,0.000421875,0.177578125,0.822
776000,0.000421875,0.17740625,0.822171875
777000,0.000421875,0.177015625,0.8225625
778000,0.000421875,0.176453125,0.823125
779000,0.000421875,0.17621875,0.823359375
780000,0.000421875,0.175984375,0.82359375
781000,0.000421875,0.175984375,0.82359375
782000,0.000421875,0.17603125,0.823546875
783000,0.00040625,0.17565625,0.8239375
784000,0.00040625,0.1749375,0.82465625
785000,0.00040625,0.174390625,0.825203125
786000,0.00040625,0.17390625,0.8256875
787000,0.00040625,0.174078125,0.825515625
788000,0.00040625,0.17384375,0.82575
789000,0.00040625,0.173296875,0.826296875
790000,0.00040625,0.172671875,0.826921875
791000,0.000390625,0.172203125,0.82740625
792000,0.000375,0.171875,0.82775
793000,0.000359375,0.17178125,0.827859375
794000,0.000359375,0.1714375,0.828203125
795000,0.000359375,0.171,0.828640625
796000,0.000359375,0.170609375,0.82903125
797000,0.000359375,0.17028125,0.829359375
798000,0.000359375,0.16978125,0.829859375
799000,0.000359375,0.1695,0.830140625
800000,0.00034375,0.169328125,0.830328125
801000,0.00034375,0.1688125,0.83084375
802000,0.00034375,0.16815625,0.8315
803000,0.000328125,0.168265625,0.83140625
804000,0.000328125,0.167671875,0.832
805000,0.00034375,0.16715625,0.8325
806000,0.000328125,0.166453125,0.83321875
807000,0.000328125,0.166046875,0.833625
808000,0.000328125,0.166109375,0.8335625
809000,0.000328125,0.16565625,0.834015625
810000,0.000328125,0.16540625,0.834265625
811000,0.000328125,0.16490625,0.834765625
812000,0.000296875,0.164515625,0.8351875
813000,0.000296875,0.163921875,0.83578125
814000,0.000296875,0.163890625,0.8358125
815000,0.000296875,0.16378125,0.835921875
816000,0.000296875,0.163203125,0.8365
817000,0.000296875,0.162921875,0.83678125
818000,0.000296875,0.16259375,0.837109375
819000,0.000296875,0.16271875,0.836984375
820000,0.000296875,0.16234375,0.837359375
821000,0.00028125,0.1620625,0.83765625
822000,0.00028125,0.161890625,0.837828125
823000,0.000265625,0.1613125,0.838421875
824000,0.000265625,0.161046875,0.8386875
825000,0.000265625,0.160734375,0.839
826000,0.000265625,0.16040625,0.839328125
827000,0.000265625,0.159859375,0.839875
828000,0.000265625,0.159421875,0.8403125
829000,0.00025,0.159421875,0.840328125
830000,0.00025,0.15871875,0.84103125
831000,0.00025,0.158640625,0.841109375
832000,0.00025,0.15825,0.8415
833000,0.00025,0.157765625,0.841984375
834000,0.00025,0.157578125,0.842171875
835000,0.00025,0.1571875,0.8425625
836000,0.000265625,0.156921875,0.8428125
837000,0.00025,0.156484375,0.843265625
838000,0.00025,0.156578125,0.843171875
839000,0.00025,0.156609375,0.843140625
840000,0.00025,0.156484375,0.843265625
841000,0.000234375,0.15628125,0.843484375
842000,0.000234375,0.155734375,0.84403125
843000,0.000234375,0.1555,0.844265625
844000,0.00025,0.15534375,0.84440625
845000,0.00025,0.154921875,0.844828125
846000,0.000234375,0.154390625,0.845375
847000,0.000234375,0.15403125,0.845734375
848000,0.00021875,0.153859375,0.845921875
849000,0.000203125,0.153796875,0.846
850000,0.000203125,0.153484375,0.8463125
851000,0.000203125,0.153234375,0.8465625
852000,0.000203125,0.15290625,0.846890625
853000,0.000203125,0.1526875,0.847109375
854000,0.000203125,0.15240625,0.847390625
855000,0.000203125,0.152,0.847796875
856000,0.000203125,0.151921875,0.847875
857000,0.000203125,0.151765625,0.84803125
858000,0.000203125,0.15175,0.848046875
859000,0.000203125,0.1515625,0.848234375
860000,0.0001875,0.151671875,0.848140625
861000,0.0001875,0.1515625,0.84825
862000,0.000171875,0.15146875,0.848359375
863000,0.000171875,0.151390625,0.8484375
864000,0.000171875,0.15096875,0.848859375
865000,0.000171875,0.150046875,0.84978125
866000,0.00015625,0.14940625,0.8504375
867000,0.00015625,0.148734375,0.851109375
868000,0.000140625,0.148390625,0.85146875
869000,0.000140625,0.14825,0.851609375
870000,0.000140625,0.14753125,0.852328125
871000,0.000140625,0.147171875,0.8526875
872000,0.000140625,0.146625,0.853234375
873000,0.000125,0.14603125,0.85384375
874000,0.000125,0.145921875,0.853953125
875000,0.000125,0.14571875,0.85415625
876000,0.000125,0.14525,0.854625
877000,0.000125,0.144796875,0.855078125
878000,0.000109375,0.144453125,0.8554375
879000,0.000125,0.144734375,0.855140625
880000,0.000125,0.144703125,0.855171875
881000,0.000140625,0.1446875,0.855171875
882000,0.000125,0.14415625,0.85571875
883000,0.000125,0.143734375,0.856140625
884000,0.000125,0.143015625,0.856859375
885000,0.000109375,0.14271875,0.857171875
886000,0.000109375,0.1424375,0.857453125
887000,0.000125,0.141703125,0.858171875
888000,0.000125,0.1416875,0.8581875
889000,0.000125,0.141375,0.8585
890000,0.000125,0.14065625,0.85921875
891000,0.000125,0.140265625,0.859609375
892000,0.000125,0.140046875,0.859828125
893000,0.000125,0.139765625,0.860109375
894000,0.000109375,0.139171875,0.86071875
895000,0.000109375,0.139171875,0.86071875
896000,0.000109375,0.138734375,0.86115625
897000,0.000109375,0.138359375,0.86153125
898000,9.375e-05,0.13784375,0.8620625
899000,0.000109375,0.137453125,0.8624375
900000,0.000109375,0.136765625,0.863125
901000,0.000109375,0.13653125,0.863359375
902000,0.000109375,0.136359375,0.86353125
903000,0.000109375,0.1364375,0.863453125
904000,0.000109375,0.1360625,0.863828125
905000,0.000125,0.135859375,0.864015625
906000,0.000125,0.135453125,0.864421875
907000,0.000125,0.13503125,0.86484375
908000,0.000125,0.134484375,0.865390625
909000,0.000125,0.134625,0.86525
910000,0.000125,0.13421875,0.86565625
911000,0.000125,0.133984375,0.865890625
912000,0.000125,0.133875,0.866
913000,0.000125,0.13371875,0.86615625
914000,0.000125,0.13321875,0.86665625
915000,0.000125,0.13275,0.867125
916000,0.000125,0.13234375,0.86753125
917000,0.000125,0.131984375,0.867890625
918000,0.000125,0.131890625,0.867984375
919000,0.000125,0.13171875,0.86815625
920000,0.000140625,0.131609375,0.86825
921000,0.000140625,0.131296875,0.8685625
922000,0.000140625,0.13096875,0.868890625
923000,0.000140625,0.1305,0.869359375
924000,0.000140625,0.12990625,0.869953125
925000,0.000140625,0.12965625,0.870203125
926000,0.000140625,0.12928125,0.870578125
927000,0.000125,0.128984375,0.870890625
928000,0.000125,0.128765625,0.871109375
929000,0.000125,0.12871875,0.87115625
930000,0.000140625,0.12828125,0.871578125
931000,0.000140625,0.128078125,0.87178125
932000,0.000140625,0.127578125,0.87228125
933000,0.000140625,0.1274375,0.872421875
934000,0.000125,0.127234375,0.872640625
935000,0.000125,0.12684375,0.87303125
936000,0.000125,0.126578125,0.873296875
937000,0.000125,0.12565625,0.87421875
938000,0.000125,0.12546875,0.87440625
939000,0.000109375,0.125078125,0.8748125
940000,0.000109375,0.1244375,0.875453125
941000,9.375e-05,0.123921875,0.875984375
942000,9.375e-05,0.12346875,0.8764375
943000,9.375e-05,0.12334375,0.8765625
944000,9.375e-05,0.122921875,0.876984375
945000,9.375e-05,0.1226875,0.87721875
946000,9.375e-05,0.122328125,0.877578125
947000,9.375e-05,0.122109375,0.877796875
948000,9.375e-05,0.12153125,0.878375
949000,9.375e-05,0.12128125,0.878625
950000,9.375e-05,0.120984375,0.878921875
951000,0.000109375,0.120625,0.879265625
952000,0.000109375,0.120515625,0.879375
953000,0.000109375,0.120703125,0.8791875
954000,0.000109375,0.120359375,0.87953125
955000,9.375e-05,0.120234375,0.879671875
956000,7.8125e-05,0.119984375,0.8799375
957000,7.8125e-05,0.11946875,0.880453125
958000,7.8125e-05,0.1191875,0.880734375
959000,7.8125e-05,0.118921875,0.881
960000,7.8125e-05,0.11865625,0.881265625
961000,7.8125e-05,0.1185,0.881421875
962000,7.8125e-05,0.117953125,0.88196875
963000,7.8125e-05,0.117546875,0.882375
964000,7.8125e-05,0.117015625,0.88290625
965000,9.375e-05,0.116578125,0.883328125
966000,9.375e-05,0.11625,0.88365625
967000,9.375e-05,0.115796875,0.884109375
968000,9.375e-05,0.11534375,0.8845625
969000,9.375e-05,0.115125,0.88478125
970000,9.375e-05,0.11503125,0.884875
971000,9.375e-05,0.114640625,0.885265625
972000,9.375e-05,0.114453125,0.885453125
973000,9.375e-05,0.113875,0.88603125
974000,9.375e-05,0.11378125,0.886125
975000,9.375e-05,0.1133125,0.88659375
976000,7.8125e-05,0.112671875,0.88725
977000,7.8125e-05,0.1123125,0.887609375
978000,7.8125e-05,0.111671875,0.88825
979000,7.8125e-05,0.111015625,0.88890625
980000,7.8125e-05,0.110640625,0.88928125
981000,7.8125e-05,0.110296875,0.889625
982000,9.375e-05,0.11015625,0.88975
983000,9.375e-05,0.110125,0.88978125
984000,9.375e-05,0.109484375,0.890421875
985000,9.375e-05,0.1089375,0.89096875
986000,9.375e-05,0.10875,0.89115625
987000,9.375e-05,0.108734375,0.891171875
988000,9.375e-05,0.108640625,0.891265625
989000,9.375e-05,0.1088125,0.89109375
990000,9.375e-05,0.108390625,0.891515625
991000,9.375e-05,0.10828125,0.891625
992000,9.375e-05,0.107953125,0.891953125
993000,9.375e-05,0.107828125,0.892078125
994000,9.375e-05,0.107625,0.89228125
995000,9.375e-05,0.107296875,0.892609375
996000,9.375e-05,0.1069375,0.89296875
997000,9.375e-05,0.10675,0.89315625
998000,9.375e-05,0.1065,0.89340625
999000,9.375e-05,0.106171875,0.893734375
1000000,9.375e-05,0.105578125,0.894328125
