1000,0.334953125,0.332984375,0.3320625
2000,0.33359375,0.333125,0.33328125
3000,0.332078125,0.333546875,0.334375
4000,0.331296875,0.334046875,0.33465625
5000,0.329765625,0.3348125,0.335421875
6000,0.328390625,0.33528125,0.336328125
7000,0.32709375,0.33603125,0.336875
8000,0.325359375,0.33675,0.337890625
9000,0.324125,0.337703125,0.338171875
10000,0.32259375,0.338609375,0.338796875
11000,0.3214375,0.33890625,0.33965625
12000,0.319984375,0.340046875,0.33996875
13000,0.318234375,0.341015625,0.34075
14000,0.31653125,0.342109375,0.341359375
15000,0.315921875,0.342953125,0.341125
16000,0.314859375,0.343515625,0.341625
17000,0.313234375,0.344203125,0.3425625
18000,0.312046875,0.344875,0.343078125
19000,0.311125,0.3450625,0.3438125
20000,0.309859375,0.34575,0.344390625
21000,0.308625,0.346265625,0.345109375
22000,0.3078125,0.346828125,0.345359375
23000,0.30653125,0.34746875,0.346
24000,0.30521875,0.3485,0.34628125
25000,0.3035625,0.348609375,0.347828125
26000,0.302265625,0.34903125,0.348703125
27000,0.301171875,0.34959375,0.349234375
28000,0.29934375,0.35046875,0.3501875
29000,0.298640625,0.350734375,0.350625
30000,0.296875,0.351703125,0.351421875
31000,0.29528125,0.35240625,0.3523125
32000,0.293921875,0.352265625,0.3538125
33000,0.29228125,0.35303125,0.3546875
34000,0.2913125,0.35384375,0.35484375
35000,0.290109375,0.354609375,0.35528125
36000,0.288890625,0.35540625,0.355703125
37000,0.28809375,0.355265625,0.356640625
38000,0.286890625,0.355265625,0.35784375
39000,0.286046875,0.35578125,0.358171875
40000,0.28446875,0.357515625,0.358015625
41000,0.283359375,0.35796875,0.358671875
42000,0.2821875,0.358203125,0.359609375
43000,0.280875,0.358875,0.36025
44000,0.27946875,0.35959375,0.3609375
45000,0.27821875,0.359796875,0.361984375
46000,0.276859375,0.360203125,0.3629375
47000,0.274953125,0.36121875,0.363828125
48000,0.273515625,0.362234375,0.36425
49000,0.2716875,0.3626875,0.365625
50000,0.2704375,0.36303125,0.36653125
51000,0.26925,0.36340625,0.36734375
52000,0.26765625,0.364421875,0.367921875
53000,0.266046875,0.3650625,0.368890625
54000,0.26525,0.365296875,0.369453125
55000,0.2643125,0.365984375,0.369703125
56000,0.262984375,0.3669375,0.370078125
57000,0.2618125,0.367015625,0.371171875
58000,0.2603125,0.36765625,0.37203125
59000,0.258984375,0.368171875,0.37284375
60000,0.25746875,0.369046875,0.373484375
61000,0.256,0.369875,0.374125
62000,0.25503125,0.37015625,0.3748125
63000,0.25340625,0.370828125,0.375765625
64000,0.252109375,0.371671875,0.37621875
65000,0.250484375,0.37246875,0.377046875
66000,0.249328125,0.37278125,0.377890625
67000,0.247953125,0.373109375,0.3789375
68000,0.24678125,0.37340625,0.3798125
69000,0.245359375,0.374015625,0.380625
70000,0.244046875,0.374859375,0.38109375
71000,0.242546875,0.374984375,0.38246875
72000,0.241421875,0.375171875,0.38340625
73000,0.239921875,0.375921875,0.38415625
74000,0.23809375,0.376765625,0.385140625
75000,0.2366875,0.377234375,0.386078125
76000,0.23584375,0.377875,0.38628125
77000,0.234734375,0.37828125,0.386984375
78000,0.23346875,0.378953125,0.387578125
79000,0.232140625,0.37965625,0.388203125
80000,0.23103125,0.380203125,0.388765625
81000,0.229875,0.381046875,0.389078125
82000,0.22928125,0.38125,0.38946875
83000,0.227796875,0.3818125,0.390390625
84000,0.22653125,0.38265625,0.3908125
85000,0.22528125,0.382859375,0.391859375
86000,0.223921875,0.383234375,0.39284375
87000,0.22253125,0.384546875,0.392921875
88000,0.2214375,0.38515625,0.39340625
89000,0.2204375,0.385546875,0.394015625
90000,0.21909375,0.386359375,0.394546875
91000,0.2179375,0.386421875,0.395640625
92000,0.216796875,0.386828125,0.396375
93000,0.215546875,0.387578125,0.396875
94000,0.2145,0.387734375,0.397765625
95000,0.213,0.38809375,0.39890625
96000,0.211703125,0.388953125,0.39934375
97000,0.210546875,0.3895,0.399953125
98000,0.20953125,0.390234375,0.400234375
99000,0.20809375,0.390953125,0.400953125
100000,0.2068125,0.391671875,0.401515625
101000,0.2053125,0.392515625,0.402171875
102000,0.203953125,0.393390625,0.40265625
103000,0.203234375,0.393890625,0.402875
104000,0.20215625,0.3945625,0.40328125
105000,0.201140625,0.394734375,0.404125
106000,0.199984375,0.395296875,0.40471875
107000,0.199171875,0.39528125,0.405546875
108000,0.198,0.39525,0.40675
109000,0.196859375,0.3953125,0.407828125
110000,0.195796875,0.396203125,0.408
111000,0.194515625,0.396890625,0.40859375
112000,0.19325,0.397140625,0.409609375
113000,0.1921875,0.3971875,0.410625
114000,0.191515625,0.397421875,0.4110625
115000,0.190859375,0.39771875,0.411421875
116000,0.18971875,0.398390625,0.411890625
117000,0.188625,0.399125,0.41225
118000,0.18765625,0.399171875,0.413171875
119000,0.18634375,0.39984375,0.4138125
120000,0.185296875,0.400171875,0.41453125
121000,0.18390625,0.401375,0.41471875
122000,0.18271875,0.402265625,0.415015625
123000,0.1815,0.40265625,0.41584375
124000,0.18034375,0.40296875,0.4166875
125000,0.179515625,0.403234375,0.41725
126000,0.17865625,0.403484375,0.417859375
127000,0.177640625,0.404421875,0.4179375
128000,0.176625,0.40503125,0.41834375
129000,0.17540625,0.405546875,0.419046875
130000,0.174578125,0.40653125,0.418890625
131000,0.17353125,0.4069375,0.41953125
132000,0.172578125,0.40725,0.420171875
133000,0.171796875,0.40746875,0.420734375
134000,0.170796875,0.40840625,0.420796875
135000,0.16971875,0.408546875,0.421734375
136000,0.1685625,0.408875,0.4225625
137000,0.1675,0.40975,0.42275
138000,0.166640625,0.410015625,0.42334375
139000,0.16559375,0.4105,0.42390625
140000,0.1645625,0.41103125,0.42440625
141000,0.163921875,0.41146875,0.424609375
142000,0.1633125,0.411296875,0.425390625
143000,0.162359375,0.412,0.425640625
144000,0.16140625,0.4123125,0.42628125
145000,0.160265625,0.412828125,0.42690625
146000,0.159015625,0.413359375,0.427625
147000,0.157890625,0.4135,0.428609375
148000,0.1570625,0.413875,0.4290625
149000,0.155796875,0.414453125,0.42975
150000,0.155140625,0.414703125,0.43015625
151000,0.15421875,0.415453125,0.430328125
152000,0.153078125,0.416296875,0.430625
153000,0.15190625,0.41671875,0.431375
154000,0.150609375,0.416921875,0.43246875
155000,0.14990625,0.416828125,0.433265625
156000,0.14896875,0.416703125,0.434328125
157000,0.147828125,0.417234375,0.4349375
158000,0.146875,0.418640625,0.434484375
159000,0.145515625,0.418515625,0.43596875
160000,0.14465625,0.4193125,0.43603125
161000,0.143765625,0.419609375,0.436625
162000,0.142578125,0.420171875,0.43725
163000,0.141828125,0.419921875,0.43825
164000,0.141140625,0.420140625,0.43871875
165000,0.140578125,0.42003125,0.439390625
166000,0.1398125,0.419921875,0.440265625
167000,0.1390625,0.420296875,0.440640625
168000,0.138125,0.421046875,0.440828125
169000,0.137109375,0.421328125,0.4415625
170000,0.13590625,0.422234375,0.441859375
171000,0.1350625,0.423078125,0.441859375
172000,0.134078125,0.42334375,0.442578125
173000,0.133203125,0.42315625,0.443640625
174000,0.132046875,0.4235,0.444453125
175000,0.13115625,0.424484375,0.444359375
176000,0.130109375,0.4249375,0.444953125
177000,0.12921875,0.425890625,0.444890625
178000,0.128421875,0.426046875,0.44553125
179000,0.127546875,0.426734375,0.44571875
180000,0.12678125,0.42675,0.44646875
181000,0.1260625,0.427265625,0.446671875
182000,0.12515625,0.427453125,0.447390625
183000,0.124203125,0.42778125,0.448015625
184000,0.123671875,0.42759375,0.448734375
185000,0.122875,0.427890625,0.449234375
186000,0.122,0.428109375,0.449890625
187000,0.121140625,0.428703125,0.45015625
188000,0.120546875,0.428515625,0.4509375
189000,0.1195625,0.428734375,0.451703125
190000,0.119078125,0.4291875,0.451734375
191000,0.118140625,0.429484375,0.452375
192000,0.11725,0.430328125,0.452421875
193000,0.116265625,0.431453125,0.45228125
194000,0.115515625,0.43140625,0.453078125
195000,0.114734375,0.43175,0.453515625
196000,0.11375,0.431921875,0.454328125
197000,0.11271875,0.43215625,0.455125
198000,0.111609375,0.432578125,0.4558125
199000,0.110859375,0.43253125,0.456609375
200000,0.110359375,0.4329375,0.456703125
201000,0.1098125,0.4334375,0.45675
202000,0.108890625,0.4338125,0.457296875
203000,0.107984375,0.43434375,0.457671875
204000,0.107359375,0.43465625,0.457984375
205000,0.106703125,0.43528125,0.458015625
206000,0.10540625,0.435359375,0.459234375
207000,0.104578125,0.435578125,0.45984375
208000,0.103921875,0.436109375,0.45996875
209000,0.102984375,0.437046875,0.45996875
210000,0.1024375,0.437359375,0.460203125
211000,0.101671875,0.438125,0.460203125
212000,0.1008125,0.438234375,0.460953125
213000,0.100140625,0.4383125,0.461546875
214000,0.0990625,0.439078125,0.461859375
215000,0.098140625,0.439421875,0.4624375
216000,0.097515625,0.43940625,0.463078125
217000,0.096796875,0.439515625,0.4636875
218000,0.0958125,0.43971875,0.46446875
219000,0.09490625,0.43928125,0.4658125
220000,0.0943125,0.439484375,0.466203125
221000,0.09375,0.4394375,0.4668125
222000,0.09309375,0.439578125,0.467328125
223000,0.092625,0.44009375,0.46728125
224000,0.092046875,0.440015625,0.4679375
225000,0.091609375,0.44015625,0.468234375
226000,0.09103125,0.440640625,0.468328125
227000,0.090484375,0.441078125,0.4684375
228000,0.090078125,0.44109375,0.468828125
229000,0.089703125,0.440953125,0.46934375
230000,0.089234375,0.44134375,0.469421875
231000,0.0886875,0.44090625,0.47040625
232000,0.087953125,0.44084375,0.471203125
233000,0.087390625,0.4419375,0.470671875
234000,0.086828125,0.4415625,0.471609375
235000,0.086,0.441625,0.472375
236000,0.085390625,0.44153125,0.473078125
237000,0.08503125,0.44178125,0.4731875
238000,0.0843125,0.442171875,0.473515625
239000,0.0839375,0.4423125,0.47375
240000,0.0833125,0.441859375,0.474828125
241000,0.08259375,0.44203125,0.475375
242000,0.0819375,0.442515625,0.475546875
243000,0.08140625,0.443,0.47559375
244000,0.080828125,0.443453125,0.47571875
245000,0.080109375,0.44396875,0.475921875
246000,0.07990625,0.444328125,0.475765625
247000,0.07928125,0.444109375,0.476609375
248000,0.078609375,0.444734375,0.47665625
249000,0.0780625,0.445203125,0.476734375
250000,0.07721875,0.4454375,0.47734375
251000,0.07675,0.445203125,0.478046875
252000,0.076171875,0.445703125,0.478125
253000,0.075625,0.445765625,0.478609375
254000,0.074953125,0.446078125,0.47896875
255000,0.074375,0.44621875,0.47940625
256000,0.073890625,0.446609375,0.4795
257000,0.073515625,0.4473125,0.479171875
258000,0.073203125,0.447734375,0.4790625
259000,0.07271875,0.44821875,0.4790625
260000,0.072265625,0.44809375,0.479640625
261000,0.072046875,0.447734375,0.48021875
262000,0.0716875,0.448,0.4803125
263000,0.071140625,0.448078125,0.48078125
264000,0.07059375,0.448359375,0.481046875
265000,0.069953125,0.44878125,0.481265625
266000,0.069375,0.448609375,0.482015625
267000,0.0686875,0.448578125,0.482734375
268000,0.0683125,0.449015625,0.482671875
269000,0.067609375,0.449578125,0.4828125
270000,0.0670625,0.44928125,0.48365625
271000,0.0665625,0.449484375,0.483953125
272000,0.066015625,0.449328125,0.48465625
273000,0.065421875,0.44965625,0.484921875
274000,0.064921875,0.4501875,0.484890625
275000,0.06459375,0.4496875,0.48571875
276000,0.06425,0.44965625,0.48609375
277000,0.06384375,0.44940625,0.48675
278000,0.06328125,0.449625,0.48709375
279000,0.06271875,0.450015625,0.487265625
280000,0.062375,0.450015625,0.487609375
281000,0.06190625,0.450796875,0.487296875
282000,0.061546875,0.4505625,0.487890625
283000,0.06103125,0.45053125,0.4884375
284000,0.06059375,0.45084375,0.4885625
285000,0.060046875,0.450828125,0.489125
286000,0.059375,0.450859375,0.489765625
287000,0.059046875,0.45071875,0.490234375
288000,0.058453125,0.451234375,0.4903125
289000,0.057796875,0.451625,0.490578125
290000,0.0574375,0.45171875,0.49084375
291000,0.05703125,0.4519375,0.49103125
292000,0.056484375,0.4520625,0.491453125
293000,0.0561875,0.451953125,0.491859375
294000,0.055796875,0.452,0.492203125
295000,0.055390625,0.4524375,0.492171875
296000,0.054953125,0.452453125,0.49259375
297000,0.0545625,0.452546875,0.492890625
298000,0.05415625,0.45303125,0.4928125
299000,0.053734375,0.4534375,0.492828125
300000,0.0535,0.4534375,0.4930625
301000,0.053140625,0.452859375,0.494
302000,0.0528125,0.45296875,0.49421875
303000,0.052296875,0.45284375,0.494859375
304000,0.051859375,0.45321875,0.494921875
305000,0.051515625,0.453515625,0.49496875
306000,0.051015625,0.453546875,0.4954375
307000,0.05065625,0.4535,0.49584375
308000,0.050296875,0.453421875,0.49628125
309000,0.049953125,0.45325,0.496796875
310000,0.049671875,0.45378125,0.496546875
311000,0.049546875,0.453421875,0.49703125
312000,0.049265625,0.453265625,0.49746875
313000,0.048875,0.45359375,0.49753125
314000,0.04853125,0.453421875,0.498046875
315000,0.048203125,0.45325,0.498546875
316000,0.047703125,0.45334375,0.498953125
317000,0.047375,0.453875,0.49875
318000,0.047,0.4539375,0.4990625
319000,0.046609375,0.454375,0.499015625
320000,0.04640625,0.454765625,0.498828125
321000,0.045859375,0.455421875,0.49871875
322000,0.045609375,0.455734375,0.49865625
323000,0.04521875,0.455265625,0.499515625
324000,0.044828125,0.45459375,0.500578125
325000,0.044375,0.454625,0.501
326000,0.044015625,0.45475,0.501234375
327000,0.043640625,0.454984375,0.501375
328000,0.043328125,0.4545,0.502171875
329000,0.043,0.454296875,0.502703125
330000,0.0425,0.454375,0.503125
331000,0.0423125,0.454625,0.5030625
332000,0.041984375,0.454578125,0.5034375
333000,0.041671875,0.454875,0.503453125
334000,0.041296875,0.4546875,0.504015625
335000,0.0410625,0.4545,0.5044375
336000,0.04096875,0.454015625,0.505015625
337000,0.040703125,0.45321875,0.506078125
338000,0.040375,0.452921875,0.506703125
339000,0.04021875,0.453015625,0.506765625
340000,0.039875,0.452890625,0.507234375
341000,0.039671875,0.45321875,0.507109375
342000,0.039421875,0.452875,0.507703125
343000,0.03925,0.45303125,0.50771875
344000,0.038921875,0.4533125,0.507765625
345000,0.038578125,0.45325,0.508171875
346000,0.03828125,0.454015625,0.507703125
347000,0.03790625,0.45396875,0.508125
348000,0.03753125,0.454140625,0.508328125
349000,0.037109375,0.454234375,0.50865625
350000,0.036828125,0.454015625,0.50915625
351000,0.03665625,0.4541875,0.50915625
352000,0.03646875,0.45384375,0.5096875
353000,0.03621875,0.4536875,0.51009375
354000,0.035921875,0.453484375,0.51059375
355000,0.03571875,0.453890625,0.510390625
356000,0.03546875,0.454453125,0.510078125
357000,0.035296875,0.454703125,0.51
358000,0.035140625,0.454484375,0.510375
359000,0.034921875,0.45471875,0.510359375
360000,0.034625,0.4554375,0.5099375
361000,0.03434375,0.455234375,0.510421875
362000,0.03390625,0.454828125,0.511265625
363000,0.03371875,0.45528125,0.511
364000,0.033515625,0.45534375,0.511140625
365000,0.033328125,0.45521875,0.511453125
366000,0.0333125,0.455078125,0.511609375
367000,0.033140625,0.454546875,0.5123125
368000,0.032859375,0.454453125,0.5126875
369000,0.03240625,0.454359375,0.513234375
370000,0.032078125,0.454828125,0.51309375
371000,0.03184375,0.45440625,0.51375
372000,0.031640625,0.45453125,0.513828125
373000,0.03121875,0.455015625,0.513765625
374000,0.031,0.454765625,0.514234375
375000,0.03078125,0.454734375,0.514484375
376000,0.0305,0.455453125,0.514046875
377000,0.03034375,0.455453125,0.514203125
378000,0.030140625,0.455625,0.514234375
379000,0.029828125,0.4555625,0.514609375
380000,0.029390625,0.455921875,0.5146875
381000,0.029265625,0.4560625,0.514671875
382000,0.02915625,0.45603125,0.5148125
383000,0.02890625,0.455703125,0.515390625
384000,0.028625,0.45571875,0.51565625
385000,0.028515625,0.455546875,0.5159375
386000,0.028375,0.45546875,0.51615625
387000,0.028234375,0.455671875,0.51609375
388000,0.02803125,0.45565625,0.5163125
389000,0.027609375,0.456078125,0.5163125
390000,0.02721875,0.456328125,0.516453125
391000,0.027140625,0.45628125,0.516578125
392000,0.0269375,0.455953125,0.517109375
393000,0.026734375,0.45640625,0.516859375
394000,0.0265,0.456765625,0.516734375
395000,0.0263125,0.456453125,0.517234375
396000,0.026,0.4560625,0.5179375
397000,0.025859375,0.456046875,0.51809375
398000,0.025640625,0.45615625,0.518203125
399000,0.0255,0.456234375,0.518265625
400000,0.025296875,0.456265625,0.5184375
401000,0.025,0.45625,0.51875
402000,0.02475,0.4565,0.51875
403000,0.02446875,0.45665625,0.518875
404000,0.024421875,0.456125,0.519453125
405000,0.024125,0.45621875,0.51965625
406000,0.023921875,0.456421875,0.51965625
407000,0.02384375,0.45621875,0.5199375
408000,0.023671875,0.456265625,0.5200625
409000,0.023625,0.456125,0.52025
410000,0.023296875,0.456265625,0.5204375
411000,0.023171875,0.45571875,0.521109375
412000,0.022953125,0.456265625,0.52078125
413000,0.022703125,0.4560625,0.521234375
414000,0.022609375,0.455984375,0.52140625
415000,0.022375,0.455921875,0.521703125
416000,0.0221875,0.455984375,0.521828125
417000,0.021984375,0.455796875,0.52221875
418000,0.021828125,0.4558125,0.522359375
419000,0.021671875,0.455734375,0.52259375
420000,0.0214375,0.455296875,0.523265625
421000,0.021359375,0.45503125,0.523609375
422000,0.021109375,0.45525,0.523640625
423000,0.02103125,0.45540625,0.5235625
424000,0.02075,0.45565625,0.52359375
425000,0.020609375,0.455546875,0.52384375
426000,0.0205,0.455765625,0.523734375
427000,0.0203125,0.4559375,0.52375
428000,0.020171875,0.455828125,0.524
429000,0.02003125,0.45590625,0.5240625
430000,0.01975,0.455828125,0.524421875
431000,0.019671875,0.45590625,0.524421875
432000,0.01965625,0.455875,0.52446875
433000,0.01953125,0.45559375,0.524875
434000,0.01934375,0.45571875,0.5249375
435000,0.019296875,0.455640625,0.5250625
436000,0.019234375,0.455625,0.525140625
437000,0.019125,0.45565625,0.52521875
438000,0.019,0.455359375,0.525640625
439000,0.01884375,0.455109375,0.526046875
440000,0.01865625,0.45465625,0.5266875
441000,0.0185,0.454953125,0.526546875
442000,0.018203125,0.454734375,0.5270625
443000,0.018109375,0.4548125,0.527078125
444000,0.01790625,0.454375,0.52771875
445000,0.017796875,0.4543125,0.527890625
446000,0.017578125,0.454015625,0.52840625
447000,0.017328125,0.453765625,0.52890625
448000,0.017125,0.453515625,0.529359375
449000,0.01696875,0.453640625,0.529390625
450000,0.016796875,0.453921875,0.52928125
451000,0.01671875,0.45409375,0.5291875
452000,0.016609375,0.453640625,0.52975
453000,0.016484375,0.453484375,0.53003125
454000,0.01628125,0.453328125,0.530390625
455000,0.016125,0.45321875,0.53065625
456000,0.015953125,0.452875,0.531171875
457000,0.01571875,0.453078125,0.531203125
458000,0.015703125,0.453265625,0.53103125
459000,0.015453125,0.453046875,0.5315
460000,0.015265625,0.453375,0.531359375
461000,0.0151875,0.45328125,0.53153125
462000,0.015078125,0.452625,0.532296875
463000,0.0149375,0.452390625,0.532671875
464000,0.01496875,0.45140625,0.533625
465000,0.014828125,0.451578125,0.53359375
466000,0.014671875,0.452078125,0.53325
467000,0.014625,0.45196875,0.53340625
468000,0.014515625,0.452015625,0.53346875
469000,0.014421875,0.451015625,0.5345625
470000,0.01434375,0.4513125,0.53434375
471000,0.014359375,0.45096875,0.534671875
472000,0.014234375,0.45015625,0.535609375
473000,0.01415625,0.450015625,0.535828125
474000,0.014015625,0.450140625,0.53584375
475000,0.0139375,0.450171875,0.535890625
476000,0.013875,0.45025,0.535875
477000,0.013828125,0.449875,0.536296875
478000,0.013703125,0.44940625,0.536890625
479000,0.0135,0.449234375,0.537265625
480000,0.0133125,0.449390625,0.537296875
481000,0.013234375,0.44928125,0.537484375
482000,0.0130625,0.44940625,0.53753125
483000,0.013015625,0.449625,0.537359375
484000,0.013015625,0.4499375,0.537046875
485000,0.01303125,0.4496875,0.53728125
486000,0.01296875,0.4493125,0.53771875
487000,0.0128125,0.4490625,0.538125
488000,0.01265625,0.4495625,0.53778125
489000,0.012625,0.449921875,0.537453125
490000,0.0125,0.450609375,0.536890625
491000,0.012328125,0.450875,0.536796875
492000,0.012140625,0.450703125,0.53715625
493000,0.012078125,0.450671875,0.53725
494000,0.012125,0.450265625,0.537609375
495000,0.01190625,0.4498125,0.53828125
496000,0.0119375,0.4501875,0.537875
497000,0.01178125,0.44996875,0.53825
498000,0.011640625,0.449828125,0.53853125
499000,0.0114375,0.4501875,0.538375
500000,0.01128125,0.450296875,0.538421875
501000,0.011203125,0.449515625,0.53928125
502000,0.01115625,0.44971875,0.539125
503000,0.011,0.449703125,0.539296875
504000,0.010921875,0.449859375,0.53921875
505000,0.01084375,0.449609375,0.539546875
506000,0.01090625,0.449625,0.53946875
507000,0.010890625,0.449375,0.539734375
508000,0.01090625,0.4495625,0.53953125
509000,0.010859375,0.449546875,0.53959375
510000,0.010765625,0.449546875,0.5396875
511000,0.010703125,0.449359375,0.5399375
512000,0.0105625,0.44946875,0.53996875
513000,0.01053125,0.449171875,0.540296875
514000,0.010421875,0.449,0.540578125
515000,0.0103125,0.44896875,0.54071875
516000,0.010296875,0.449265625,0.5404375
517000,0.01025,0.449109375,0.540640625
518000,0.01009375,0.44871875,0.5411875
519000,0.0100625,0.44875,0.5411875
520000,0.009921875,0.448171875,0.54190625
521000,0.009921875,0.448125,0.541953125
522000,0.009765625,0.44853125,0.541703125
523000,0.009703125,0.448296875,0.542
524000,0.009625,0.4481875,0.5421875
525000,0.0095,0.448046875,0.542453125
526000,0.009484375,0.44790625,0.542609375
527000,0.009421875,0.4478125,0.542765625
528000,0.009421875,0.4471875,0.543390625
529000,0.009296875,0.44715625,0.543546875
530000,0.009265625,0.446828125,0.54390625
531000,0.009203125,0.44696875,0.543828125
532000,0.009125,0.44703125,0.54384375
533000,0.0089375,0.446765625,0.544296875
534000,0.00884375,0.44671875,0.5444375
535000,0.0088125,0.445703125,0.545484375
536000,0.008765625,0.445390625,0.54584375
537000,0.008609375,0.445421875,0.54596875
538000,0.008671875,0.44575,0.545578125
539000,0.008578125,0.445671875,0.54575
540000,0.00859375,0.445671875,0.545734375
541000,0.00846875,0.446296875,0.545234375
542000,0.008515625,0.446296875,0.5451875
543000,0.008484375,0.445921875,0.54559375
544000,0.008484375,0.445734375,0.54578125
545000,0.00840625,0.445515625,0.546078125
546000,0.008375,0.44559375,0.54603125
547000,0.008265625,0.445671875,0.5460625
548000,0.0081875,0.445625,0.5461875
549000,0.00809375,0.445265625,0.546640625
550000,0.008,0.445359375,0.546640625
551000,0.007953125,0.44590625,0.546140625
552000,0.00790625,0.44584375,0.54625
553000,0.007828125,0.445296875,0.546875
554000,0.00775,0.445765625,0.546484375
555000,0.007640625,0.44553125,0.546828125
556000,0.0075625,0.44509375,0.54734375
557000,0.00753125,0.4451875,0.54728125
558000,0.007484375,0.445140625,0.547375
559000,0.007484375,0.445546875,0.54696875
560000,0.007453125,0.445078125,0.54746875
561000,0.007328125,0.444546875,0.548125
562000,0.00725,0.444296875,0.548453125
563000,0.00715625,0.4443125,0.54853125
564000,0.007078125,0.443734375,0.5491875
565000,0.00703125,0.443046875,0.549921875
566000,0.006953125,0.44325,0.549796875
567000,0.0068125,0.443078125,0.550109375
568000,0.006796875,0.44359375,0.549609375
569000,0.006765625,0.443578125,0.54965625
570000,0.00678125,0.443484375,0.549734375
571000,0.006734375,0.443375,0.549890625
572000,0.006625,0.443203125,0.550171875
573000,0.006484375,0.442765625,0.55075
574000,0.0064375,0.443,0.5505625
575000,0.00634375,0.44253125,0.551125
576000,0.006296875,0.442703125,0.551
577000,0.00625,0.442515625,0.551234375
578000,0.006171875,0.44253125,0.551296875
579000,0.006109375,0.44246875,0.551421875
580000,0.0060625,0.44228125,0.55165625
581000,0.006046875,0.44196875,0.551984375
582000,0.00596875,0.441578125,0.552453125
583000,0.005984375,0.441296875,0.55271875
584000,0.00603125,0.441109375,0.552859375
585000,0.006015625,0.4415625,0.552421875
586000,0.005890625,0.44128125,0.552828125
587000,0.005875,0.4410625,0.5530625
588000,0.005859375,0.440625,0.553515625
589000,0.0058125,0.440609375,0.553578125
590000,0.005796875,0.440828125,0.553375
591000,0.00571875,0.44075,0.55353125
592000,0.005640625,0.440953125,0.55340625
593000,0.00559375,0.44028125,0.554125
594000,0.0055625,0.440015625,0.554421875
595000,0.0055,0.4398125,0.5546875
596000,0.0054375,0.43978125,0.55478125
597000,0.005375,0.43915625,0.55546875
598000,0.005390625,0.438890625,0.55571875
599000,0.005328125,0.43809375,0.556578125
600000,0.0053125,0.4376875,0.557
601000,0.00525,0.437203125,0.557546875
602000,0.0051875,0.437078125,0.557734375
603000,0.005109375,0.437671875,0.55721875
604000,0.005109375,0.437984375,0.55690625
605000,0.004984375,0.437625,0.557390625
606000,0.004953125,0.43721875,0.557828125
607000,0.00490625,0.437078125,0.558015625
608000,0.00490625,0.437265625,0.557828125
609000,0.004859375,0.436671875,0.55846875
610000,0.00475,0.436375,0.558875
611000,0.00471875,0.4364375,0.55884375
612000,0.004703125,0.43628125,0.559015625
613000,0.004640625,0.436453125,0.55890625
614000,0.004625,0.43590625,0.55946875
615000,0.004578125,0.4361875,0.559234375
616000,0.00453125,0.436046875,0.559421875
617000,0.004515625,0.435359375,0.560125
618000,0.00446875,0.434953125,0.560578125
619000,0.00440625,0.43515625,0.5604375
620000,0.004390625,0.434859375,0.56075
621000,0.004359375,0.43421875,0.561421875
622000,0.004359375,0.434140625,0.5615
623000,0.00434375,0.434109375,0.561546875
624000,0.004203125,0.4338125,0.561984375
625000,0.00415625,0.4335625,0.56228125
626000,0.004125,0.433609375,0.562265625
627000,0.0040625,0.433359375,0.562578125
628000,0.004,0.433140625,0.562859375
629000,0.003984375,0.433515625,0.5625
630000,0.003921875,0.43365625,0.562421875
631000,0.00384375,0.433703125,0.562453125
632000,0.00378125,0.433421875,0.562796875
633000,0.00378125,0.43315625,0.5630625
634000,0.0038125,0.43340625,0.56278125
635000,0.003671875,0.433640625,0.5626875
636000,0.003625,0.43346875,0.56290625
637000,0.003609375,0.4335625,0.562828125
638000,0.003609375,0.43409375,0.562296875
639000,0.003546875,0.433921875,0.56253125
640000,0.00346875,0.433875,0.56265625
641000,0.003453125,0.433125,0.563421875
642000,0.00340625,0.433,0.56359375
643000,0.003359375,0.43303125,0.563609375
644000,0.003390625,0.4326875,0.563921875
645000,0.0034375,0.4330625,0.5635
646000,0.00340625,0.432890625,0.563703125
647000,0.003375,0.433015625,0.563609375
648000,0.003375,0.432671875,0.563953125
649000,0.003296875,0.432453125,0.56425
650000,0.00325,0.4325,0.56425
651000,0.003203125,0.4325,0.564296875
652000,0.003203125,0.43209375,0.564703125
653000,0.00315625,0.432390625,0.564453125
654000,0.003125,0.432578125,0.564296875
655000,0.003109375,0.4324375,0.564453125
656000,0.00309375,0.43271875,0.5641875
657000,0.00309375,0.432890625,0.564015625
658000,0.003125,0.4326875,0.5641875
659000,0.00315625,0.43278125,0.5640625
660000,0.00315625,0.43290625,0.5639375
661000,0.003125,0.43284375,0.56403125
662000,0.00315625,0.43240625,0.5644375
663000,0.003140625,0.432640625,0.56421875
664000,0.003125,0.432375,0.5645
665000,0.00303125,0.432171875,0.564796875
666000,0.003015625,0.43190625,0.565078125
667000,0.003015625,0.431546875,0.5654375
668000,0.002984375,0.43121875,0.565796875
669000,0.00303125,0.4305625,0.56640625
670000,0.003,0.430484375,0.566515625
671000,0.00296875,0.430171875,0.566859375
672000,0.00290625,0.43003125,0.5670625
673000,0.002859375,0.429625,0.567515625
674000,0.002796875,0.4295,0.567703125
675000,0.00278125,0.4290625,0.56815625
676000,0.002671875,0.429578125,0.56775
677000,0.002671875,0.429671875,0.56765625
678000,0.00259375,0.429890625,0.567515625
679000,0.002546875,0.429515625,0.5679375
680000,0.002515625,0.429046875,0.5684375
681000,0.0025,0.42903125,0.56846875
682000,0.002515625,0.42884375,0.568640625
683000,0.0025,0.428109375,0.569390625
684000,0.002453125,0.427625,0.569921875
685000,0.002421875,0.42784375,0.569734375
686000,0.002421875,0.427328125,0.57025
687000,0.00240625,0.42678125,0.5708125
688000,0.002390625,0.427125,0.570484375
689000,0.00234375,0.426640625,0.571015625
690000,0.00234375,0.426125,0.57153125
691000,0.002328125,0.425578125,0.57209375
692000,0.002296875,0.425140625,0.5725625
693000,0.00228125,0.425359375,0.572359375
694000,0.002234375,0.425359375,0.57240625
695000,0.002234375,0.42528125,0.572484375
696000,0.002234375,0.42509375,0.572671875
697000,0.002140625,0.42471875,0.573140625
698000,0.002140625,0.424953125,0.57290625
699000,0.002140625,0.42459375,0.573265625
700000,0.002125,0.4244375,0.5734375
701000,0.002109375,0.424390625,0.5735
702000,0.002046875,0.424953125,0.573
703000,0.002015625,0.42503125,0.572953125
704000,0.001984375,0.425015625,0.573
705000,0.001984375,0.424640625,0.573375
706000,0.001984375,0.424859375,0.57315625
707000,0.00196875,0.424078125,0.573953125
708000,0.0019375,0.423921875,0.574140625
709000,0.00196875,0.4235625,0.57446875
710000,0.001953125,0.42309375,0.574953125
711000,0.00196875,0.422859375,0.575171875
712000,0.0019375,0.422890625,0.575171875
713000,0.00190625,0.422234375,0.575859375
714000,0.001921875,0.422,0.576078125
715000,0.0019375,0.422203125,0.575859375
716000,0.001953125,0.422234375,0.5758125
717000,0.001953125,0.421421875,0.576625
718000,0.001921875,0.421265625,0.5768125
719000,0.001890625,0.421421875,0.5766875
720000,0.001828125,0.421015625,0.57715625
721000,0.00184375,0.42125,0.57690625
722000,0.001796875,0.42059375,0.577609375
723000,0.001796875,0.42040625,0.577796875
724000,0.00178125,0.4200625,0.57815625
725000,0.001734375,0.4200625,0.578203125
726000,0.001703125,0.420375,0.577921875
727000,0.0016875,0.41996875,0.57834375
728000,0.001640625,0.4194375,0.578921875
729000,0.001625,0.41940625,0.57896875
730000,0.00159375,0.41915625,0.57925
731000,0.001578125,0.419484375,0.5789375
732000,0.0015625,0.4194375,0.579
733000,0.001515625,0.419578125,0.57890625
734000,0.001484375,0.419140625,0.579375
735000,0.001515625,0.418625,0.579859375
736000,0.001453125,0.418515625,0.58003125
737000,0.001453125,0.4186875,0.579859375
738000,0.0014375,0.4185,0.5800625
739000,0.001375,0.418234375,0.580390625
740000,0.001359375,0.418234375,0.58040625
741000,0.001328125,0.417921875,0.58075
742000,0.001296875,0.417375,0.581328125
743000,0.001265625,0.417109375,0.581625
744000,0.00121875,0.417359375,0.581421875
745000,0.001203125,0.417125,0.581671875
746000,0.0011875,0.416375,0.5824375
747000,0.00115625,0.416078125,0.582765625
748000,0.00115625,0.4159375,0.58290625
749000,0.00115625,0.416046875,0.582796875
750000,0.001171875,0.41646875,0.582359375
751000,0.001171875,0.41615625,0.582671875
752000,0.00115625,0.41646875,0.582375
753000,0.001171875,0.4161875,0.582640625
754000,0.00115625,0.416171875,0.582671875
755000,0.00115625,0.416203125,0.582640625
756000,0.001125,0.41590625,0.58296875
757000,0.001140625,0.41596875,0.582890625
758000,0.001140625,0.415,0.583859375
759000,0.001140625,0.41521875,0.583640625
760000,0.001109375,0.415109375,0.58378125
761000,0.001109375,0.415140625,0.58375
762000,0.001109375,0.414890625,0.584
763000,0.001109375,0.4153125,0.583578125
764000,0.00109375,0.415203125,0.583703125
765000,0.0010625,0.415125,0.5838125
766000,0.001046875,0.41571875,0.583234375
767000,0.001046875,0.41584375,0.583109375
768000,0.00103125,0.415984375,0.582984375
769000,0.000984375,0.415546875,0.58346875
770000,0.00096875,0.415671875,0.583359375
771000,0.00096875,0.41575,0.58328125
772000,0.00096875,0.41528125,0.58375
773000,0.0009375,0.415203125,0.583859375
774000,0.000921875,0.41534375,0.583734375
775000,0.000921875,0.4155,0.583578125
776000,0.00090625,0.415203125,0.583890625
777000,0.000890625,0.415125,0.583984375
778000,0.000890625,0.414859375,0.58425
779000,0.00090625,0.414953125,0.584140625
780000,0.000890625,0.41484375,0.584265625
781000,0.000875,0.415046875,0.584078125
782000,0.000875,0.4150625,0.5840625
783000,0.000875,0.41540625,0.58371875
784000,0.000875,0.41509375,0.58403125
785000,0.000875,0.415203125,0.583921875
786000,0.000828125,0.4150625,0.584109375
787000,0.0008125,0.414890625,0.584296875
788000,0.0008125,0.415171875,0.584015625
789000,0.0008125,0.41475,0.5844375
790000,0.000796875,0.415125,0.584078125
791000,0.000765625,0.41509375,0.584140625
792000,0.000765625,0.41525,0.583984375
793000,0.00075,0.41546875,0.58378125
794000,0.00071875,0.415796875,0.583484375
795000,0.00071875,0.415359375,0.583921875
796000,0.0006875,0.415390625,0.583921875
797000,0.0006875,0.415265625,0.584046875
798000,0.0006875,0.415046875,0.584265625
799000,0.0006875,0.415046875,0.584265625
800000,0.000671875,0.414828125,0.5845
801000,0.00065625,0.414,0.58534375
802000,0.000640625,0.414234375,0.585125
803000,0.000640625,0.41440625,0.584953125
804000,0.000640625,0.414421875,0.5849375
805000,0.000625,0.414328125,0.585046875
806000,0.000640625,0.414203125,0.58515625
807000,0.000640625,0.414140625,0.58521875
808000,0.000640625,0.414015625,0.58534375
809000,0.000640625,0.414109375,0.58525
810000,0.00065625,0.413859375,0.585484375
811000,0.000640625,0.41375,0.585609375
812000,0.000640625,0.413984375,0.585375
813000,0.000625,0.414,0.585375
814000,0.000625,0.413828125,0.585546875
815000,0.000640625,0.41340625,0.585953125
816000,0.00065625,0.413078125,0.586265625
817000,0.00065625,0.41246875,0.586875
818000,0.00065625,0.413,0.58634375
819000,0.000640625,0.41290625,0.586453125
820000,0.00065625,0.412640625,0.586703125
821000,0.00065625,0.412921875,0.586421875
822000,0.00065625,0.41228125,0.5870625
823000,0.00065625,0.412234375,0.587109375
824000,0.00065625,0.41203125,0.5873125
825000,0.00065625,0.412421875,0.586921875
826000,0.00065625,0.41234375,0.587
827000,0.0006875,0.412140625,0.587171875
828000,0.0006875,0.41178125,0.58753125
829000,0.0006875,0.411640625,0.587671875
830000,0.0006875,0.411328125,0.587984375
831000,0.000640625,0.411375,0.587984375
832000,0.000625,0.411234375,0.588140625
833000,0.000609375,0.4114375,0.587953125
834000,0.00059375,0.411234375,0.588171875
835000,0.00059375,0.41053125,0.588875
836000,0.000609375,0.409421875,0.58996875
837000,0.00059375,0.409515625,0.589890625
838000,0.00059375,0.40934375,0.5900625
839000,0.00059375,0.408921875,0.590484375
840000,0.000578125,0.40884375,0.590578125
841000,0.00059375,0.40903125,0.590375
842000,0.000578125,0.40853125,0.590890625
843000,0.000578125,0.408375,0.591046875
844000,0.00059375,0.4081875,0.59121875
845000,0.00059375,0.407875,0.59153125
846000,0.00059375,0.40753125,0.591875
847000,0.000609375,0.407015625,0.592375
848000,0.000609375,0.40709375,0.592296875
849000,0.000625,0.407078125,0.592296875
850000,0.000625,0.40646875,0.59290625
851000,0.000609375,0.40621875,0.593171875
852000,0.000640625,0.405796875,0.5935625
853000,0.00065625,0.404796875,0.594546875
854000,0.000625,0.404125,0.59525
855000,0.000625,0.404046875,0.595328125
856000,0.000625,0.404125,0.59525
857000,0.000625,0.403421875,0.595953125
858000,0.000625,0.4034375,0.5959375
859000,0.000609375,0.4031875,0.596203125
860000,0.000609375,0.4033125,0.596078125
861000,0.00059375,0.403046875,0.596359375
862000,0.00059375,0.402609375,0.596796875
863000,0.000578125,0.402328125,0.59709375
864000,0.000578125,0.40203125,0.597390625
865000,0.00053125,0.402,0.59746875
866000,0.00053125,0.40153125,0.5979375
867000,0.000515625,0.401140625,0.59834375
868000,0.0005,0.400828125,0.598671875
869000,0.000515625,0.400484375,0.599
870000,0.000515625,0.40028125,0.599203125
871000,0.0005,0.400078125,0.599421875
872000,0.000515625,0.399921875,0.5995625
873000,0.0005,0.3993125,0.6001875
874000,0.0005,0.398875,0.600625
875000,0.000515625,0.398890625,0.60059375
876000,0.000515625,0.398640625,0.60084375
877000,0.00053125,0.3985625,0.60090625
878000,0.00053125,0.3981875,0.60128125
879000,0.00053125,0.398046875,0.601421875
880000,0.00053125,0.398125,0.60134375
881000,0.00053125,0.398609375,0.600859375
882000,0.000515625,0.39875,0.600734375
883000,0.000515625,0.398859375,0.600625
884000,0.000515625,0.398421875,0.6010625
885000,0.000515625,0.39846875,0.601015625
886000,0.000515625,0.398,0.601484375
887000,0.000515625,0.398296875,0.6011875
888000,0.0005,0.398421875,0.601078125
889000,0.000484375,0.398453125,0.6010625
890000,0.000484375,0.3983125,0.601203125
891000,0.00046875,0.39853125,0.601
892000,0.00046875,0.39840625,0.601125
893000,0.000484375,0.398375,0.601140625
894000,0.000515625,0.398484375,0.601
895000,0.000515625,0.398484375,0.601
896000,0.0005,0.397921875,0.601578125
897000,0.000484375,0.3978125,0.601703125
898000,0.00046875,0.3974375,0.60209375
899000,0.00046875,0.397328125,0.602203125
900000,0.00046875,0.397109375,0.602421875
901000,0.000453125,0.39703125,0.602515625
902000,0.000453125,0.39675,0.602796875
903000,0.0004375,0.396765625,0.602796875
904000,0.0004375,0.3965,0.6030625
905000,0.0004375,0.396484375,0.603078125
906000,0.000421875,0.396296875,0.60328125
907000,0.000390625,0.39684375,0.602765625
908000,0.000375,0.39671875,0.60290625
909000,0.000359375,0.3963125,0.603328125
910000,0.000359375,0.396109375,0.60353125
911000,0.000359375,0.39584375,0.603796875
912000,0.000359375,0.395453125,0.6041875
913000,0.000359375,0.3953125,0.604328125
914000,0.000359375,0.395109375,0.60453125
915000,0.000359375,0.3945,0.605140625
916000,0.000359375,0.3941875,0.605453125
917000,0.000359375,0.39359375,0.606046875
918000,0.000359375,0.393421875,0.60621875
919000,0.000359375,0.393265625,0.606375
920000,0.000359375,0.3935,0.606140625
921000,0.000359375,0.3930625,0.606578125
922000,0.000328125,0.392421875,0.60725
923000,0.0003125,0.391984375,0.607703125
924000,0.0003125,0.391578125,0.608109375
925000,0.000296875,0.391171875,0.60853125
926000,0.000296875,0.3910625,0.608640625
927000,0.000296875,0.39078125,0.608921875
928000,0.000296875,0.39084375,0.608859375
929000,0.000296875,0.390453125,0.60925
930000,0.000296875,0.390578125,0.609125
931000,0.000296875,0.3901875,0.609515625
932000,0.000296875,0.389640625,0.6100625
933000,0.00028125,0.389421875,0.610296875
934000,0.00028125,0.389046875,0.610671875
935000,0.00028125,0.38878125,0.6109375
936000,0.00028125,0.388890625,0.610828125
937000,0.000296875,0.389,0.610703125
938000,0.00028125,0.388296875,0.611421875
939000,0.00028125,0.388265625,0.611453125
940000,0.000265625,0.388328125,0.61140625
941000,0.00025,0.3883125,0.6114375
942000,0.00025,0.38784375,0.61190625
943000,0.00025,0.388453125,0.611296875
944000,0.00025,0.38840625,0.61134375
945000,0.00025,0.3880625,0.6116875
946000,0.00025,0.387671875,0.612078125
947000,0.00025,0.387515625,0.612234375
948000,0.00025,0.38759375,0.61215625
949000,0.000234375,0.387875,0.611890625
950000,0.00025,0.38734375,0.61240625
951000,0.00025,0.3873125,0.6124375
952000,0.00025,0.3869375,0.6128125
953000,0.00025,0.387015625,0.612734375
954000,0.000234375,0.386796875,0.61296875
955000,0.000234375,0.3866875,0.613078125
956000,0.000234375,0.38671875,0.613046875
957000,0.000234375,0.38646875,0.613296875
958000,0.000234375,0.385796875,0.61396875
959000,0.000203125,0.385234375,0.6145625
960000,0.000203125,0.385453125,0.61434375
961000,0.000203125,0.38540625,0.614390625
962000,0.000203125,0.38521875,0.614578125
963000,0.0001875,0.384734375,0.615078125
964000,0.0001875,0.384828125,0.614984375
965000,0.0001875,0.38453125,0.61528125
966000,0.0001875,0.383984375,0.615828125
967000,0.0001875,0.3838125,0.616
968000,0.000171875,0.383015625,0.6168125
969000,0.000171875,0.383046875,0.61678125
970000,0.000171875,0.383015625,0.6168125
971000,0.000171875,0.38296875,0.616859375
972000,0.00015625,0.382953125,0.616890625
973000,0.00015625,0.382703125,0.617140625
974000,0.00015625,0.382390625,0.617453125
975000,0.00015625,0.38221875,0.617625
976000,0.000140625,0.382546875,0.6173125
977000,0.000140625,0.382640625,0.61721875
978000,0.00015625,0.38253125,0.6173125
979000,0.00015625,0.382125,0.61771875
980000,0.00015625,0.38190625,0.6179375
981000,0.000140625,0.3815625,0.618296875
982000,0.000140625,0.381859375,0.618
983000,0.000140625,0.381125,0.618734375
984000,0.000140625,0.380921875,0.6189375
985000,0.000140625,0.3808125,0.619046875
986000,0.000140625,0.380890625,0.61896875
987000,0.000140625,0.380921875,0.6189375
988000,0.000140625,0.3809375,0.618921875
989000,0.000140625,0.381109375,0.61875
990000,0.000140625,0.3813125,0.618546875
991000,0.000140625,0.381265625,0.61859375
992000,0.000140625,0.38103125,0.618828125
993000,0.000140625,0.380890625,0.61896875
994000,0.00015625,0.38015625,0.6196875
995000,0.00015625,0.379828125,0.620015625
996000,0.00015625,0.379859375,0.619984375
997000,0.000140625,0.379546875,0.6203125
998000,0.000140625,0.379390625,0.62046875
999000,0.00015625,0.379453125,0.620390625
1000000,0.00015625,0.37909375,0.62075
1001000,0.00015625,0.379078125,0.620765625
1002000,0.00015625,0.37884375,0.621
