1000,0.334015625,0.33259375,0.333390625
2000,0.33371875,0.332453125,0.333828125
3000,0.33265625,0.333171875,0.334171875
4000,0.33275,0.33278125,0.33446875
5000,0.332234375,0.333109375,0.33465625
6000,0.33128125,0.3335,0.33521875
7000,0.33090625,0.3333125,0.33578125
8000,0.33028125,0.333671875,0.336046875
9000,0.330328125,0.333375,0.336296875
10000,0.329796875,0.333203125,0.337
11000,0.329046875,0.3328125,0.338140625
12000,0.328890625,0.332421875,0.3386875
13000,0.3281875,0.332546875,0.339265625
14000,0.3275,0.33271875,0.33978125
15000,0.3263125,0.332765625,0.340921875
16000,0.326078125,0.332640625,0.34128125
17000,0.32553125,0.332390625,0.342078125
18000,0.3249375,0.331890625,0.343171875
19000,0.3238125,0.332390625,0.343796875
20000,0.32353125,0.332046875,0.344421875
21000,0.322609375,0.33190625,0.345484375
22000,0.321859375,0.332109375,0.34603125
23000,0.321625,0.331984375,0.346390625
24000,0.321375,0.332,0.346625
25000,0.320671875,0.3323125,0.347015625
26000,0.31975,0.3323125,0.3479375
27000,0.319171875,0.332109375,0.34871875
28000,0.3184375,0.332015625,0.349546875
29000,0.3175,0.3320625,0.3504375
30000,0.3168125,0.33146875,0.35171875
31000,0.3159375,0.3320625,0.352
32000,0.314703125,0.332,0.353296875
33000,0.313578125,0.331828125,0.35459375
34000,0.312875,0.3314375,0.3556875
35000,0.312203125,0.3309375,0.356859375
36000,0.311734375,0.330578125,0.3576875
37000,0.311234375,0.33075,0.358015625
38000,0.310390625,0.330890625,0.35871875
39000,0.30984375,0.3304375,0.35971875
40000,0.308953125,0.32990625,0.361140625
41000,0.30853125,0.32971875,0.36175
42000,0.308109375,0.32903125,0.362859375
43000,0.3070625,0.328828125,0.364109375
44000,0.306109375,0.329,0.364890625
45000,0.304984375,0.3293125,0.365703125
46000,0.304296875,0.328984375,0.36671875
47000,0.3036875,0.328890625,0.367421875
48000,0.3021875,0.329109375,0.368703125
49000,0.3016875,0.329140625,0.369171875
50000,0.300734375,0.329390625,0.369875
51000,0.29984375,0.329375,0.37078125
52000,0.298671875,0.329609375,0.37171875
53000,0.29815625,0.329328125,0.372515625
54000,0.296921875,0.328953125,0.374125
55000,0.296109375,0.329265625,0.374625
56000,0.29521875,0.329171875,0.375609375
57000,0.293875,0.329359375,0.376765625
58000,0.293125,0.32940625,0.37746875
59000,0.29209375,0.329640625,0.378265625
60000,0.29171875,0.329359375,0.378921875
61000,0.290171875,0.329875,0.379953125
62000,0.289453125,0.3301875,0.380359375
63000,0.28825,0.3306875,0.3810625
64000,0.287234375,0.3306875,0.382078125
65000,0.286421875,0.330953125,0.382625
66000,0.285015625,0.331125,0.383859375
67000,0.284046875,0.3309375,0.385015625
68000,0.2826875,0.331140625,0.386171875
69000,0.282296875,0.330578125,0.387125
70000,0.281546875,0.330484375,0.38796875
71000,0.28140625,0.33003125,0.3885625
72000,0.280390625,0.33046875,0.389140625
73000,0.279828125,0.330234375,0.3899375
74000,0.279109375,0.330703125,0.3901875
75000,0.2784375,0.330296875,0.391265625
76000,0.2774375,0.330078125,0.392484375
77000,0.276453125,0.3299375,0.393609375
78000,0.27571875,0.330296875,0.393984375
79000,0.274046875,0.3300625,0.395890625
80000,0.2735625,0.3298125,0.396625
81000,0.272328125,0.329921875,0.39775
82000,0.271390625,0.330375,0.398234375
83000,0.270265625,0.330703125,0.39903125
84000,0.269109375,0.330875,0.400015625
85000,0.268171875,0.330859375,0.40096875
86000,0.26675,0.331640625,0.401609375
87000,0.26528125,0.3320625,0.40265625
88000,0.26446875,0.331890625,0.403640625
89000,0.26309375,0.332203125,0.404703125
90000,0.261890625,0.332,0.406109375
91000,0.261015625,0.33171875,0.407265625
92000,0.2603125,0.33171875,0.40796875
93000,0.259375,0.331765625,0.408859375
94000,0.257984375,0.331984375,0.41003125
95000,0.257234375,0.33175,0.411015625
96000,0.2560625,0.33190625,0.41203125
97000,0.255484375,0.3319375,0.412578125
98000,0.254125,0.332109375,0.413765625
99000,0.253171875,0.33225,0.414578125
100000,0.251859375,0.332390625,0.41575
101000,0.251453125,0.331796875,0.41675
102000,0.249984375,0.331515625,0.4185
103000,0.249,0.331375,0.419625
104000,0.248375,0.33125,0.420375
105000,0.247140625,0.33103125,0.421828125
106000,0.246203125,0.330796875,0.423
107000,0.245265625,0.330515625,0.42421875
108000,0.244125,0.330625,0.42525
109000,0.243453125,0.330671875,0.425875
110000,0.2420625,0.330734375,0.427203125
111000,0.241,0.33053125,0.42846875
112000,0.23984375,0.3303125,0.42984375
113000,0.239203125,0.330296875,0.4305
114000,0.237765625,0.33071875,0.431515625
115000,0.236953125,0.33046875,0.432578125
116000,0.23609375,0.33,0.43390625
117000,0.23521875,0.33,0.43478125
118000,0.234109375,0.33003125,0.435859375
119000,0.233359375,0.33,0.436640625
120000,0.23209375,0.330203125,0.437703125
121000,0.231640625,0.32996875,0.438390625
122000,0.23103125,0.329703125,0.439265625
123000,0.2300625,0.329484375,0.440453125
124000,0.22965625,0.32925,0.44109375
125000,0.229296875,0.328953125,0.44175
126000,0.228375,0.329125,0.4425
127000,0.227640625,0.328546875,0.4438125
128000,0.22675,0.328171875,0.445078125
129000,0.225625,0.32828125,0.44609375
130000,0.22465625,0.328046875,0.447296875
131000,0.223796875,0.327984375,0.44821875
132000,0.222671875,0.327890625,0.4494375
133000,0.22128125,0.328234375,0.450484375
134000,0.219703125,0.32890625,0.451390625
135000,0.218953125,0.328984375,0.4520625
136000,0.217421875,0.329375,0.453203125
137000,0.216984375,0.329125,0.453890625
138000,0.2164375,0.329078125,0.454484375
139000,0.215625,0.328546875,0.455828125
140000,0.21434375,0.32825,0.45740625
141000,0.213328125,0.328359375,0.4583125
142000,0.21221875,0.328515625,0.459265625
143000,0.211296875,0.328515625,0.4601875
144000,0.2104375,0.32815625,0.46140625
145000,0.2095625,0.3283125,0.462125
146000,0.2085,0.32846875,0.46303125
147000,0.207265625,0.328984375,0.46375
148000,0.206609375,0.328625,0.464765625
149000,0.20575,0.32846875,0.46578125
150000,0.20484375,0.3281875,0.46696875
151000,0.2039375,0.327734375,0.468328125
152000,0.2038125,0.327546875,0.468640625
153000,0.202921875,0.327046875,0.47003125
154000,0.202125,0.32715625,0.47071875
155000,0.201,0.327328125,0.471671875
156000,0.199625,0.327359375,0.473015625
157000,0.198390625,0.327375,0.474234375
158000,0.19771875,0.326984375,0.475296875
159000,0.196796875,0.327484375,0.47571875
160000,0.19628125,0.32678125,0.4769375
161000,0.195625,0.326515625,0.477859375
162000,0.194828125,0.32634375,0.478828125
163000,0.193984375,0.32571875,0.480296875
164000,0.19328125,0.3250625,0.48165625
165000,0.19209375,0.32525,0.48265625
166000,0.191265625,0.325125,0.483609375
167000,0.1901875,0.325484375,0.484328125
168000,0.1891875,0.325578125,0.485234375
169000,0.18890625,0.325515625,0.485578125
170000,0.1875,0.325203125,0.487296875
171000,0.18678125,0.324890625,0.488328125
172000,0.18590625,0.3249375,0.48915625
173000,0.18478125,0.32528125,0.4899375
174000,0.18409375,0.32515625,0.49075
175000,0.183453125,0.3243125,0.492234375
176000,0.182515625,0.324046875,0.4934375
177000,0.181375,0.323640625,0.494984375
178000,0.180265625,0.3235625,0.496171875
179000,0.1793125,0.323515625,0.497171875
180000,0.178359375,0.323296875,0.49834375
181000,0.177265625,0.3233125,0.499421875
182000,0.1764375,0.32325,0.5003125
183000,0.1753125,0.323390625,0.501296875
184000,0.174421875,0.323734375,0.50184375
185000,0.173796875,0.323046875,0.50315625
186000,0.17309375,0.32253125,0.504375
187000,0.17221875,0.322265625,0.505515625
188000,0.171515625,0.3221875,0.506296875
189000,0.171140625,0.321890625,0.50696875
190000,0.1699375,0.3218125,0.50825
191000,0.169203125,0.320984375,0.5098125
192000,0.168578125,0.320484375,0.5109375
193000,0.167265625,0.321015625,0.51171875
194000,0.166109375,0.321203125,0.5126875
195000,0.165390625,0.320984375,0.513625
196000,0.164328125,0.320984375,0.5146875
197000,0.163421875,0.320546875,0.51603125
198000,0.162421875,0.320734375,0.51684375
199000,0.161546875,0.321265625,0.5171875
200000,0.16115625,0.32034375,0.5185
201000,0.160359375,0.319984375,0.51965625
202000,0.15990625,0.319484375,0.520609375
203000,0.15921875,0.31934375,0.5214375
204000,0.1581875,0.3189375,0.522875
205000,0.15765625,0.31859375,0.52375
206000,0.156734375,0.31884375,0.524421875
207000,0.156140625,0.318546875,0.5253125
208000,0.155421875,0.318078125,0.5265
209000,0.15475,0.318,0.52725
210000,0.153625,0.317953125,0.528421875
211000,0.152796875,0.317703125,0.5295
212000,0.151890625,0.317015625,0.53109375
213000,0.1510625,0.3168125,0.532125
214000,0.150046875,0.31703125,0.532921875
215000,0.1491875,0.31675,0.5340625
216000,0.1485,0.316546875,0.534953125
217000,0.147953125,0.316578125,0.53546875
218000,0.147125,0.316546875,0.536328125
219000,0.14596875,0.3164375,0.53759375
220000,0.145328125,0.316234375,0.5384375
221000,0.144484375,0.315640625,0.539875
222000,0.1434375,0.315375,0.5411875
223000,0.142265625,0.31534375,0.542390625
224000,0.141625,0.315078125,0.543296875
225000,0.14115625,0.315078125,0.543765625
226000,0.1405,0.3145625,0.5449375
227000,0.139484375,0.3141875,0.546328125
228000,0.138921875,0.31365625,0.547421875
229000,0.138484375,0.313203125,0.5483125
230000,0.137765625,0.312828125,0.54940625
231000,0.137296875,0.31265625,0.550046875
232000,0.13665625,0.3124375,0.55090625
233000,0.135890625,0.312109375,0.552
234000,0.1353125,0.31175,0.5529375
235000,0.13434375,0.311953125,0.553703125
236000,0.13375,0.311640625,0.554609375
237000,0.132671875,0.31184375,0.555484375
238000,0.13140625,0.311609375,0.556984375
239000,0.130515625,0.31128125,0.558203125
240000,0.12946875,0.310828125,0.559703125
241000,0.128640625,0.31021875,0.561140625
242000,0.12790625,0.309921875,0.562171875
243000,0.127203125,0.3095625,0.563234375
244000,0.126609375,0.309515625,0.563875
245000,0.126296875,0.3089375,0.564765625
246000,0.125765625,0.308765625,0.56546875
247000,0.12509375,0.308609375,0.566296875
248000,0.12471875,0.3081875,0.56709375
249000,0.12403125,0.307875,0.56809375
250000,0.123484375,0.3078125,0.568703125
251000,0.12271875,0.3078125,0.56946875
252000,0.1219375,0.30746875,0.57059375
253000,0.121265625,0.30721875,0.571515625
254000,0.120390625,0.30746875,0.572140625
255000,0.119890625,0.307078125,0.57303125
256000,0.11903125,0.307015625,0.573953125
257000,0.118234375,0.30728125,0.574484375
258000,0.1175625,0.30734375,0.57509375
259000,0.11684375,0.307015625,0.576140625
260000,0.1159375,0.306796875,0.577265625
261000,0.11496875,0.30715625,0.577875
262000,0.11415625,0.307171875,0.578671875
263000,0.113453125,0.307109375,0.5794375
264000,0.1129375,0.30759375,0.57946875
265000,0.112203125,0.307421875,0.580375
266000,0.111421875,0.30771875,0.580859375
267000,0.11065625,0.307484375,0.581859375
268000,0.10996875,0.30753125,0.5825
269000,0.10934375,0.30709375,0.5835625
270000,0.108828125,0.307125,0.584046875
271000,0.108125,0.3065,0.585375
272000,0.10734375,0.306484375,0.586171875
273000,0.106953125,0.3061875,0.586859375
274000,0.106453125,0.30628125,0.587265625
275000,0.10528125,0.306375,0.58834375
276000,0.104640625,0.305890625,0.58946875
277000,0.103984375,0.30515625,0.590859375
278000,0.1035625,0.30484375,0.59159375
279000,0.103046875,0.30446875,0.592484375
280000,0.102640625,0.30421875,0.593140625
281000,0.102265625,0.303765625,0.59396875
282000,0.101765625,0.303171875,0.5950625
283000,0.10103125,0.302625,0.59634375
284000,0.100421875,0.302375,0.597203125
285000,0.099828125,0.302375,0.597796875
286000,0.099203125,0.301671875,0.599125
287000,0.098453125,0.301734375,0.5998125
288000,0.098046875,0.30121875,0.600734375
289000,0.097625,0.301296875,0.601078125
290000,0.097125,0.301125,0.60175
291000,0.096640625,0.3011875,0.602171875
292000,0.09653125,0.30115625,0.6023125
293000,0.09621875,0.300546875,0.603234375
294000,0.09565625,0.300390625,0.603953125
295000,0.09521875,0.30015625,0.604625
296000,0.0946875,0.30028125,0.60503125
297000,0.094234375,0.30003125,0.605734375
298000,0.09375,0.3001875,0.6060625
299000,0.0930625,0.29984375,0.60709375
300000,0.092578125,0.299578125,0.60784375
301000,0.0921875,0.299046875,0.608765625
302000,0.091375,0.2984375,0.6101875
303000,0.090828125,0.297765625,0.61140625
304000,0.0905,0.297484375,0.612015625
305000,0.090171875,0.297140625,0.6126875
306000,0.0894375,0.29646875,0.61409375
307000,0.089296875,0.296078125,0.614625
308000,0.08878125,0.295421875,0.615796875
309000,0.088109375,0.29540625,0.616484375
310000,0.087640625,0.295265625,0.61709375
311000,0.0870625,0.29509375,0.61784375
312000,0.086453125,0.2944375,0.619109375
313000,0.085734375,0.294953125,0.6193125
314000,0.085578125,0.294828125,0.61959375
315000,0.08509375,0.29428125,0.620625
316000,0.08475,0.29409375,0.62115625
317000,0.084171875,0.293875,0.621953125
318000,0.083734375,0.293625,0.622640625
319000,0.08309375,0.29315625,0.62375
320000,0.0825625,0.2924375,0.625
321000,0.08209375,0.2929375,0.62496875
322000,0.081328125,0.29321875,0.625453125
323000,0.080984375,0.29246875,0.626546875
324000,0.080359375,0.2921875,0.627453125
325000,0.07996875,0.292109375,0.627921875
326000,0.0794375,0.291765625,0.628796875
327000,0.078984375,0.29134375,0.629671875
328000,0.07828125,0.291015625,0.630703125
329000,0.0775,0.2909375,0.6315625
330000,0.076890625,0.289890625,0.63321875
331000,0.076546875,0.28940625,0.634046875
332000,0.07621875,0.289515625,0.634265625
333000,0.075765625,0.289046875,0.6351875
334000,0.07515625,0.28875,0.63609375
335000,0.074703125,0.289046875,0.63625
336000,0.074359375,0.288640625,0.637
337000,0.07365625,0.2888125,0.63753125
338000,0.073375,0.28859375,0.63803125
339000,0.072734375,0.288703125,0.6385625
340000,0.0725,0.28828125,0.63921875
341000,0.071984375,0.288140625,0.639875
342000,0.071484375,0.28778125,0.640734375
343000,0.071140625,0.286984375,0.641875
344000,0.070375,0.286578125,0.643046875
345000,0.06990625,0.285625,0.64446875
346000,0.06921875,0.2845625,0.64621875
347000,0.06890625,0.284265625,0.646828125
348000,0.0684375,0.284171875,0.647390625
349000,0.067796875,0.284109375,0.64809375
350000,0.067390625,0.28353125,0.649078125
351000,0.06703125,0.28315625,0.6498125
352000,0.06665625,0.28228125,0.6510625
353000,0.0660625,0.28196875,0.65196875
354000,0.065671875,0.28159375,0.652734375
355000,0.064890625,0.281796875,0.6533125
356000,0.064375,0.28140625,0.65421875
357000,0.06403125,0.28096875,0.655
358000,0.063453125,0.28046875,0.656078125
359000,0.06309375,0.28034375,0.6565625
360000,0.06259375,0.280203125,0.657203125
361000,0.062046875,0.28025,0.657703125
362000,0.0615625,0.279796875,0.658640625
363000,0.06128125,0.2794375,0.65928125
364000,0.060765625,0.27865625,0.660578125
365000,0.060375,0.27859375,0.66103125
366000,0.059765625,0.27853125,0.661703125
367000,0.05946875,0.278328125,0.662203125
368000,0.05909375,0.278140625,0.662765625
369000,0.058875,0.277890625,0.663234375
370000,0.058328125,0.27778125,0.663890625
371000,0.05784375,0.27759375,0.6645625
372000,0.05765625,0.277609375,0.664734375
373000,0.057140625,0.2770625,0.665796875
374000,0.056734375,0.276875,0.666390625
375000,0.05646875,0.276484375,0.667046875
376000,0.055859375,0.2763125,0.667828125
377000,0.055515625,0.275546875,0.6689375
378000,0.05515625,0.275,0.66984375
379000,0.05475,0.27471875,0.67053125
380000,0.054296875,0.274484375,0.67121875
381000,0.05390625,0.2746875,0.67140625
382000,0.05365625,0.274296875,0.672046875
383000,0.053234375,0.27453125,0.672234375
384000,0.0528125,0.273734375,0.673453125
385000,0.05246875,0.27315625,0.674375
386000,0.05228125,0.27259375,0.675125
387000,0.05221875,0.27196875,0.6758125
388000,0.05184375,0.2721875,0.67596875
389000,0.05134375,0.27209375,0.6765625
390000,0.05090625,0.271625,0.67746875
391000,0.050578125,0.27134375,0.678078125
392000,0.050296875,0.271140625,0.6785625
393000,0.050203125,0.2703125,0.679484375
394000,0.049890625,0.26978125,0.680328125
395000,0.049390625,0.2699375,0.680671875
396000,0.049,0.26875,0.68225
397000,0.048703125,0.268296875,0.683
398000,0.048265625,0.267421875,0.6843125
399000,0.047984375,0.2668125,0.685203125
400000,0.04771875,0.266375,0.68590625
401000,0.04740625,0.266015625,0.686578125
402000,0.047046875,0.265453125,0.6875
403000,0.04678125,0.264796875,0.688421875
404000,0.046421875,0.264703125,0.688875
405000,0.046203125,0.264671875,0.689125
406000,0.04590625,0.26471875,0.689375
407000,0.0454375,0.2638125,0.69075
408000,0.04503125,0.263671875,0.691296875
409000,0.04490625,0.263234375,0.691859375
410000,0.044671875,0.262171875,0.69315625
411000,0.0445,0.261796875,0.693703125
412000,0.04425,0.261859375,0.693890625
413000,0.044140625,0.260859375,0.695
414000,0.043859375,0.260375,0.695765625
415000,0.043640625,0.2600625,0.696296875
416000,0.04359375,0.25975,0.69665625
417000,0.043390625,0.259125,0.697484375
418000,0.043109375,0.25859375,0.698296875
419000,0.04265625,0.25796875,0.699375
420000,0.042265625,0.25796875,0.699765625
421000,0.041859375,0.257484375,0.70065625
422000,0.041453125,0.2569375,0.701609375
423000,0.040796875,0.25678125,0.702421875
424000,0.040515625,0.256765625,0.70271875
425000,0.0403125,0.256265625,0.703421875
426000,0.040109375,0.256171875,0.70371875
427000,0.039984375,0.256078125,0.7039375
428000,0.039625,0.255640625,0.704734375
429000,0.039375,0.25521875,0.70540625
430000,0.0391875,0.2550625,0.70575
431000,0.039125,0.254640625,0.706234375
432000,0.038890625,0.25459375,0.706515625
433000,0.038703125,0.2541875,0.707109375
434000,0.038390625,0.253890625,0.70771875
435000,0.037859375,0.25396875,0.708171875
436000,0.03759375,0.253890625,0.708515625
437000,0.037203125,0.254046875,0.70875
438000,0.036953125,0.25365625,0.709390625
439000,0.036703125,0.253109375,0.7101875
440000,0.0364375,0.252921875,0.710640625
441000,0.036265625,0.252796875,0.7109375
442000,0.036078125,0.252234375,0.7116875
443000,0.035671875,0.25171875,0.712609375
444000,0.035421875,0.25175,0.712828125
445000,0.035265625,0.2514375,0.713296875
446000,0.0350625,0.25128125,0.71365625
447000,0.034859375,0.25134375,0.713796875
448000,0.03459375,0.251421875,0.713984375
449000,0.0344375,0.250578125,0.714984375
450000,0.0341875,0.250015625,0.715796875
451000,0.03403125,0.2496875,0.71628125
452000,0.033734375,0.249234375,0.71703125
453000,0.03340625,0.24928125,0.7173125
454000,0.0330625,0.248578125,0.718359375
455000,0.0328125,0.2483125,0.718875
456000,0.032640625,0.248484375,0.718875
457000,0.0323125,0.24840625,0.71928125
458000,0.0320625,0.247578125,0.720359375
459000,0.032,0.247265625,0.720734375
460000,0.031828125,0.24696875,0.721203125
461000,0.031421875,0.246265625,0.7223125
462000,0.03115625,0.246015625,0.722828125
463000,0.030890625,0.245890625,0.72321875
464000,0.030625,0.2455,0.723875
465000,0.03046875,0.245,0.72453125
466000,0.03028125,0.244671875,0.725046875
467000,0.03009375,0.244296875,0.725609375
468000,0.029890625,0.244296875,0.7258125
469000,0.02990625,0.24353125,0.7265625
470000,0.029671875,0.242984375,0.72734375
471000,0.029421875,0.243078125,0.7275
472000,0.02925,0.24265625,0.72809375
473000,0.029078125,0.24178125,0.729140625
474000,0.028859375,0.241109375,0.73003125
475000,0.028703125,0.240984375,0.7303125
476000,0.028546875,0.24078125,0.730671875
477000,0.0283125,0.2406875,0.731
478000,0.028109375,0.240328125,0.7315625
479000,0.027796875,0.239578125,0.732625
480000,0.027640625,0.239046875,0.7333125
481000,0.0274375,0.238828125,0.733734375
482000,0.027234375,0.238953125,0.7338125
483000,0.027171875,0.23853125,0.734296875
484000,0.027046875,0.23865625,0.734296875
485000,0.026890625,0.238109375,0.735
486000,0.0268125,0.237640625,0.735546875
487000,0.026640625,0.237375,0.735984375
488000,0.026390625,0.237328125,0.73628125
489000,0.026203125,0.236828125,0.73696875
490000,0.02584375,0.23646875,0.7376875
491000,0.025609375,0.236109375,0.73828125
492000,0.0253125,0.235859375,0.738828125
493000,0.02509375,0.235625,0.73928125
494000,0.0249375,0.235375,0.7396875
495000,0.0248125,0.234765625,0.740421875
496000,0.024734375,0.234328125,0.7409375
497000,0.024515625,0.233890625,0.74159375
498000,0.024421875,0.233203125,0.742375
499000,0.024234375,0.233140625,0.742625
500000,0.024125,0.232515625,0.743359375
501000,0.023953125,0.23203125,0.744015625
502000,0.023875,0.231609375,0.744515625
503000,0.0236875,0.23125,0.7450625
504000,0.023625,0.23075,0.745625
505000,0.023640625,0.229953125,0.74640625
506000,0.023359375,0.229703125,0.7469375
507000,0.023296875,0.229109375,0.74759375
508000,0.023140625,0.229046875,0.7478125
509000,0.023,0.2288125,0.7481875
510000,0.022640625,0.22875,0.748609375
511000,0.0225,0.22878125,0.74871875
512000,0.022484375,0.228234375,0.74928125
513000,0.02221875,0.22746875,0.7503125
514000,0.022,0.2270625,0.7509375
515000,0.0218125,0.226734375,0.751453125
516000,0.02165625,0.226203125,0.752140625
517000,0.02125,0.225953125,0.752796875
518000,0.021203125,0.2253125,0.753484375
519000,0.021,0.224453125,0.754546875
520000,0.02071875,0.224,0.75528125
521000,0.020640625,0.22365625,0.755703125
522000,0.0205625,0.222484375,0.756953125
523000,0.0205,0.221828125,0.757671875
524000,0.020296875,0.22171875,0.757984375
525000,0.02021875,0.2214375,0.75834375
526000,0.020046875,0.22109375,0.758859375
527000,0.019765625,0.22084375,0.759390625
528000,0.019765625,0.220609375,0.759625
529000,0.01971875,0.219828125,0.760453125
530000,0.019703125,0.2195,0.760796875
531000,0.019484375,0.21884375,0.761671875
532000,0.0195,0.2186875,0.7618125
533000,0.0195,0.21853125,0.76196875
534000,0.01946875,0.218375,0.76215625
535000,0.019375,0.217703125,0.762921875
536000,0.01921875,0.217234375,0.763546875
537000,0.019015625,0.2171875,0.763796875
538000,0.0189375,0.216609375,0.764453125
539000,0.018890625,0.21609375,0.765015625
540000,0.01878125,0.21575,0.76546875
541000,0.01865625,0.21546875,0.765875
542000,0.018484375,0.214953125,0.7665625
543000,0.01834375,0.2143125,0.76734375
544000,0.0183125,0.213640625,0.768046875
545000,0.018140625,0.213328125,0.76853125
546000,0.017984375,0.21328125,0.768734375
547000,0.0178125,0.21303125,0.76915625
548000,0.017671875,0.212765625,0.7695625
549000,0.017515625,0.21271875,0.769765625
550000,0.017140625,0.212296875,0.7705625
551000,0.0169375,0.211703125,0.771359375
552000,0.01675,0.211328125,0.771921875
553000,0.016671875,0.2111875,0.772140625
554000,0.016484375,0.210265625,0.77325
555000,0.016390625,0.209671875,0.7739375
556000,0.01634375,0.20928125,0.774375
557000,0.01621875,0.20865625,0.775125
558000,0.016109375,0.207984375,0.77590625
559000,0.015984375,0.2078125,0.776203125
560000,0.01590625,0.207375,0.77671875
561000,0.015828125,0.20665625,0.777515625
562000,0.01571875,0.206421875,0.777859375
563000,0.015515625,0.20603125,0.778453125
564000,0.015421875,0.20559375,0.778984375
565000,0.01528125,0.20509375,0.779625
566000,0.015109375,0.2045,0.780390625
567000,0.015,0.20421875,0.78078125
568000,0.015,0.204015625,0.780984375
569000,0.01490625,0.2034375,0.78165625
570000,0.01478125,0.202609375,0.782609375
571000,0.0146875,0.201890625,0.783421875
572000,0.0145625,0.201515625,0.783921875
573000,0.0144375,0.201546875,0.784015625
574000,0.0141875,0.201234375,0.784578125
575000,0.01409375,0.2006875,0.78521875
576000,0.014046875,0.199875,0.786078125
577000,0.01415625,0.19940625,0.7864375
578000,0.014,0.198703125,0.787296875
579000,0.013828125,0.198,0.788171875
580000,0.013671875,0.19771875,0.788609375
581000,0.0135625,0.197125,0.7893125
582000,0.013375,0.1968125,0.7898125
583000,0.0133125,0.19640625,0.79028125
584000,0.013203125,0.196046875,0.79075
585000,0.013078125,0.19546875,0.791453125
586000,0.013046875,0.1950625,0.791890625
587000,0.012953125,0.1948125,0.792234375
588000,0.012875,0.1945,0.792625
589000,0.012765625,0.194,0.793234375
590000,0.012625,0.193671875,0.793703125
591000,0.012484375,0.193390625,0.794125
592000,0.012328125,0.1935,0.794171875
593000,0.012171875,0.193484375,0.79434375
594000,0.01203125,0.19309375,0.794875
595000,0.011953125,0.19246875,0.795578125
596000,0.011921875,0.19178125,0.796296875
597000,0.011875,0.191546875,0.796578125
598000,0.011765625,0.191046875,0.7971875
599000,0.01171875,0.190296875,0.797984375
600000,0.01175,0.19025,0.798
601000,0.011515625,0.189578125,0.79890625
602000,0.01140625,0.1891875,0.79940625
603000,0.0111875,0.188640625,0.800171875
604000,0.0111875,0.18853125,0.80028125
605000,0.011109375,0.188328125,0.8005625
606000,0.01103125,0.187765625,0.801203125
607000,0.0109375,0.18759375,0.80146875
608000,0.0108125,0.187203125,0.801984375
609000,0.010765625,0.186640625,0.80259375
610000,0.01078125,0.186390625,0.802828125
611000,0.010640625,0.18621875,0.803140625
612000,0.0105625,0.185359375,0.804078125
613000,0.010515625,0.185109375,0.804375
614000,0.010421875,0.184359375,0.80521875
615000,0.010234375,0.18415625,0.805609375
616000,0.01021875,0.1836875,0.80609375
617000,0.010125,0.183234375,0.806640625
618000,0.01003125,0.182671875,0.807296875
619000,0.009953125,0.1823125,0.807734375
620000,0.0099375,0.182140625,0.807921875
621000,0.009859375,0.181625,0.808515625
622000,0.009796875,0.1806875,0.809515625
623000,0.00971875,0.180609375,0.809671875
624000,0.009640625,0.18021875,0.810140625
625000,0.009625,0.179734375,0.810640625
626000,0.009578125,0.179171875,0.81125
627000,0.009515625,0.179078125,0.81140625
628000,0.009453125,0.17871875,0.811828125
629000,0.00940625,0.1784375,0.81215625
630000,0.009296875,0.178203125,0.8125
631000,0.009234375,0.17834375,0.812421875
632000,0.009140625,0.1780625,0.812796875
633000,0.00915625,0.177375,0.81346875
634000,0.009046875,0.177265625,0.8136875
635000,0.00896875,0.176953125,0.814078125
636000,0.008953125,0.17665625,0.814390625
637000,0.008875,0.176328125,0.814796875
638000,0.008859375,0.176125,0.815015625
639000,0.008953125,0.1753125,0.815734375
640000,0.008921875,0.175171875,0.81590625
641000,0.008921875,0.174359375,0.81671875
642000,0.008859375,0.17415625,0.816984375
643000,0.008671875,0.173421875,0.81790625
644000,0.00865625,0.172734375,0.818609375
645000,0.00859375,0.172140625,0.819265625
646000,0.0085625,0.171734375,0.819703125
647000,0.008546875,0.1713125,0.820140625
648000,0.00840625,0.1710625,0.82053125
649000,0.0084375,0.17115625,0.82040625
650000,0.0083125,0.170921875,0.820765625
651000,0.00825,0.170484375,0.821265625
652000,0.008203125,0.170125,0.821671875
653000,0.00803125,0.169703125,0.822265625
654000,0.007953125,0.169140625,0.82290625
655000,0.007921875,0.1690625,0.823015625
656000,0.00784375,0.168984375,0.823171875
657000,0.0076875,0.168796875,0.823515625
658000,0.007640625,0.168609375,0.82375
659000,0.0075625,0.168,0.8244375
660000,0.007484375,0.16759375,0.824921875
661000,0.007546875,0.167390625,0.8250625
662000,0.007453125,0.166984375,0.8255625
663000,0.007359375,0.166328125,0.8263125
664000,0.007265625,0.166203125,0.82653125
665000,0.00725,0.166078125,0.826671875
666000,0.00721875,0.165453125,0.827328125
667000,0.0070625,0.16490625,0.82803125
668000,0.00703125,0.164640625,0.828328125
669000,0.007046875,0.16434375,0.828609375
670000,0.007,0.16409375,0.82890625
671000,0.007015625,0.16346875,0.829515625
672000,0.007015625,0.16303125,0.829953125
673000,0.007,0.16278125,0.83021875
674000,0.00684375,0.162296875,0.830859375
675000,0.00665625,0.162140625,0.831203125
676000,0.00659375,0.162171875,0.831234375
677000,0.00653125,0.16221875,0.83125
678000,0.0064375,0.1618125,0.83175
679000,0.006359375,0.1615,0.832140625
680000,0.006390625,0.16121875,0.832390625
681000,0.00640625,0.161171875,0.832421875
682000,0.0064375,0.16090625,0.83265625
683000,0.00634375,0.16053125,0.833125
684000,0.00628125,0.160359375,0.833359375
685000,0.006234375,0.159765625,0.834
686000,0.00615625,0.15896875,0.834875
687000,0.006046875,0.158921875,0.83503125
688000,0.006015625,0.158453125,0.83553125
689000,0.0059375,0.158390625,0.835671875
690000,0.00590625,0.15753125,0.8365625
691000,0.00590625,0.1568125,0.83728125
692000,0.005890625,0.156359375,0.83775
693000,0.00578125,0.15584375,0.838375
694000,0.00575,0.155546875,0.838703125
695000,0.00559375,0.155078125,0.839328125
696000,0.00553125,0.15490625,0.8395625
697000,0.005484375,0.1546875,0.839828125
698000,0.0055,0.154203125,0.840296875
699000,0.005421875,0.15415625,0.840421875
700000,0.005359375,0.153875,0.840765625
701000,0.005328125,0.15321875,0.841453125
702000,0.005234375,0.153140625,0.841625
703000,0.0051875,0.15246875,0.84234375
704000,0.005140625,0.152171875,0.8426875
705000,0.005109375,0.151890625,0.843
706000,0.0049375,0.1514375,0.843625
707000,0.00484375,0.150953125,0.844203125
708000,0.00478125,0.150234375,0.844984375
709000,0.004671875,0.149953125,0.845375
710000,0.004640625,0.149828125,0.84553125
711000,0.00459375,0.149359375,0.846046875
712000,0.00453125,0.148828125,0.846640625
713000,0.004453125,0.148578125,0.84696875
714000,0.00440625,0.14840625,0.8471875
715000,0.004390625,0.148203125,0.84740625
716000,0.00440625,0.147859375,0.847734375
717000,0.004328125,0.14746875,0.848203125
718000,0.00434375,0.14709375,0.8485625
719000,0.004296875,0.14678125,0.848921875
720000,0.0043125,0.145875,0.8498125
721000,0.0043125,0.145921875,0.849765625
722000,0.004265625,0.1458125,0.849921875
723000,0.00421875,0.14546875,0.8503125
724000,0.0041875,0.144703125,0.851109375
725000,0.004171875,0.144578125,0.85125
726000,0.004140625,0.1443125,0.851546875
727000,0.00409375,0.143875,0.85203125
728000,0.004125,0.14371875,0.85215625
729000,0.00409375,0.1434375,0.85246875
730000,0.004015625,0.143265625,0.85271875
731000,0.003953125,0.142515625,0.85353125
732000,0.003953125,0.14225,0.853796875
733000,0.00390625,0.141859375,0.854234375
734000,0.003828125,0.1414375,0.854734375
735000,0.003765625,0.140859375,0.855375
736000,0.00375,0.1405625,0.8556875
737000,0.003671875,0.139890625,0.8564375
738000,0.003625,0.13975,0.856625
739000,0.00359375,0.13940625,0.857
740000,0.003578125,0.139109375,0.8573125
741000,0.003578125,0.1386875,0.857734375
742000,0.003515625,0.138453125,0.85803125
743000,0.0035,0.138015625,0.858484375
744000,0.0035,0.137359375,0.859140625
745000,0.003421875,0.137140625,0.8594375
746000,0.003375,0.13684375,0.85978125
747000,0.003375,0.136609375,0.860015625
748000,0.003359375,0.135953125,0.8606875
749000,0.00334375,0.135640625,0.861015625
750000,0.0033125,0.135296875,0.861390625
751000,0.00325,0.135046875,0.861703125
752000,0.003265625,0.134578125,0.86215625
753000,0.00325,0.13434375,0.86240625
754000,0.003234375,0.133765625,0.863
755000,0.00309375,0.133546875,0.863359375
756000,0.003,0.133234375,0.863765625
757000,0.003015625,0.132984375,0.864
758000,0.002953125,0.133,0.864046875
759000,0.00290625,0.13234375,0.86475
760000,0.002921875,0.13175,0.865328125
761000,0.002890625,0.131890625,0.86521875
762000,0.002875,0.131640625,0.865484375
763000,0.002875,0.131171875,0.865953125
764000,0.00278125,0.13125,0.86596875
765000,0.002828125,0.13103125,0.866140625
766000,0.002828125,0.13075,0.866421875
767000,0.00284375,0.130359375,0.866796875
768000,0.00284375,0.130109375,0.867046875
769000,0.002828125,0.13009375,0.867078125
770000,0.002828125,0.129328125,0.86784375
771000,0.002765625,0.129015625,0.86821875
772000,0.002796875,0.12890625,0.868296875
773000,0.0028125,0.12834375,0.86884375
774000,0.002734375,0.12828125,0.868984375
775000,0.0026875,0.128015625,0.869296875
776000,0.00265625,0.1274375,0.86990625
777000,0.002609375,0.1269375,0.870453125
778000,0.00259375,0.126859375,0.870546875
779000,0.002546875,0.12646875,0.870984375
780000,0.002515625,0.126046875,0.8714375
781000,0.002515625,0.1256875,0.871796875
782000,0.002453125,0.1258125,0.871734375
783000,0.002390625,0.125546875,0.8720625
784000,0.002375,0.125609375,0.872015625
785000,0.0023125,0.125328125,0.872359375
786000,0.00228125,0.125015625,0.872703125
787000,0.00221875,0.1244375,0.87334375
788000,0.002203125,0.124390625,0.87340625
789000,0.00215625,0.1236875,0.87415625
790000,0.002109375,0.123515625,0.874375
791000,0.00209375,0.123296875,0.874609375
792000,0.0020625,0.123296875,0.874640625
793000,0.002078125,0.122640625,0.87528125
794000,0.002078125,0.122359375,0.8755625
795000,0.00203125,0.122203125,0.875765625
796000,0.001984375,0.1215625,0.876453125
797000,0.00196875,0.121015625,0.877015625
798000,0.001953125,0.12059375,0.877453125
799000,0.0019375,0.12028125,0.87778125
800000,0.001921875,0.11975,0.878328125
801000,0.001890625,0.11934375,0.878765625
802000,0.001859375,0.119171875,0.87896875
803000,0.001859375,0.118859375,0.87928125
804000,0.00184375,0.11903125,0.879125
805000,0.0018125,0.11846875,0.87971875
806000,0.00178125,0.118125,0.88009375
807000,0.001765625,0.11765625,0.880578125
808000,0.001765625,0.117125,0.881109375
809000,0.00175,0.116859375,0.881390625
810000,0.001734375,0.116265625,0.882
811000,0.00171875,0.116078125,0.882203125
812000,0.001734375,0.115609375,0.88265625
813000,0.001703125,0.115546875,0.88275
814000,0.0016875,0.115296875,0.883015625
815000,0.001703125,0.11521875,0.883078125
816000,0.00165625,0.114984375,0.883359375
817000,0.001625,0.114609375,0.883765625
818000,0.001609375,0.114390625,0.884
819000,0.001578125,0.114265625,0.88415625
820000,0.0015625,0.11396875,0.88446875
821000,0.0015625,0.1139375,0.8845
822000,0.0015625,0.114015625,0.884421875
823000,0.00153125,0.113515625,0.884953125
824000,0.00153125,0.11303125,0.8854375
825000,0.00153125,0.11253125,0.8859375
826000,0.001546875,0.111390625,0.8870625
827000,0.0015625,0.1109375,0.8875
828000,0.001546875,0.110453125,0.888
829000,0.001578125,0.109953125,0.88846875
830000,0.001578125,0.109921875,0.8885
831000,0.0015625,0.109828125,0.888609375
832000,0.00153125,0.109390625,0.889078125
833000,0.00153125,0.10909375,0.889375
834000,0.001546875,0.10884375,0.889609375
835000,0.00153125,0.108703125,0.889765625
836000,0.001515625,0.108421875,0.8900625
837000,0.001484375,0.108140625,0.890375
838000,0.001453125,0.107765625,0.89078125
839000,0.00146875,0.107390625,0.891140625
840000,0.001453125,0.106890625,0.89165625
841000,0.0014375,0.10659375,0.89196875
842000,0.001453125,0.10625,0.892296875
843000,0.0014375,0.105796875,0.892765625
844000,0.0014375,0.10559375,0.89296875
845000,0.001421875,0.105265625,0.8933125
846000,0.001421875,0.105109375,0.89346875
847000,0.001390625,0.10471875,0.893890625
848000,0.001359375,0.104625,0.894015625
849000,0.001328125,0.1045,0.894171875
850000,0.0013125,0.104359375,0.894328125
851000,0.001296875,0.104265625,0.8944375
852000,0.001296875,0.103890625,0.8948125
853000,0.001328125,0.103390625,0.89528125
854000,0.0013125,0.10334375,0.89534375
855000,0.0013125,0.102796875,0.895890625
856000,0.001296875,0.10234375,0.896359375
857000,0.00128125,0.101953125,0.896765625
858000,0.00125,0.101484375,0.897265625
859000,0.001234375,0.101234375,0.89753125
860000,0.001234375,0.101390625,0.897375
861000,0.001203125,0.1009375,0.897859375
862000,0.001234375,0.100734375,0.89803125
863000,0.00128125,0.10040625,0.8983125
864000,0.001265625,0.100015625,0.89871875
865000,0.00125,0.09996875,0.89878125
866000,0.001234375,0.099734375,0.89903125
867000,0.001265625,0.09946875,0.899265625
868000,0.00125,0.0991875,0.8995625
869000,0.001234375,0.098796875,0.89996875
870000,0.00121875,0.09846875,0.9003125
871000,0.00121875,0.098328125,0.900453125
872000,0.00121875,0.0976875,0.90109375
873000,0.001234375,0.097578125,0.9011875
874000,0.00125,0.097375,0.901375
875000,0.001265625,0.09725,0.901484375
876000,0.00128125,0.09696875,0.90175
877000,0.0013125,0.096546875,0.902140625
878000,0.0013125,0.09653125,0.90215625
879000,0.001296875,0.09653125,0.902171875
880000,0.001265625,0.0964375,0.902296875
881000,0.001296875,0.09628125,0.902421875
882000,0.00128125,0.096,0.90271875
883000,0.001296875,0.09559375,0.903109375
884000,0.0013125,0.095125,0.9035625
885000,0.001234375,0.09496875,0.903796875
886000,0.001203125,0.094625,0.904171875
887000,0.00121875,0.094453125,0.904328125
888000,0.00121875,0.093859375,0.904921875
889000,0.0011875,0.093578125,0.905234375
890000,0.0011875,0.093109375,0.905703125
891000,0.001203125,0.092484375,0.9063125
892000,0.001171875,0.092140625,0.9066875
893000,0.00115625,0.09196875,0.906875
894000,0.001140625,0.09190625,0.906953125
895000,0.001140625,0.091203125,0.90765625
896000,0.001140625,0.09084375,0.908015625
897000,0.001140625,0.090953125,0.90790625
898000,0.001140625,0.0906875,0.908171875
899000,0.00115625,0.090546875,0.908296875
900000,0.001140625,0.090046875,0.9088125
901000,0.001109375,0.0896875,0.909203125
902000,0.001078125,0.08946875,0.909453125
903000,0.0010625,0.089171875,0.909765625
904000,0.001046875,0.088890625,0.9100625
905000,0.001,0.088765625,0.910234375
906000,0.00096875,0.0888125,0.91021875
907000,0.000953125,0.08859375,0.910453125
908000,0.000953125,0.08828125,0.910765625
909000,0.000953125,0.0880625,0.910984375
910000,0.000953125,0.087734375,0.9113125
911000,0.000953125,0.08746875,0.911578125
912000,0.00096875,0.087375,0.91165625
913000,0.000984375,0.08703125,0.911984375
914000,0.000984375,0.086859375,0.91215625
915000,0.000953125,0.086765625,0.91228125
916000,0.0009375,0.086578125,0.912484375
917000,0.0009375,0.085890625,0.913171875
918000,0.00090625,0.08559375,0.9135
919000,0.00090625,0.08515625,0.9139375
920000,0.000859375,0.08503125,0.914109375
921000,0.000828125,0.084828125,0.91434375
922000,0.000828125,0.0845625,0.914609375
923000,0.000828125,0.084390625,0.91478125
924000,0.000828125,0.084296875,0.914875
925000,0.000828125,0.083890625,0.91528125
926000,0.00084375,0.08334375,0.9158125
927000,0.000828125,0.083078125,0.91609375
928000,0.0008125,0.0829375,0.91625
929000,0.0008125,0.082390625,0.916796875
930000,0.00084375,0.08221875,0.9169375
931000,0.000828125,0.081921875,0.91725
932000,0.000828125,0.081671875,0.9175
933000,0.000796875,0.081265625,0.9179375
934000,0.00075,0.080953125,0.918296875
935000,0.00075,0.080765625,0.918484375
936000,0.00075,0.080546875,0.918703125
937000,0.00075,0.08015625,0.91909375
938000,0.000734375,0.07990625,0.919359375
939000,0.000734375,0.07959375,0.919671875
940000,0.000734375,0.07953125,0.919734375
941000,0.00071875,0.07915625,0.920125
942000,0.000734375,0.078953125,0.9203125
943000,0.00075,0.07865625,0.92059375
944000,0.00075,0.078390625,0.920859375
945000,0.000734375,0.078078125,0.9211875
946000,0.00075,0.077921875,0.921328125
947000,0.00075,0.077640625,0.921609375
948000,0.000734375,0.07725,0.922015625
949000,0.00071875,0.076953125,0.922328125
950000,0.000734375,0.076578125,0.9226875
951000,0.000703125,0.076484375,0.9228125
952000,0.000703125,0.07603125,0.923265625
953000,0.0006875,0.07584375,0.92346875
954000,0.000671875,0.075453125,0.923875
955000,0.000640625,0.075015625,0.92434375
956000,0.000625,0.075109375,0.924265625
957000,0.000609375,0.07484375,0.924546875
958000,0.00059375,0.0749375,0.92446875
959000,0.00059375,0.07503125,0.924375
960000,0.00059375,0.074640625,0.924765625
961000,0.00059375,0.074328125,0.925078125
962000,0.000609375,0.07403125,0.925359375
963000,0.000625,0.07371875,0.92565625
964000,0.000640625,0.07346875,0.925890625
965000,0.00065625,0.073078125,0.926265625
966000,0.00065625,0.07275,0.92659375
967000,0.000625,0.07228125,0.92709375
968000,0.000609375,0.071875,0.927515625
969000,0.000609375,0.071515625,0.927875
970000,0.000609375,0.071265625,0.928125
971000,0.00059375,0.07096875,0.9284375
972000,0.00059375,0.07084375,0.9285625
973000,0.00059375,0.070671875,0.928734375
974000,0.000609375,0.0705,0.928890625
975000,0.000578125,0.070265625,0.92915625
976000,0.000578125,0.070078125,0.92934375
977000,0.000578125,0.069859375,0.9295625
978000,0.0005625,0.069703125,0.929734375
979000,0.00053125,0.069375,0.93009375
980000,0.00053125,0.069078125,0.930390625
981000,0.000546875,0.068828125,0.930625
982000,0.0005625,0.068671875,0.930765625
983000,0.0005625,0.06840625,0.93103125
984000,0.000546875,0.06821875,0.931234375
985000,0.0005625,0.068,0.9314375
986000,0.0005625,0.067609375,0.931828125
987000,0.0005625,0.067421875,0.932015625
988000,0.0005625,0.067125,0.9323125
989000,0.0005625,0.067046875,0.932390625
990000,0.0005625,0.066828125,0.932609375
991000,0.00053125,0.06653125,0.9329375
992000,0.00053125,0.065859375,0.933609375
993000,0.00053125,0.0655625,0.93390625
994000,0.000515625,0.06546875,0.934015625
995000,0.000515625,0.0650625,0.934421875
996000,0.000515625,0.064890625,0.93459375
997000,0.000515625,0.064609375,0.934875
998000,0.000484375,0.064390625,0.935125
999000,0.000484375,0.064484375,0.93503125
1000000,0.000484375,0.0641875,0.935328125
1001000,0.0005,0.06403125,0.93546875
1002000,0.0005,0.063796875,0.935703125
