1000,0.333484375,0.33246875,0.334046875
2000,0.331046875,0.33271875,0.336234375
3000,0.329609375,0.33259375,0.337796875
4000,0.327484375,0.332640625,0.339875
5000,0.3255625,0.33325,0.3411875
6000,0.32346875,0.333546875,0.342984375
7000,0.322234375,0.3333125,0.344453125
8000,0.320109375,0.33353125,0.346359375
9000,0.318359375,0.333734375,0.34790625
10000,0.316671875,0.33396875,0.349359375
11000,0.315359375,0.3339375,0.350703125
12000,0.313859375,0.33359375,0.352546875
13000,0.31184375,0.33421875,0.3539375
14000,0.3099375,0.33421875,0.35584375
15000,0.307921875,0.335,0.357078125
16000,0.30553125,0.335265625,0.359203125
17000,0.30353125,0.33509375,0.361375
18000,0.301609375,0.33509375,0.363296875
19000,0.29975,0.335328125,0.364921875
20000,0.29771875,0.335203125,0.367078125
21000,0.295640625,0.3349375,0.369421875
22000,0.293890625,0.33509375,0.371015625
23000,0.29259375,0.334890625,0.372515625
24000,0.290234375,0.3350625,0.374703125
25000,0.2881875,0.3351875,0.376625
26000,0.28609375,0.335953125,0.377953125
27000,0.2838125,0.33578125,0.38040625
28000,0.282171875,0.335703125,0.382125
29000,0.280421875,0.335734375,0.38384375
30000,0.278640625,0.33584375,0.385515625
31000,0.276484375,0.335875,0.387640625
32000,0.274328125,0.336765625,0.38890625
33000,0.272234375,0.336796875,0.39096875
34000,0.2703125,0.336828125,0.392859375
35000,0.268,0.33721875,0.39478125
36000,0.266296875,0.337015625,0.3966875
37000,0.264046875,0.33790625,0.398046875
38000,0.2620625,0.338078125,0.399859375
39000,0.260078125,0.338703125,0.40121875
40000,0.25815625,0.338828125,0.403015625
41000,0.2565625,0.33875,0.4046875
42000,0.25496875,0.338734375,0.406296875
43000,0.25315625,0.338765625,0.408078125
44000,0.250875,0.338578125,0.410546875
45000,0.249,0.338640625,0.412359375
46000,0.24675,0.338890625,0.414359375
47000,0.24490625,0.338546875,0.416546875
48000,0.24315625,0.3386875,0.41815625
49000,0.24153125,0.338609375,0.419859375
50000,0.23975,0.3390625,0.4211875
51000,0.238265625,0.3385625,0.423171875
52000,0.236015625,0.339125,0.424859375
53000,0.234203125,0.338859375,0.4269375
54000,0.232046875,0.33921875,0.428734375
55000,0.230078125,0.338984375,0.4309375
56000,0.22821875,0.33921875,0.4325625
57000,0.22625,0.3391875,0.4345625
58000,0.22409375,0.33865625,0.43725
59000,0.2216875,0.33859375,0.43971875
60000,0.219984375,0.3384375,0.441578125
61000,0.2180625,0.338703125,0.443234375
62000,0.216375,0.3393125,0.4443125
63000,0.21434375,0.33975,0.44590625
64000,0.212125,0.339375,0.4485
65000,0.210421875,0.339,0.450578125
66000,0.2085,0.33925,0.45225
67000,0.206921875,0.33959375,0.453484375
68000,0.205484375,0.339421875,0.45509375
69000,0.203671875,0.33884375,0.457484375
70000,0.201734375,0.3389375,0.459328125
71000,0.200359375,0.33840625,0.461234375
72000,0.198875,0.33775,0.463375
73000,0.196984375,0.337859375,0.46515625
74000,0.195625,0.3373125,0.4670625
75000,0.19371875,0.337109375,0.469171875
76000,0.19184375,0.3365625,0.47159375
77000,0.1898125,0.337046875,0.473140625
78000,0.188234375,0.33703125,0.474734375
79000,0.186359375,0.337234375,0.47640625
80000,0.184953125,0.3368125,0.478234375
81000,0.183359375,0.33678125,0.479859375
82000,0.1819375,0.336625,0.4814375
83000,0.18,0.336328125,0.483671875
84000,0.1788125,0.336234375,0.484953125
85000,0.17709375,0.3358125,0.48709375
86000,0.17590625,0.335703125,0.488390625
87000,0.174484375,0.335359375,0.49015625
88000,0.172875,0.335234375,0.491890625
89000,0.171328125,0.334671875,0.494
90000,0.169671875,0.334640625,0.4956875
91000,0.16790625,0.334375,0.49771875
92000,0.166234375,0.334359375,0.49940625
93000,0.16525,0.333984375,0.500765625
94000,0.163828125,0.33428125,0.501890625
95000,0.16225,0.33478125,0.50296875
96000,0.160796875,0.33465625,0.504546875
97000,0.159421875,0.3339375,0.506640625
98000,0.157796875,0.333765625,0.5084375
99000,0.156203125,0.333140625,0.51065625
100000,0.154453125,0.333171875,0.512375
101000,0.1528125,0.333234375,0.513953125
102000,0.151515625,0.333625,0.514859375
103000,0.150328125,0.332953125,0.51671875
104000,0.1493125,0.33275,0.5179375
105000,0.147890625,0.332921875,0.5191875
106000,0.146484375,0.33328125,0.520234375
107000,0.14534375,0.33284375,0.5218125
108000,0.143671875,0.332984375,0.52334375
109000,0.14234375,0.3325,0.52515625
110000,0.14103125,0.33184375,0.527125
111000,0.13990625,0.33209375,0.528
112000,0.13853125,0.3323125,0.52915625
113000,0.137328125,0.33225,0.530421875
114000,0.13575,0.331859375,0.532390625
115000,0.134328125,0.33146875,0.534203125
116000,0.13303125,0.331734375,0.535234375
117000,0.1315,0.33153125,0.53696875
118000,0.130609375,0.33175,0.537640625
119000,0.12934375,0.33140625,0.53925
120000,0.12815625,0.33153125,0.5403125
121000,0.126921875,0.331078125,0.542
122000,0.12534375,0.330703125,0.543953125
123000,0.12434375,0.330296875,0.545359375
124000,0.123328125,0.329796875,0.546875
125000,0.1223125,0.3294375,0.54825
126000,0.12128125,0.329203125,0.549515625
127000,0.11978125,0.3290625,0.55115625
128000,0.118515625,0.329296875,0.5521875
129000,0.11765625,0.329,0.55334375
130000,0.11628125,0.32875,0.55496875
131000,0.115265625,0.32890625,0.555828125
132000,0.114484375,0.328328125,0.5571875
133000,0.11315625,0.32846875,0.558375
134000,0.112078125,0.32834375,0.559578125
135000,0.1111875,0.327765625,0.561046875
136000,0.11025,0.32675,0.563
137000,0.109265625,0.326796875,0.5639375
138000,0.108171875,0.326953125,0.564875
139000,0.107109375,0.326546875,0.56634375
140000,0.10628125,0.32628125,0.5674375
141000,0.10546875,0.326296875,0.568234375
142000,0.104375,0.326265625,0.569359375
143000,0.10321875,0.326296875,0.570484375
144000,0.1024375,0.326,0.5715625
145000,0.101625,0.325140625,0.573234375
146000,0.100703125,0.3250625,0.574234375
147000,0.099796875,0.324453125,0.57575
148000,0.098625,0.324,0.577375
149000,0.09746875,0.3235625,0.57896875
150000,0.0965,0.323328125,0.580171875
151000,0.095515625,0.32275,0.581734375
152000,0.0945625,0.32253125,0.58290625
153000,0.0936875,0.321890625,0.584421875
154000,0.09271875,0.321625,0.58565625
155000,0.091609375,0.32140625,0.586984375
156000,0.09065625,0.32121875,0.588125
157000,0.089703125,0.320796875,0.5895
158000,0.088765625,0.320625,0.590609375
159000,0.08803125,0.3203125,0.59165625
160000,0.087078125,0.31978125,0.593140625
161000,0.08625,0.31925,0.5945
162000,0.085328125,0.31896875,0.595703125
163000,0.084453125,0.31834375,0.597203125
164000,0.08340625,0.318234375,0.598359375
165000,0.082765625,0.3175,0.599734375
166000,0.08190625,0.31740625,0.6006875
167000,0.08109375,0.317296875,0.601609375
168000,0.080140625,0.317421875,0.6024375
169000,0.079296875,0.3173125,0.603390625
170000,0.0785,0.31709375,0.60440625
171000,0.077609375,0.3163125,0.606078125
172000,0.0769375,0.316140625,0.606921875
173000,0.075984375,0.31559375,0.608421875
174000,0.075109375,0.315484375,0.60940625
175000,0.0744375,0.3155625,0.61
176000,0.0735625,0.315265625,0.611171875
177000,0.072890625,0.314921875,0.6121875
178000,0.0720625,0.3144375,0.6135
179000,0.071546875,0.3141875,0.614265625
180000,0.07084375,0.31425,0.61490625
181000,0.070109375,0.314046875,0.61584375
182000,0.069375,0.313609375,0.617015625
183000,0.06871875,0.312734375,0.618546875
184000,0.068171875,0.31246875,0.619359375
185000,0.06746875,0.312265625,0.620265625
186000,0.06646875,0.312015625,0.621515625
187000,0.065671875,0.3118125,0.622515625
188000,0.0649375,0.31178125,0.62328125
189000,0.064203125,0.31078125,0.625015625
190000,0.06353125,0.31090625,0.6255625
191000,0.062890625,0.309875,0.627234375
192000,0.062296875,0.309171875,0.62853125
193000,0.061609375,0.30884375,0.629546875
194000,0.06090625,0.308453125,0.630640625
195000,0.06009375,0.308203125,0.631703125
196000,0.059359375,0.307703125,0.6329375
197000,0.05884375,0.308,0.63315625
198000,0.058296875,0.307578125,0.634125
199000,0.057765625,0.307296875,0.6349375
200000,0.05734375,0.3070625,0.63559375
201000,0.056703125,0.306796875,0.6365
202000,0.05596875,0.3061875,0.63784375
203000,0.055296875,0.305828125,0.638875
204000,0.054625,0.30559375,0.63978125
205000,0.053796875,0.30490625,0.641296875
206000,0.053265625,0.30465625,0.642078125
207000,0.052734375,0.304375,0.642890625
208000,0.0525625,0.304125,0.6433125
209000,0.0519375,0.304296875,0.643765625
210000,0.0515,0.303453125,0.645046875
211000,0.051046875,0.303265625,0.6456875
212000,0.05059375,0.3035625,0.64584375
213000,0.0500625,0.30359375,0.64634375
214000,0.049515625,0.30359375,0.646890625
215000,0.04890625,0.302453125,0.648640625
216000,0.04828125,0.302015625,0.649703125
217000,0.04771875,0.30175,0.65053125
218000,0.047140625,0.301171875,0.6516875
219000,0.04671875,0.300828125,0.652453125
220000,0.0463125,0.299859375,0.653828125
221000,0.045828125,0.29934375,0.654828125
222000,0.045515625,0.299125,0.655359375
223000,0.045125,0.298796875,0.656078125
224000,0.0448125,0.298109375,0.657078125
225000,0.04421875,0.2975,0.65828125
226000,0.043765625,0.297234375,0.659
227000,0.04325,0.296734375,0.660015625
228000,0.042890625,0.29628125,0.660828125
229000,0.042453125,0.2958125,0.661734375
230000,0.0420625,0.295484375,0.662453125
231000,0.041453125,0.294390625,0.66415625
232000,0.0409375,0.293859375,0.665203125
233000,0.040296875,0.29384375,0.665859375
234000,0.03971875,0.29371875,0.6665625
235000,0.03925,0.293484375,0.667265625
236000,0.038984375,0.293390625,0.667625
237000,0.038671875,0.292859375,0.66846875
238000,0.03821875,0.292671875,0.669109375
239000,0.03790625,0.292359375,0.669734375
240000,0.03734375,0.2921875,0.67046875
241000,0.0368125,0.292203125,0.670984375
242000,0.0365,0.29140625,0.67209375
243000,0.036046875,0.2914375,0.672515625
244000,0.035671875,0.291015625,0.6733125
245000,0.03534375,0.291015625,0.673640625
246000,0.0349375,0.290125,0.6749375
247000,0.03465625,0.2895625,0.67578125
248000,0.034234375,0.289109375,0.67665625
249000,0.033921875,0.28859375,0.677484375
250000,0.0334375,0.28784375,0.67871875
251000,0.03309375,0.287140625,0.679765625
252000,0.03275,0.286875,0.680375
253000,0.032515625,0.28621875,0.681265625
254000,0.032265625,0.286328125,0.68140625
255000,0.03209375,0.285421875,0.682484375
256000,0.03190625,0.2846875,0.68340625
257000,0.031640625,0.283828125,0.68453125
258000,0.03128125,0.2833125,0.68540625
259000,0.03096875,0.28334375,0.6856875
260000,0.030515625,0.28265625,0.686828125
261000,0.0303125,0.28228125,0.68740625
262000,0.03,0.2823125,0.6876875
263000,0.029890625,0.281734375,0.688375
264000,0.02940625,0.280671875,0.689921875
265000,0.029046875,0.28075,0.690203125
266000,0.02878125,0.280390625,0.690828125
267000,0.028515625,0.280421875,0.6910625
268000,0.028140625,0.2795625,0.692296875
269000,0.027796875,0.279453125,0.69275
270000,0.027546875,0.27853125,0.693921875
271000,0.0271875,0.278203125,0.694609375
272000,0.02678125,0.27765625,0.6955625
273000,0.026421875,0.277046875,0.69653125
274000,0.0260625,0.276203125,0.697734375
275000,0.0258125,0.27571875,0.69846875
276000,0.025578125,0.2750625,0.699359375
277000,0.0253125,0.2748125,0.699875
278000,0.02496875,0.2746875,0.70034375
279000,0.024625,0.2740625,0.7013125
280000,0.024390625,0.273578125,0.70203125
281000,0.02403125,0.27334375,0.702625
282000,0.02359375,0.272734375,0.703671875
283000,0.023328125,0.272078125,0.70459375
284000,0.02303125,0.27234375,0.704625
285000,0.022796875,0.271859375,0.70534375
286000,0.022625,0.271296875,0.706078125
287000,0.02240625,0.2709375,0.70665625
288000,0.022109375,0.27065625,0.707234375
289000,0.021796875,0.270359375,0.70784375
290000,0.0215625,0.270140625,0.708296875
291000,0.02134375,0.2695,0.70915625
292000,0.021015625,0.269046875,0.7099375
293000,0.020890625,0.26853125,0.710578125
294000,0.020734375,0.268296875,0.71096875
295000,0.0206875,0.26784375,0.71146875
296000,0.02034375,0.267625,0.71203125
297000,0.020140625,0.267125,0.712734375
298000,0.019765625,0.2665625,0.713671875
299000,0.01946875,0.26590625,0.714625
300000,0.019234375,0.265359375,0.71540625
301000,0.019078125,0.265,0.715921875
302000,0.018984375,0.264796875,0.71621875
303000,0.018765625,0.264578125,0.71665625
304000,0.01846875,0.264140625,0.717390625
305000,0.01828125,0.263625,0.71809375
306000,0.017984375,0.2629375,0.719078125
307000,0.017703125,0.2624375,0.719859375
308000,0.017546875,0.262078125,0.720375
309000,0.017328125,0.261765625,0.72090625
310000,0.0171875,0.2611875,0.721625
311000,0.016921875,0.260796875,0.72228125
312000,0.016734375,0.260171875,0.72309375
313000,0.01665625,0.2599375,0.72340625
314000,0.01653125,0.259640625,0.723828125
315000,0.016265625,0.259265625,0.72446875
316000,0.016078125,0.2588125,0.725109375
317000,0.015953125,0.2585625,0.725484375
318000,0.01575,0.258125,0.726125
319000,0.015609375,0.25775,0.726640625
320000,0.0154375,0.257078125,0.727484375
321000,0.0153125,0.25715625,0.72753125
322000,0.015109375,0.256921875,0.72796875
323000,0.014796875,0.2563125,0.728890625
324000,0.014609375,0.2558125,0.729578125
325000,0.0145,0.255234375,0.730265625
326000,0.0144375,0.25459375,0.73096875
327000,0.014234375,0.253515625,0.73225
328000,0.014125,0.252859375,0.733015625
329000,0.014046875,0.25234375,0.733609375
330000,0.01390625,0.252015625,0.734078125
331000,0.013859375,0.251375,0.734765625
332000,0.01359375,0.25071875,0.7356875
333000,0.0135,0.25053125,0.73596875
334000,0.013296875,0.250578125,0.736125
335000,0.013234375,0.249703125,0.7370625
336000,0.013125,0.249265625,0.737609375
337000,0.012890625,0.248796875,0.7383125
338000,0.01271875,0.248,0.73928125
339000,0.01259375,0.247703125,0.739703125
340000,0.012421875,0.247390625,0.7401875
341000,0.012390625,0.24684375,0.740765625
342000,0.01225,0.246375,0.741375
343000,0.01215625,0.245796875,0.742046875
344000,0.012046875,0.245234375,0.74271875
345000,0.011859375,0.244546875,0.74359375
346000,0.0116875,0.244484375,0.743828125
347000,0.011546875,0.24421875,0.744234375
348000,0.011390625,0.24390625,0.744703125
349000,0.011265625,0.243546875,0.7451875
350000,0.01115625,0.24321875,0.745625
351000,0.011078125,0.243171875,0.74575
352000,0.0110625,0.242671875,0.746265625
353000,0.011,0.2425625,0.7464375
354000,0.010921875,0.24234375,0.746734375
355000,0.0108125,0.2416875,0.7475
356000,0.01078125,0.240765625,0.748453125
357000,0.010703125,0.2404375,0.748859375
358000,0.0105,0.240203125,0.749296875
359000,0.01028125,0.240328125,0.749390625
360000,0.0101875,0.240140625,0.749671875
361000,0.010125,0.239703125,0.750171875
362000,0.010015625,0.239703125,0.75028125
363000,0.009859375,0.23921875,0.750921875
364000,0.009640625,0.239421875,0.7509375
365000,0.00959375,0.238609375,0.751796875
366000,0.0095625,0.238453125,0.751984375
367000,0.00940625,0.238078125,0.752515625
368000,0.00934375,0.237390625,0.753265625
369000,0.0091875,0.23690625,0.75390625
370000,0.009109375,0.236609375,0.75428125
371000,0.009,0.236453125,0.754546875
372000,0.008890625,0.23609375,0.755015625
373000,0.008828125,0.2355,0.755671875
374000,0.00875,0.234953125,0.756296875
375000,0.008515625,0.23490625,0.756578125
376000,0.008453125,0.234703125,0.75684375
377000,0.008359375,0.2340625,0.757578125
378000,0.008265625,0.23353125,0.758203125
379000,0.00821875,0.232859375,0.758921875
380000,0.00809375,0.232,0.75990625
381000,0.008015625,0.231734375,0.76025
382000,0.0079375,0.23109375,0.76096875
383000,0.007828125,0.230578125,0.76159375
384000,0.00775,0.22996875,0.76228125
385000,0.007625,0.230015625,0.762359375
386000,0.007578125,0.229671875,0.76275
387000,0.00753125,0.2295625,0.76290625
388000,0.007515625,0.22921875,0.763265625
389000,0.007515625,0.22896875,0.763515625
390000,0.007484375,0.22840625,0.764109375
391000,0.00740625,0.228125,0.76446875
392000,0.007328125,0.22803125,0.764640625
393000,0.0071875,0.22740625,0.76540625
394000,0.007078125,0.226890625,0.76603125
395000,0.007015625,0.226578125,0.76640625
396000,0.0069375,0.226078125,0.766984375
397000,0.006953125,0.225703125,0.76734375
398000,0.006953125,0.225421875,0.767625
399000,0.006859375,0.225484375,0.76765625
400000,0.006734375,0.22496875,0.768296875
401000,0.006640625,0.2244375,0.768921875
402000,0.006640625,0.2240625,0.769296875
403000,0.006546875,0.223625,0.769828125
404000,0.00646875,0.22334375,0.7701875
405000,0.006421875,0.222828125,0.77075
406000,0.00634375,0.221984375,0.771671875
407000,0.006265625,0.221296875,0.7724375
408000,0.006203125,0.220765625,0.77303125
409000,0.00621875,0.22025,0.77353125
410000,0.006171875,0.21996875,0.773859375
411000,0.006125,0.219625,0.77425
412000,0.006046875,0.218953125,0.775
413000,0.00603125,0.2183125,0.77565625
414000,0.00596875,0.217140625,0.776890625
415000,0.005890625,0.2171875,0.776921875
416000,0.00578125,0.216609375,0.777609375
417000,0.005734375,0.215765625,0.7785
418000,0.005609375,0.215609375,0.77878125
419000,0.005578125,0.215296875,0.779125
420000,0.00546875,0.214984375,0.779546875
421000,0.005390625,0.214359375,0.78025
422000,0.0053125,0.214234375,0.780453125
423000,0.005171875,0.214078125,0.78075
424000,0.005078125,0.213765625,0.78115625
425000,0.00503125,0.213640625,0.781328125
426000,0.005015625,0.213359375,0.781625
427000,0.00496875,0.212984375,0.782046875
428000,0.004921875,0.2124375,0.782640625
429000,0.004828125,0.21225,0.782921875
430000,0.00475,0.21190625,0.78334375
431000,0.004671875,0.21165625,0.783671875
432000,0.00465625,0.211359375,0.783984375
433000,0.004578125,0.21090625,0.784515625
434000,0.004453125,0.21040625,0.785140625
435000,0.004421875,0.209984375,0.78559375
436000,0.0044375,0.2096875,0.785875
437000,0.004375,0.2095625,0.7860625
438000,0.0043125,0.209578125,0.786109375
439000,0.00428125,0.20953125,0.7861875
440000,0.004234375,0.2094375,0.786328125
441000,0.004203125,0.209203125,0.78659375
442000,0.004171875,0.20915625,0.786671875
443000,0.004125,0.20884375,0.78703125
444000,0.00409375,0.208546875,0.787359375
445000,0.004015625,0.2083125,0.787671875
446000,0.003953125,0.2081875,0.787859375
447000,0.003921875,0.20784375,0.788234375
448000,0.003921875,0.207765625,0.7883125
449000,0.003859375,0.207203125,0.7889375
450000,0.00378125,0.2063125,0.78990625
451000,0.0036875,0.20634375,0.78996875
452000,0.003640625,0.2058125,0.790546875
453000,0.003609375,0.205859375,0.79053125
454000,0.003515625,0.2051875,0.791296875
455000,0.003484375,0.20475,0.791765625
456000,0.0034375,0.2040625,0.7925
457000,0.003421875,0.204140625,0.7924375
458000,0.00334375,0.203515625,0.793140625
459000,0.00334375,0.202890625,0.793765625
460000,0.0033125,0.202125,0.7945625
461000,0.003296875,0.201265625,0.7954375
462000,0.00325,0.20075,0.796
463000,0.003234375,0.200234375,0.79653125
464000,0.0031875,0.20009375,0.79671875
465000,0.00315625,0.19925,0.79759375
466000,0.003171875,0.198703125,0.798125
467000,0.003140625,0.198359375,0.7985
468000,0.003109375,0.197828125,0.7990625
469000,0.003109375,0.19753125,0.799359375
470000,0.003046875,0.19690625,0.800046875
471000,0.003,0.1961875,0.8008125
472000,0.00296875,0.195640625,0.801390625
473000,0.002953125,0.19509375,0.801953125
474000,0.0029375,0.19471875,0.80234375
475000,0.002921875,0.194015625,0.8030625
476000,0.002890625,0.193546875,0.8035625
477000,0.0028125,0.193078125,0.804109375
478000,0.00278125,0.1925625,0.80465625
479000,0.002765625,0.191953125,0.80528125
480000,0.00275,0.19165625,0.80559375
481000,0.00278125,0.19115625,0.8060625
482000,0.00271875,0.19065625,0.806625
483000,0.0026875,0.18953125,0.80778125
484000,0.002640625,0.188921875,0.8084375
485000,0.002625,0.18834375,0.80903125
486000,0.00259375,0.187953125,0.809453125
487000,0.002546875,0.18728125,0.810171875
488000,0.00253125,0.18671875,0.81075
489000,0.0025,0.1860625,0.8114375
490000,0.002453125,0.18603125,0.811515625
491000,0.00240625,0.185828125,0.811765625
492000,0.002390625,0.1853125,0.812296875
493000,0.002359375,0.1844375,0.813203125
494000,0.002328125,0.183921875,0.81375
495000,0.00228125,0.18328125,0.8144375
496000,0.00228125,0.182953125,0.814765625
497000,0.00228125,0.182359375,0.815359375
498000,0.002234375,0.18196875,0.815796875
499000,0.0021875,0.181453125,0.816359375
500000,0.002203125,0.18103125,0.816765625
501000,0.00215625,0.180171875,0.817671875
502000,0.002140625,0.18003125,0.817828125
503000,0.002125,0.179375,0.8185
504000,0.002078125,0.179109375,0.8188125
505000,0.0020625,0.178546875,0.819390625
506000,0.0020625,0.17796875,0.81996875
507000,0.002046875,0.1778125,0.820140625
508000,0.002046875,0.1775625,0.820390625
509000,0.002,0.177453125,0.820546875
510000,0.0019375,0.176859375,0.821203125
511000,0.001921875,0.176359375,0.82171875
512000,0.001921875,0.176125,0.821953125
513000,0.001875,0.175421875,0.822703125
514000,0.001859375,0.175359375,0.82278125
515000,0.001859375,0.17503125,0.823109375
516000,0.0018125,0.1748125,0.823375
517000,0.001765625,0.174421875,0.8238125
518000,0.00175,0.1739375,0.8243125
519000,0.00171875,0.173015625,0.825265625
520000,0.001703125,0.17265625,0.825640625
521000,0.001671875,0.17184375,0.826484375
522000,0.001640625,0.17084375,0.827515625
523000,0.001640625,0.170171875,0.8281875
524000,0.001671875,0.1700625,0.828265625
525000,0.00165625,0.169921875,0.828421875
526000,0.001640625,0.1695625,0.828796875
527000,0.00165625,0.168828125,0.829515625
528000,0.001640625,0.168296875,0.8300625
529000,0.001625,0.16828125,0.83009375
530000,0.001609375,0.16775,0.830640625
531000,0.00159375,0.16703125,0.831375
532000,0.001625,0.1668125,0.8315625
533000,0.001578125,0.166203125,0.83221875
534000,0.001578125,0.1658125,0.832609375
535000,0.001578125,0.16509375,0.833328125
536000,0.001515625,0.164390625,0.83409375
537000,0.001484375,0.164484375,0.83403125
538000,0.001484375,0.163921875,0.83459375
539000,0.00146875,0.163921875,0.834609375
540000,0.001421875,0.16390625,0.834671875
541000,0.0014375,0.16359375,0.83496875
542000,0.001359375,0.16325,0.835390625
543000,0.0013125,0.162515625,0.836171875
544000,0.001296875,0.162125,0.836578125
545000,0.001296875,0.16178125,0.836921875
546000,0.001296875,0.161421875,0.83728125
547000,0.001265625,0.1608125,0.837921875
548000,0.001234375,0.160421875,0.83834375
549000,0.001203125,0.16025,0.838546875
550000,0.0011875,0.159859375,0.838953125
551000,0.0011875,0.159453125,0.839359375
552000,0.00115625,0.15903125,0.8398125
553000,0.001125,0.158859375,0.840015625
554000,0.0010625,0.1580625,0.840875
555000,0.0010625,0.15784375,0.84109375
556000,0.0010625,0.1573125,0.841625
557000,0.001078125,0.157046875,0.841875
558000,0.0010625,0.156515625,0.842421875
559000,0.00103125,0.156515625,0.842453125
560000,0.00103125,0.156609375,0.842359375
561000,0.001,0.156078125,0.842921875
562000,0.000984375,0.156046875,0.84296875
563000,0.000984375,0.15584375,0.843171875
564000,0.00096875,0.155109375,0.843921875
565000,0.00096875,0.1548125,0.84421875
566000,0.00096875,0.154484375,0.844546875
567000,0.0009375,0.153765625,0.845296875
568000,0.0009375,0.153515625,0.845546875
569000,0.000921875,0.15309375,0.845984375
570000,0.000921875,0.15271875,0.846359375
571000,0.000921875,0.151734375,0.84734375
572000,0.000875,0.151671875,0.847453125
573000,0.000875,0.1513125,0.8478125
574000,0.0008125,0.151109375,0.848078125
575000,0.0008125,0.150328125,0.848859375
576000,0.000796875,0.150109375,0.84909375
577000,0.0008125,0.150046875,0.849140625
578000,0.0008125,0.149984375,0.849203125
579000,0.00078125,0.149640625,0.849578125
580000,0.000765625,0.14928125,0.849953125
581000,0.00075,0.148828125,0.850421875
582000,0.00075,0.148890625,0.850359375
583000,0.00075,0.148875,0.850375
584000,0.000734375,0.148734375,0.85053125
585000,0.000703125,0.1483125,0.850984375
586000,0.000703125,0.1476875,0.851609375
587000,0.0006875,0.147453125,0.851859375
588000,0.0006875,0.1469375,0.852375
589000,0.000671875,0.146453125,0.852875
590000,0.000671875,0.146265625,0.8530625
591000,0.00065625,0.146109375,0.853234375
592000,0.000625,0.145703125,0.853671875
593000,0.00059375,0.145515625,0.853890625
594000,0.00059375,0.145421875,0.853984375
595000,0.0005625,0.145171875,0.854265625
596000,0.0005625,0.144609375,0.854828125
597000,0.000546875,0.14434375,0.855109375
598000,0.000546875,0.1436875,0.855765625
599000,0.00053125,0.1435625,0.85590625
600000,0.000515625,0.1431875,0.856296875
601000,0.0005,0.143125,0.856375
602000,0.0005,0.142453125,0.857046875
603000,0.0005,0.142140625,0.857359375
604000,0.0005,0.141890625,0.857609375
605000,0.0005,0.141015625,0.858484375
606000,0.000515625,0.1405,0.858984375
607000,0.0005,0.14021875,0.85928125
608000,0.000484375,0.139765625,0.85975
609000,0.00046875,0.13903125,0.8605
610000,0.00046875,0.138625,0.86090625
611000,0.000484375,0.138203125,0.8613125
612000,0.000484375,0.137546875,0.86196875
613000,0.000484375,0.137203125,0.8623125
614000,0.000453125,0.136890625,0.86265625
615000,0.000453125,0.13671875,0.862828125
616000,0.000453125,0.136234375,0.8633125
617000,0.0004375,0.135765625,0.863796875
618000,0.0004375,0.13528125,0.86428125
619000,0.0004375,0.13528125,0.86428125
620000,0.000421875,0.135109375,0.86446875
621000,0.00040625,0.13496875,0.864625
622000,0.00040625,0.1340625,0.86553125
623000,0.00040625,0.13375,0.86584375
624000,0.000375,0.13321875,0.86640625
625000,0.000375,0.133,0.866625
626000,0.000375,0.13271875,0.86690625
627000,0.000375,0.132484375,0.867140625
628000,0.000328125,0.13175,0.867921875
629000,0.000328125,0.1315,0.868171875
630000,0.000328125,0.1308125,0.868859375
631000,0.0003125,0.13015625,0.86953125
632000,0.0003125,0.12959375,0.87009375
633000,0.0003125,0.129109375,0.870578125
634000,0.0003125,0.1286875,0.871
635000,0.0003125,0.128453125,0.871234375
636000,0.0003125,0.128109375,0.871578125
637000,0.000328125,0.127875,0.871796875
638000,0.00034375,0.126984375,0.872671875
639000,0.000328125,0.126921875,0.87275
640000,0.000328125,0.126484375,0.8731875
641000,0.000328125,0.126140625,0.87353125
642000,0.000328125,0.125984375,0.8736875
643000,0.000328125,0.12515625,0.874515625
644000,0.000328125,0.12478125,0.874890625
645000,0.0003125,0.124375,0.8753125
646000,0.0003125,0.124078125,0.875609375
647000,0.0003125,0.124140625,0.875546875
648000,0.000296875,0.12384375,0.875859375
649000,0.000296875,0.123234375,0.87646875
650000,0.000296875,0.12290625,0.876796875
651000,0.00028125,0.12221875,0.8775
652000,0.00028125,0.12178125,0.8779375
653000,0.000265625,0.121359375,0.878375
654000,0.000265625,0.1208125,0.878921875
655000,0.000265625,0.120390625,0.87934375
656000,0.000265625,0.1198125,0.879921875
657000,0.000265625,0.119125,0.880609375
658000,0.00025,0.1186875,0.8810625
659000,0.00025,0.11834375,0.88140625
660000,0.00025,0.118046875,0.881703125
661000,0.00025,0.117796875,0.881953125
662000,0.000234375,0.1176875,0.882078125
663000,0.000234375,0.11734375,0.882421875
664000,0.000234375,0.117328125,0.8824375
665000,0.000234375,0.1170625,0.882703125
666000,0.00021875,0.11684375,0.8829375
667000,0.00021875,0.116328125,0.883453125
668000,0.00021875,0.116015625,0.883765625
669000,0.00021875,0.115359375,0.884421875
670000,0.000234375,0.115078125,0.8846875
671000,0.000234375,0.11465625,0.885109375
672000,0.000234375,0.114421875,0.88534375
673000,0.000234375,0.11434375,0.885421875
674000,0.000234375,0.114171875,0.88559375
675000,0.000234375,0.113875,0.885890625
676000,0.00021875,0.113390625,0.886390625
677000,0.00021875,0.112890625,0.886890625
678000,0.00021875,0.112578125,0.887203125
679000,0.00021875,0.11221875,0.8875625
680000,0.00021875,0.111921875,0.887859375
681000,0.000203125,0.1115625,0.888234375
682000,0.0001875,0.1110625,0.88875
683000,0.0001875,0.110734375,0.889078125
684000,0.0001875,0.110578125,0.889234375
685000,0.0001875,0.110203125,0.889609375
686000,0.000171875,0.1100625,0.889765625
687000,0.000171875,0.109625,0.890203125
688000,0.00015625,0.109328125,0.890515625
689000,0.00015625,0.109,0.89084375
690000,0.00015625,0.108640625,0.891203125
691000,0.00015625,0.108421875,0.891421875
692000,0.00015625,0.108203125,0.891640625
693000,0.00015625,0.107796875,0.892046875
694000,0.00015625,0.10740625,0.8924375
695000,0.00015625,0.107140625,0.892703125
696000,0.00015625,0.1070625,0.89278125
697000,0.00015625,0.106984375,0.892859375
698000,0.00015625,0.106953125,0.892890625
699000,0.00015625,0.1065625,0.89328125
700000,0.00015625,0.10603125,0.8938125
701000,0.00015625,0.10584375,0.894
702000,0.00015625,0.105671875,0.894171875
703000,0.000171875,0.10534375,0.894484375
704000,0.000171875,0.105078125,0.89475
705000,0.000171875,0.10453125,0.895296875
706000,0.000171875,0.1044375,0.895390625
707000,0.00015625,0.104,0.89584375
708000,0.00015625,0.10328125,0.8965625
709000,0.00015625,0.1029375,0.89690625
710000,0.00015625,0.102984375,0.896859375
711000,0.00015625,0.10253125,0.8973125
712000,0.000171875,0.10240625,0.897421875
713000,0.000171875,0.10203125,0.897796875
714000,0.000171875,0.10178125,0.898046875
715000,0.000171875,0.1014375,0.898390625
716000,0.000171875,0.101078125,0.89875
717000,0.000171875,0.10078125,0.899046875
718000,0.000171875,0.10053125,0.899296875
719000,0.000171875,0.100171875,0.89965625
720000,0.000171875,0.099765625,0.9000625
721000,0.000171875,0.099375,0.900453125
722000,0.000171875,0.099125,0.900703125
723000,0.000171875,0.098703125,0.901125
724000,0.000171875,0.098546875,0.90128125
725000,0.000171875,0.09796875,0.901859375
726000,0.000171875,0.0979375,0.901890625
727000,0.000171875,0.097671875,0.90215625
728000,0.000171875,0.09740625,0.902421875
729000,0.000171875,0.096875,0.902953125
730000,0.000171875,0.09684375,0.902984375
731000,0.000171875,0.096328125,0.9035
732000,0.00015625,0.09578125,0.9040625
733000,0.000140625,0.09540625,0.904453125
734000,0.000140625,0.09496875,0.904890625
735000,0.000140625,0.094828125,0.90503125
736000,0.000140625,0.09459375,0.905265625
737000,0.000140625,0.09471875,0.905140625
738000,0.000140625,0.0946875,0.905171875
739000,0.000140625,0.094140625,0.90571875
740000,0.000140625,0.094125,0.905734375
741000,0.000140625,0.09409375,0.905765625
742000,0.000140625,0.09384375,0.906015625
743000,0.000140625,0.093609375,0.90625
744000,0.000125,0.093125,0.90675
745000,0.000125,0.09309375,0.90678125
746000,0.000125,0.09271875,0.90715625
747000,0.000125,0.09225,0.907625
748000,0.000125,0.091984375,0.907890625
749000,0.000125,0.0915625,0.9083125
750000,0.000125,0.0910625,0.9088125
751000,0.000109375,0.09071875,0.909171875
752000,9.375e-05,0.09028125,0.909625
753000,9.375e-05,0.090015625,0.909890625
754000,9.375e-05,0.089703125,0.910203125
755000,7.8125e-05,0.089265625,0.91065625
756000,7.8125e-05,0.08909375,0.910828125
757000,7.8125e-05,0.0885,0.911421875
758000,7.8125e-05,0.088234375,0.9116875
759000,7.8125e-05,0.087984375,0.9119375
760000,7.8125e-05,0.087453125,0.91246875
761000,7.8125e-05,0.087046875,0.912875
762000,7.8125e-05,0.086890625,0.91303125
763000,7.8125e-05,0.086578125,0.91334375
764000,7.8125e-05,0.086375,0.913546875
765000,7.8125e-05,0.086046875,0.913875
766000,7.8125e-05,0.085765625,0.91415625
767000,7.8125e-05,0.0855625,0.914359375
768000,7.8125e-05,0.08540625,0.914515625
769000,7.8125e-05,0.0850625,0.914859375
770000,7.8125e-05,0.08490625,0.915015625
771000,7.8125e-05,0.08440625,0.915515625
772000,7.8125e-05,0.08409375,0.915828125
773000,7.8125e-05,0.083671875,0.91625
774000,7.8125e-05,0.0833125,0.916609375
775000,6.25e-05,0.08296875,0.91696875
776000,6.25e-05,0.0825,0.9174375
777000,6.25e-05,0.08234375,0.91759375
778000,6.25e-05,0.082015625,0.917921875
779000,6.25e-05,0.08184375,0.91809375
780000,6.25e-05,0.08171875,0.91821875
781000,6.25e-05,0.0815625,0.918375
782000,6.25e-05,0.081234375,0.918703125
783000,6.25e-05,0.08090625,0.91903125
784000,6.25e-05,0.080609375,0.919328125
785000,6.25e-05,0.08025,0.9196875
786000,6.25e-05,0.080234375,0.919703125
787000,6.25e-05,0.080078125,0.919859375
788000,6.25e-05,0.079703125,0.920234375
789000,6.25e-05,0.07946875,0.92046875
790000,7.8125e-05,0.079453125,0.92046875
791000,7.8125e-05,0.078984375,0.9209375
792000,7.8125e-05,0.078828125,0.92109375
793000,7.8125e-05,0.0786875,0.921234375
794000,7.8125e-05,0.078609375,0.9213125
795000,7.8125e-05,0.07853125,0.921390625
796000,7.8125e-05,0.078515625,0.92140625
797000,6.25e-05,0.078296875,0.921640625
798000,6.25e-05,0.078109375,0.921828125
799000,6.25e-05,0.077640625,0.922296875
800000,6.25e-05,0.077328125,0.922609375
801000,6.25e-05,0.07728125,0.92265625
802000,6.25e-05,0.077,0.9229375
803000,6.25e-05,0.07678125,0.92315625
804000,6.25e-05,0.076765625,0.923171875
805000,6.25e-05,0.076421875,0.923515625
806000,6.25e-05,0.07621875,0.92371875
807000,6.25e-05,0.075796875,0.924140625
808000,6.25e-05,0.075671875,0.924265625
809000,6.25e-05,0.07528125,0.92465625
810000,6.25e-05,0.075015625,0.924921875
811000,6.25e-05,0.074703125,0.925234375
812000,6.25e-05,0.074203125,0.925734375
813000,6.25e-05,0.073828125,0.926109375
814000,6.25e-05,0.073359375,0.926578125
815000,6.25e-05,0.072953125,0.926984375
816000,6.25e-05,0.072515625,0.927421875
817000,6.25e-05,0.072265625,0.927671875
818000,6.25e-05,0.072125,0.9278125
819000,6.25e-05,0.071703125,0.928234375
820000,6.25e-05,0.071546875,0.928390625
821000,6.25e-05,0.0710625,0.928875
822000,6.25e-05,0.071015625,0.928921875
823000,6.25e-05,0.07078125,0.92915625
824000,6.25e-05,0.070546875,0.929390625
825000,6.25e-05,0.07015625,0.92978125
826000,6.25e-05,0.07,0.9299375
827000,6.25e-05,0.069734375,0.930203125
828000,6.25e-05,0.0695,0.9304375
829000,6.25e-05,0.06925,0.9306875
830000,6.25e-05,0.068875,0.9310625
831000,6.25e-05,0.068765625,0.931171875
832000,6.25e-05,0.0684375,0.9315
833000,6.25e-05,0.06834375,0.93159375
834000,6.25e-05,0.068203125,0.931734375
835000,6.25e-05,0.0679375,0.932
836000,6.25e-05,0.067765625,0.932171875
837000,4.6875e-05,0.06759375,0.932359375
838000,4.6875e-05,0.06728125,0.932671875
839000,4.6875e-05,0.066921875,0.93303125
840000,4.6875e-05,0.06665625,0.933296875
841000,4.6875e-05,0.06621875,0.933734375
842000,4.6875e-05,0.066109375,0.93384375
843000,4.6875e-05,0.065890625,0.9340625
844000,4.6875e-05,0.0654375,0.934515625
845000,4.6875e-05,0.065234375,0.93471875
846000,4.6875e-05,0.06503125,0.934921875
847000,4.6875e-05,0.064859375,0.93509375
848000,4.6875e-05,0.064703125,0.93525
849000,4.6875e-05,0.064234375,0.93571875
850000,4.6875e-05,0.06421875,0.935734375
851000,4.6875e-05,0.063921875,0.93603125
852000,4.6875e-05,0.06375,0.936203125
853000,4.6875e-05,0.0635,0.936453125
854000,4.6875e-05,0.063046875,0.93690625
855000,4.6875e-05,0.062796875,0.93715625
856000,4.6875e-05,0.062421875,0.93753125
857000,4.6875e-05,0.062234375,0.93771875
858000,4.6875e-05,0.062125,0.937828125
859000,4.6875e-05,0.06203125,0.937921875
860000,4.6875e-05,0.061765625,0.9381875
861000,4.6875e-05,0.061546875,0.93840625
862000,4.6875e-05,0.061421875,0.93853125
863000,4.6875e-05,0.06128125,0.938671875
864000,4.6875e-05,0.06084375,0.939109375
865000,4.6875e-05,0.060625,0.939328125
866000,4.6875e-05,0.06021875,0.939734375
867000,4.6875e-05,0.05984375,0.940109375
868000,4.6875e-05,0.059609375,0.94034375
869000,4.6875e-05,0.059546875,0.94040625
870000,4.6875e-05,0.05959375,0.940359375
871000,4.6875e-05,0.059296875,0.94065625
872000,4.6875e-05,0.0590625,0.940890625
873000,4.6875e-05,0.058859375,0.94109375
874000,4.6875e-05,0.058578125,0.941375
875000,4.6875e-05,0.05853125,0.941421875
876000,4.6875e-05,0.058609375,0.94134375
877000,4.6875e-05,0.058578125,0.941375
878000,4.6875e-05,0.0585,0.941453125
879000,4.6875e-05,0.058203125,0.94175
880000,4.6875e-05,0.058109375,0.94184375
881000,4.6875e-05,0.057828125,0.942125
882000,4.6875e-05,0.057515625,0.9424375
883000,4.6875e-05,0.057390625,0.9425625
884000,4.6875e-05,0.05746875,0.942484375
885000,4.6875e-05,0.057390625,0.9425625
886000,4.6875e-05,0.057390625,0.9425625
887000,4.6875e-05,0.057296875,0.94265625
888000,4.6875e-05,0.057140625,0.9428125
889000,4.6875e-05,0.056890625,0.9430625
890000,4.6875e-05,0.05678125,0.943171875
891000,4.6875e-05,0.05646875,0.943484375
892000,4.6875e-05,0.056203125,0.94375
893000,4.6875e-05,0.056046875,0.94390625
894000,4.6875e-05,0.055875,0.944078125
895000,4.6875e-05,0.055546875,0.94440625
896000,4.6875e-05,0.055609375,0.94434375
897000,4.6875e-05,0.05546875,0.944484375
898000,4.6875e-05,0.055359375,0.94459375
899000,4.6875e-05,0.055359375,0.94459375
900000,3.125e-05,0.05509375,0.944875
901000,3.125e-05,0.05465625,0.9453125
902000,3.125e-05,0.054453125,0.945515625
903000,3.125e-05,0.054265625,0.945703125
904000,3.125e-05,0.0540625,0.94590625
905000,3.125e-05,0.053859375,0.946109375
906000,3.125e-05,0.05365625,0.9463125
907000,3.125e-05,0.053296875,0.946671875
908000,3.125e-05,0.053125,0.94684375
909000,3.125e-05,0.053046875,0.946921875
910000,3.125e-05,0.052859375,0.947109375
911000,3.125e-05,0.052703125,0.947265625
912000,3.125e-05,0.052515625,0.947453125
913000,3.125e-05,0.05221875,0.94775
914000,3.125e-05,0.0520625,0.94790625
915000,3.125e-05,0.051890625,0.948078125
916000,3.125e-05,0.051859375,0.948109375
917000,3.125e-05,0.0516875,0.94828125
918000,3.125e-05,0.0515,0.94846875
919000,3.125e-05,0.051484375,0.948484375
920000,3.125e-05,0.051328125,0.948640625
921000,3.125e-05,0.05109375,0.948875
922000,3.125e-05,0.051,0.94896875
923000,3.125e-05,0.050828125,0.949140625
924000,3.125e-05,0.050703125,0.949265625
925000,3.125e-05,0.05065625,0.9493125
926000,3.125e-05,0.0504375,0.94953125
927000,3.125e-05,0.050328125,0.949640625
928000,3.125e-05,0.0501875,0.94978125
929000,3.125e-05,0.049734375,0.950234375
930000,3.125e-05,0.049390625,0.950578125
931000,3.125e-05,0.049359375,0.950609375
932000,3.125e-05,0.049265625,0.950703125
933000,3.125e-05,0.0489375,0.95103125
934000,1.5625e-05,0.0485625,0.951421875
935000,1.5625e-05,0.04828125,0.951703125
936000,1.5625e-05,0.04809375,0.951890625
937000,1.5625e-05,0.04778125,0.952203125
938000,1.5625e-05,0.047578125,0.95240625
939000,1.5625e-05,0.04734375,0.952640625
940000,1.5625e-05,0.047234375,0.95275
941000,1.5625e-05,0.0469375,0.953046875
942000,1.5625e-05,0.046609375,0.953375
943000,1.5625e-05,0.046421875,0.9535625
944000,1.5625e-05,0.04640625,0.953578125
945000,1.5625e-05,0.046125,0.953859375
946000,1.5625e-05,0.046,0.953984375
947000,1.5625e-05,0.045734375,0.95425
948000,1.5625e-05,0.04575,0.954234375
949000,1.5625e-05,0.045640625,0.95434375
950000,1.5625e-05,0.045390625,0.95459375
951000,1.5625e-05,0.04515625,0.954828125
952000,1.5625e-05,0.045046875,0.9549375
953000,1.5625e-05,0.04478125,0.955203125
954000,1.5625e-05,0.044515625,0.95546875
955000,1.5625e-05,0.044265625,0.95571875
956000,1.5625e-05,0.0439375,0.956046875
957000,1.5625e-05,0.04359375,0.956390625
958000,1.5625e-05,0.043453125,0.95653125
959000,1.5625e-05,0.0433125,0.956671875
960000,1.5625e-05,0.04296875,0.957015625
961000,1.5625e-05,0.04284375,0.957140625
962000,1.5625e-05,0.042671875,0.9573125
963000,1.5625e-05,0.0423125,0.957671875
964000,1.5625e-05,0.042109375,0.957875
965000,1.5625e-05,0.042109375,0.957875
966000,1.5625e-05,0.042,0.957984375
967000,1.5625e-05,0.04190625,0.958078125
968000,1.5625e-05,0.041546875,0.9584375
969000,1.5625e-05,0.0413125,0.958671875
970000,1.5625e-05,0.041234375,0.95875
971000,1.5625e-05,0.04075,0.959234375
972000,1.5625e-05,0.040390625,0.95959375
973000,1.5625e-05,0.040125,0.959859375
974000,1.5625e-05,0.04003125,0.959953125
975000,1.5625e-05,0.039828125,0.96015625
976000,1.5625e-05,0.039640625,0.96034375
977000,1.5625e-05,0.0395,0.960484375
978000,1.5625e-05,0.03928125,0.960703125
979000,1.5625e-05,0.03896875,0.961015625
980000,1.5625e-05,0.03884375,0.961140625
981000,1.5625e-05,0.03853125,0.961453125
982000,1.5625e-05,0.03846875,0.961515625
983000,1.5625e-05,0.03846875,0.961515625
984000,1.5625e-05,0.038390625,0.96159375
985000,1.5625e-05,0.038296875,0.9616875
986000,1.5625e-05,0.037984375,0.962
987000,1.5625e-05,0.037734375,0.96225
988000,1.5625e-05,0.0376875,0.962296875
989000,1.5625e-05,0.03746875,0.962515625
990000,1.5625e-05,0.037234375,0.96275
991000,1.5625e-05,0.0370625,0.962921875
992000,1.5625e-05,0.0370625,0.962921875
993000,1.5625e-05,0.03684375,0.963140625
994000,1.5625e-05,0.036625,0.963359375
995000,1.5625e-05,0.036546875,0.9634375
996000,1.5625e-05,0.036328125,0.96365625
997000,1.5625e-05,0.03609375,0.963890625
998000,1.5625e-05,0.03596875,0.964015625
999000,1.5625e-05,0.0356875,0.964296875
1000000,1.5625e-05,0.03565625,0.964328125
1001000,1.5625e-05,0.035421875,0.9645625
1002000,1.5625e-05,0.03521875,0.964765625
1003000,1.5625e-05,0.035046875,0.9649375
1004000,1.5625e-05,0.0350625,0.964921875
