1000,0.327375,0.335859375,0.336765625
2000,0.325453125,0.336234375,0.3383125
3000,0.323703125,0.336484375,0.3398125
4000,0.32121875,0.336859375,0.341921875
5000,0.31884375,0.337625,0.34353125
6000,0.31603125,0.338640625,0.345328125
7000,0.31384375,0.338546875,0.347609375
8000,0.3119375,0.338953125,0.349109375
9000,0.309828125,0.339671875,0.3505
10000,0.308015625,0.340125,0.351859375
11000,0.305859375,0.340421875,0.35371875
12000,0.303953125,0.340875,0.355171875
13000,0.3020625,0.34059375,0.35734375
14000,0.300609375,0.340703125,0.3586875
15000,0.298546875,0.34084375,0.360609375
16000,0.296984375,0.340671875,0.36234375
17000,0.294953125,0.34096875,0.364078125
18000,0.292578125,0.34109375,0.366328125
19000,0.29128125,0.341640625,0.367078125
20000,0.289078125,0.34175,0.369171875
21000,0.2868125,0.342640625,0.370546875
22000,0.2849375,0.343078125,0.371984375
23000,0.283203125,0.3430625,0.373734375
24000,0.2815,0.34284375,0.37565625
25000,0.279578125,0.34278125,0.377640625
26000,0.277625,0.342765625,0.379609375
27000,0.2755625,0.3428125,0.381625
28000,0.27325,0.3434375,0.3833125
29000,0.271140625,0.343765625,0.38509375
30000,0.26884375,0.343828125,0.387328125
31000,0.2661875,0.344625,0.3891875
32000,0.264265625,0.3445,0.391234375
33000,0.2625,0.34440625,0.39309375
34000,0.260859375,0.34415625,0.394984375
35000,0.25890625,0.344359375,0.396734375
36000,0.2564375,0.34440625,0.39915625
37000,0.254,0.3448125,0.4011875
38000,0.251921875,0.34471875,0.403359375
39000,0.250390625,0.344546875,0.4050625
40000,0.24846875,0.344453125,0.407078125
41000,0.247015625,0.344390625,0.40859375
42000,0.2451875,0.34459375,0.41021875
43000,0.242953125,0.34503125,0.412015625
44000,0.240546875,0.345671875,0.41378125
45000,0.238546875,0.345546875,0.41590625
46000,0.23703125,0.34525,0.41771875
47000,0.234953125,0.345515625,0.41953125
48000,0.232359375,0.345625,0.422015625
49000,0.230203125,0.34621875,0.423578125
50000,0.22853125,0.3461875,0.42528125
51000,0.226953125,0.346453125,0.42659375
52000,0.225,0.34678125,0.42821875
53000,0.2231875,0.347140625,0.429671875
54000,0.2218125,0.347296875,0.430890625
55000,0.220140625,0.348140625,0.43171875
56000,0.2183125,0.348234375,0.433453125
57000,0.216328125,0.348515625,0.43515625
58000,0.214578125,0.349125,0.436296875
59000,0.2123125,0.349359375,0.438328125
60000,0.21034375,0.349265625,0.440390625
61000,0.208375,0.34903125,0.44259375
62000,0.205890625,0.34903125,0.445078125
63000,0.2041875,0.3490625,0.44675
64000,0.20259375,0.348953125,0.448453125
65000,0.20075,0.348875,0.450375
66000,0.19875,0.349546875,0.451703125
67000,0.1971875,0.349703125,0.453109375
68000,0.1955,0.3500625,0.4544375
69000,0.193796875,0.350140625,0.4560625
70000,0.192421875,0.349734375,0.45784375
71000,0.190765625,0.34990625,0.459328125
72000,0.189203125,0.3496875,0.461109375
73000,0.187421875,0.34965625,0.462921875
74000,0.18584375,0.3498125,0.46434375
75000,0.184234375,0.34984375,0.465921875
76000,0.18246875,0.349734375,0.467796875
77000,0.180796875,0.34946875,0.469734375
78000,0.1791875,0.349484375,0.471328125
79000,0.17728125,0.349953125,0.472765625
80000,0.175796875,0.349875,0.474328125
81000,0.17421875,0.34996875,0.4758125
82000,0.172578125,0.34975,0.477671875
83000,0.170828125,0.35021875,0.478953125
84000,0.169171875,0.350265625,0.4805625
85000,0.167796875,0.3500625,0.482140625
86000,0.166296875,0.350328125,0.483375
87000,0.165109375,0.3499375,0.484953125
88000,0.163546875,0.349796875,0.48665625
89000,0.16234375,0.349828125,0.487828125
90000,0.160953125,0.349953125,0.48909375
91000,0.159328125,0.35034375,0.490328125
92000,0.157921875,0.350328125,0.49175
93000,0.15640625,0.350453125,0.493140625
94000,0.154546875,0.3499375,0.495515625
95000,0.15309375,0.349546875,0.497359375
96000,0.15175,0.34884375,0.49940625
97000,0.15040625,0.34840625,0.5011875
98000,0.149140625,0.348078125,0.50278125
99000,0.147921875,0.347859375,0.50421875
100000,0.14665625,0.34775,0.50559375
101000,0.145375,0.34790625,0.50671875
102000,0.144125,0.348078125,0.507796875
103000,0.1425625,0.348578125,0.508859375
104000,0.141203125,0.348546875,0.51025
105000,0.139703125,0.347875,0.512421875
106000,0.138359375,0.348234375,0.51340625
107000,0.136703125,0.34828125,0.515015625
108000,0.135328125,0.34778125,0.516890625
109000,0.134203125,0.347140625,0.51865625
110000,0.133140625,0.346375,0.520484375
111000,0.131765625,0.34625,0.521984375
112000,0.130546875,0.3465625,0.522890625
113000,0.129078125,0.34646875,0.524453125
114000,0.12796875,0.346234375,0.525796875
115000,0.1269375,0.34609375,0.52696875
116000,0.12584375,0.34575,0.52840625
117000,0.124640625,0.3459375,0.529421875
118000,0.123734375,0.345890625,0.530375
119000,0.12228125,0.34565625,0.5320625
120000,0.12121875,0.345234375,0.533546875
121000,0.11984375,0.345109375,0.535046875
122000,0.1185625,0.345078125,0.536359375
123000,0.117421875,0.34503125,0.537546875
124000,0.116625,0.343921875,0.539453125
125000,0.115296875,0.3441875,0.540515625
126000,0.114703125,0.343828125,0.54146875
127000,0.113640625,0.34378125,0.542578125
128000,0.112671875,0.343453125,0.543875
129000,0.111515625,0.343859375,0.544625
130000,0.11053125,0.3435625,0.54590625
131000,0.109578125,0.343859375,0.5465625
132000,0.108453125,0.343734375,0.5478125
133000,0.107609375,0.343578125,0.5488125
134000,0.106578125,0.343796875,0.549625
135000,0.1053125,0.34371875,0.55096875
136000,0.10428125,0.343921875,0.551796875
137000,0.10334375,0.343828125,0.552828125
138000,0.102171875,0.343453125,0.554375
139000,0.101125,0.343640625,0.555234375
140000,0.1003125,0.343171875,0.556515625
141000,0.09940625,0.343015625,0.557578125
142000,0.09828125,0.34296875,0.55875
143000,0.097125,0.3433125,0.5595625
144000,0.0961875,0.342421875,0.561390625
145000,0.095140625,0.3419375,0.562921875
146000,0.0943125,0.34171875,0.56396875
147000,0.093296875,0.34165625,0.565046875
148000,0.09228125,0.34146875,0.56625
149000,0.091296875,0.340984375,0.56771875
150000,0.090328125,0.340390625,0.56928125
151000,0.08953125,0.340453125,0.570015625
152000,0.0886875,0.340453125,0.570859375
153000,0.08803125,0.3399375,0.57203125
154000,0.087109375,0.339953125,0.5729375
155000,0.086390625,0.339921875,0.5736875
156000,0.0855,0.339296875,0.575203125
157000,0.084484375,0.338703125,0.5768125
158000,0.083484375,0.338578125,0.5779375
159000,0.08265625,0.337953125,0.579390625
160000,0.081921875,0.337546875,0.58053125
161000,0.081109375,0.337515625,0.581375
162000,0.080328125,0.337359375,0.5823125
163000,0.079484375,0.33725,0.583265625
164000,0.07871875,0.337078125,0.584203125
165000,0.078109375,0.336421875,0.58546875
166000,0.077328125,0.336046875,0.586625
167000,0.076734375,0.3361875,0.587078125
168000,0.0760625,0.335609375,0.588328125
169000,0.07540625,0.335171875,0.589421875
170000,0.074609375,0.335328125,0.5900625
171000,0.0740625,0.334546875,0.591390625
172000,0.073234375,0.33375,0.593015625
173000,0.072453125,0.33371875,0.593828125
174000,0.071671875,0.33353125,0.594796875
175000,0.071109375,0.333203125,0.5956875
176000,0.070234375,0.3330625,0.596703125
177000,0.06940625,0.332328125,0.598265625
178000,0.068859375,0.332046875,0.59909375
179000,0.068015625,0.33209375,0.599890625
180000,0.06753125,0.33203125,0.6004375
181000,0.067046875,0.331625,0.601328125
182000,0.066234375,0.331328125,0.6024375
183000,0.06540625,0.33059375,0.604
184000,0.064515625,0.330515625,0.60496875
185000,0.06403125,0.32978125,0.6061875
186000,0.06325,0.329546875,0.607203125
187000,0.062546875,0.3291875,0.608265625
188000,0.06175,0.328984375,0.609265625
189000,0.06109375,0.328546875,0.610359375
190000,0.060484375,0.328109375,0.61140625
191000,0.06,0.3275,0.6125
192000,0.059203125,0.327359375,0.6134375
193000,0.058671875,0.327078125,0.61425
194000,0.05803125,0.326734375,0.615234375
195000,0.057375,0.326453125,0.616171875
196000,0.056828125,0.3266875,0.616484375
197000,0.056125,0.326078125,0.617796875
198000,0.0555,0.326328125,0.618171875
199000,0.0549375,0.32609375,0.61896875
200000,0.05440625,0.32571875,0.619875
201000,0.053859375,0.3255,0.620640625
202000,0.053265625,0.324859375,0.621875
203000,0.052796875,0.3245625,0.622640625
204000,0.05215625,0.32403125,0.6238125
205000,0.0515,0.323703125,0.624796875
206000,0.05096875,0.323234375,0.625796875
207000,0.050484375,0.3225,0.627015625
208000,0.04990625,0.322140625,0.627953125
209000,0.04953125,0.3220625,0.62840625
210000,0.04865625,0.321890625,0.629453125
211000,0.0480625,0.32203125,0.62990625
212000,0.047484375,0.321703125,0.6308125
213000,0.046953125,0.321421875,0.631625
214000,0.0466875,0.320609375,0.632703125
215000,0.046171875,0.32025,0.633578125
216000,0.04571875,0.319796875,0.634484375
217000,0.045015625,0.319921875,0.6350625
218000,0.04478125,0.319703125,0.635515625
219000,0.044234375,0.319375,0.636390625
220000,0.043859375,0.319015625,0.637125
221000,0.043015625,0.31884375,0.638140625
222000,0.042375,0.318484375,0.639140625
223000,0.041875,0.31834375,0.63978125
224000,0.041390625,0.318328125,0.64028125
225000,0.041,0.317921875,0.641078125
226000,0.040578125,0.3179375,0.641484375
227000,0.04025,0.318015625,0.641734375
228000,0.039796875,0.317875,0.642328125
229000,0.0395625,0.31765625,0.64278125
230000,0.039078125,0.31759375,0.643328125
231000,0.038546875,0.316734375,0.64471875
232000,0.038109375,0.31609375,0.645796875
233000,0.037734375,0.316,0.646265625
234000,0.03734375,0.315765625,0.646890625
235000,0.036984375,0.31534375,0.647671875
236000,0.03659375,0.31475,0.64865625
237000,0.036171875,0.31440625,0.649421875
238000,0.03565625,0.3144375,0.64990625
239000,0.035421875,0.3139375,0.650640625
240000,0.034921875,0.3136875,0.651390625
241000,0.034515625,0.31325,0.652234375
242000,0.03428125,0.313203125,0.652515625
243000,0.03396875,0.312640625,0.653390625
244000,0.033625,0.31203125,0.65434375
245000,0.0334375,0.31140625,0.65515625
246000,0.032875,0.311875,0.65525
247000,0.032609375,0.3119375,0.655453125
248000,0.0320625,0.311859375,0.656078125
249000,0.031734375,0.312015625,0.65625
250000,0.031296875,0.31146875,0.657234375
251000,0.030859375,0.31065625,0.658484375
252000,0.0304375,0.310078125,0.659484375
253000,0.029921875,0.309796875,0.66028125
254000,0.02965625,0.309765625,0.660578125
255000,0.029484375,0.309140625,0.661375
256000,0.029203125,0.309125,0.661671875
257000,0.028875,0.30809375,0.66303125
258000,0.028515625,0.30796875,0.663515625
259000,0.028203125,0.308046875,0.66375
260000,0.02784375,0.307578125,0.664578125
261000,0.027515625,0.307296875,0.6651875
262000,0.027265625,0.307234375,0.6655
263000,0.02696875,0.30653125,0.6665
264000,0.026609375,0.306203125,0.6671875
265000,0.026265625,0.305515625,0.66821875
266000,0.025875,0.304828125,0.669296875
267000,0.0254375,0.304265625,0.670296875
268000,0.025171875,0.304109375,0.67071875
269000,0.024671875,0.303859375,0.67146875
270000,0.024375,0.30371875,0.67190625
271000,0.0240625,0.3035,0.6724375
272000,0.02378125,0.3030625,0.67315625
273000,0.023515625,0.302453125,0.67403125
274000,0.0233125,0.3019375,0.67475
275000,0.022953125,0.30175,0.675296875
276000,0.02275,0.30146875,0.67578125
277000,0.0224375,0.301234375,0.676328125
278000,0.0221875,0.3004375,0.677375
279000,0.022046875,0.29959375,0.678359375
280000,0.02175,0.29946875,0.67878125
281000,0.021546875,0.298765625,0.6796875
282000,0.021296875,0.298453125,0.68025
283000,0.02115625,0.297640625,0.681203125
284000,0.020953125,0.29765625,0.681390625
285000,0.02084375,0.29709375,0.6820625
286000,0.02071875,0.29628125,0.683
287000,0.020546875,0.296109375,0.68334375
288000,0.020375,0.29578125,0.68384375
289000,0.020109375,0.29565625,0.684234375
290000,0.019921875,0.295234375,0.68484375
291000,0.01959375,0.295015625,0.685390625
292000,0.019515625,0.293796875,0.6866875
293000,0.01928125,0.29359375,0.687125
294000,0.01909375,0.29321875,0.6876875
295000,0.019046875,0.293453125,0.6875
296000,0.018875,0.293484375,0.687640625
297000,0.018734375,0.293421875,0.68784375
298000,0.018515625,0.29303125,0.688453125
299000,0.018390625,0.292390625,0.68921875
300000,0.018125,0.292171875,0.689703125
301000,0.017890625,0.291890625,0.69021875
302000,0.017734375,0.291671875,0.69059375
303000,0.017515625,0.29125,0.691234375
304000,0.01734375,0.29065625,0.692
305000,0.01715625,0.28990625,0.6929375
306000,0.016875,0.289796875,0.693328125
307000,0.016765625,0.28909375,0.694140625
308000,0.01659375,0.288859375,0.694546875
309000,0.01634375,0.288140625,0.695515625
310000,0.01615625,0.287859375,0.695984375
311000,0.016015625,0.287203125,0.69678125
312000,0.015796875,0.287078125,0.697125
313000,0.015640625,0.286484375,0.697875
314000,0.015390625,0.2865625,0.698046875
315000,0.015171875,0.285609375,0.69921875
316000,0.014984375,0.28528125,0.699734375
317000,0.014703125,0.285359375,0.6999375
318000,0.0145,0.285515625,0.699984375
319000,0.014328125,0.2849375,0.700734375
320000,0.014140625,0.284734375,0.701125
321000,0.013921875,0.2845625,0.701515625
322000,0.01371875,0.284546875,0.701734375
323000,0.013625,0.28390625,0.70246875
324000,0.01346875,0.2835625,0.70296875
325000,0.01334375,0.283140625,0.703515625
326000,0.01309375,0.28309375,0.7038125
327000,0.013,0.2830625,0.7039375
328000,0.012890625,0.28284375,0.704265625
329000,0.01278125,0.282390625,0.704828125
330000,0.012625,0.281921875,0.705453125
331000,0.0125625,0.281328125,0.706109375
332000,0.012359375,0.281265625,0.706375
333000,0.012125,0.281375,0.7065
334000,0.01196875,0.281671875,0.706359375
335000,0.011828125,0.28153125,0.706640625
336000,0.01171875,0.281578125,0.706703125
337000,0.011640625,0.281703125,0.70665625
338000,0.011546875,0.2811875,0.707265625
339000,0.011359375,0.28065625,0.707984375
340000,0.011265625,0.28015625,0.708578125
341000,0.011203125,0.280078125,0.70871875
342000,0.011046875,0.27925,0.709703125
343000,0.01090625,0.27903125,0.7100625
344000,0.01078125,0.2784375,0.71078125
345000,0.01071875,0.27846875,0.7108125
346000,0.01059375,0.278171875,0.711234375
347000,0.010453125,0.2778125,0.711734375
348000,0.010375,0.2775625,0.7120625
349000,0.01028125,0.277015625,0.712703125
350000,0.01015625,0.276609375,0.713234375
351000,0.010078125,0.27640625,0.713515625
352000,0.009921875,0.276140625,0.7139375
353000,0.009921875,0.275828125,0.71425
354000,0.0098125,0.275015625,0.715171875
355000,0.009703125,0.27459375,0.715703125
356000,0.00971875,0.274265625,0.716015625
357000,0.00953125,0.27446875,0.716
358000,0.0095,0.273984375,0.716515625
359000,0.00934375,0.273625,0.71703125
360000,0.009234375,0.27315625,0.717609375
361000,0.00909375,0.272421875,0.718484375
362000,0.009,0.272484375,0.718515625
363000,0.008828125,0.272390625,0.71878125
364000,0.008703125,0.2721875,0.719109375
365000,0.00865625,0.272265625,0.719078125
366000,0.00859375,0.2718125,0.71959375
367000,0.008453125,0.271,0.720546875
368000,0.0084375,0.27053125,0.72103125
369000,0.008296875,0.2698125,0.721890625
370000,0.008203125,0.269359375,0.7224375
371000,0.008140625,0.268796875,0.7230625
372000,0.00803125,0.26828125,0.7236875
373000,0.007859375,0.268546875,0.72359375
374000,0.007796875,0.268265625,0.7239375
375000,0.007703125,0.26809375,0.724203125
376000,0.007609375,0.267578125,0.7248125
377000,0.007515625,0.267640625,0.72484375
378000,0.00746875,0.266859375,0.725671875
379000,0.007390625,0.2664375,0.726171875
380000,0.0073125,0.266125,0.7265625
381000,0.00725,0.26590625,0.72684375
382000,0.007125,0.26528125,0.72759375
383000,0.007078125,0.264578125,0.72834375
384000,0.0070625,0.26415625,0.72878125
385000,0.006984375,0.264046875,0.72896875
386000,0.006921875,0.26315625,0.729921875
387000,0.006859375,0.26246875,0.730671875
388000,0.00678125,0.2619375,0.73128125
389000,0.006625,0.26171875,0.73165625
390000,0.00653125,0.2610625,0.73240625
391000,0.0064375,0.26084375,0.73271875
392000,0.006359375,0.260828125,0.7328125
393000,0.00625,0.26071875,0.73303125
394000,0.006125,0.26046875,0.73340625
395000,0.006078125,0.260125,0.733796875
396000,0.006046875,0.259578125,0.734375
397000,0.006,0.2588125,0.7351875
398000,0.0059375,0.258296875,0.735765625
399000,0.005890625,0.257890625,0.73621875
400000,0.005875,0.257109375,0.737015625
401000,0.005796875,0.256984375,0.73721875
402000,0.0056875,0.2560625,0.73825
403000,0.005671875,0.25534375,0.738984375
404000,0.005546875,0.254921875,0.73953125
405000,0.005484375,0.25453125,0.739984375
406000,0.00540625,0.25428125,0.7403125
407000,0.005265625,0.253359375,0.741375
408000,0.005234375,0.253234375,0.74153125
409000,0.005125,0.2533125,0.7415625
410000,0.004984375,0.252546875,0.74246875
411000,0.004953125,0.251765625,0.74328125
412000,0.004890625,0.25125,0.743859375
413000,0.00484375,0.2508125,0.74434375
414000,0.0048125,0.250234375,0.744953125
415000,0.0046875,0.24984375,0.74546875
416000,0.004578125,0.249359375,0.7460625
417000,0.004546875,0.2488125,0.746640625
418000,0.00446875,0.248796875,0.746734375
419000,0.004421875,0.248140625,0.7474375
420000,0.00434375,0.2473125,0.74834375
421000,0.004375,0.2465625,0.7490625
422000,0.004328125,0.24634375,0.749328125
423000,0.00428125,0.245640625,0.750078125
424000,0.00425,0.245,0.75075
425000,0.004203125,0.244875,0.750921875
426000,0.004109375,0.244296875,0.75159375
427000,0.004109375,0.24346875,0.752421875
428000,0.004078125,0.24296875,0.752953125
429000,0.00403125,0.24228125,0.7536875
430000,0.004,0.24171875,0.75428125
431000,0.0039375,0.241171875,0.754890625
432000,0.0039375,0.24065625,0.75540625
433000,0.003890625,0.240203125,0.75590625
434000,0.00384375,0.240234375,0.755921875
435000,0.0038125,0.23996875,0.75621875
436000,0.00371875,0.23946875,0.7568125
437000,0.00371875,0.2388125,0.75746875
438000,0.0036875,0.238859375,0.757453125
439000,0.003671875,0.238953125,0.757375
440000,0.00365625,0.238765625,0.757578125
441000,0.0035625,0.2385,0.7579375
442000,0.0035,0.238015625,0.758484375
443000,0.003453125,0.2378125,0.758734375
444000,0.003390625,0.237265625,0.75934375
445000,0.00334375,0.2375,0.75915625
446000,0.00334375,0.236734375,0.759921875
447000,0.003296875,0.236078125,0.760625
448000,0.00321875,0.23565625,0.761125
449000,0.00315625,0.2353125,0.76153125
450000,0.00315625,0.23475,0.76209375
451000,0.00315625,0.234046875,0.762796875
452000,0.003140625,0.23321875,0.763640625
453000,0.003140625,0.232625,0.764234375
454000,0.003125,0.23165625,0.76521875
455000,0.003015625,0.231296875,0.7656875
456000,0.00296875,0.23109375,0.7659375
457000,0.002921875,0.23125,0.765828125
458000,0.00290625,0.23134375,0.76575
459000,0.002859375,0.231328125,0.7658125
460000,0.0028125,0.231046875,0.766140625
461000,0.00278125,0.230734375,0.766484375
462000,0.002734375,0.23021875,0.767046875
463000,0.002765625,0.230171875,0.7670625
464000,0.00271875,0.22959375,0.7676875
465000,0.0026875,0.228875,0.7684375
466000,0.002625,0.228484375,0.768890625
467000,0.002578125,0.227546875,0.769875
468000,0.00246875,0.227421875,0.770109375
469000,0.00246875,0.226671875,0.770859375
470000,0.0024375,0.22578125,0.77178125
471000,0.0024375,0.225625,0.7719375
472000,0.002390625,0.225984375,0.771625
473000,0.00240625,0.2255625,0.77203125
474000,0.00234375,0.225203125,0.772453125
475000,0.002296875,0.2249375,0.772765625
476000,0.002296875,0.224421875,0.77328125
477000,0.002265625,0.2240625,0.773671875
478000,0.00225,0.22378125,0.77396875
479000,0.00225,0.223140625,0.774609375
480000,0.002234375,0.223390625,0.774375
481000,0.002171875,0.22309375,0.774734375
482000,0.002109375,0.222734375,0.77515625
483000,0.002109375,0.22234375,0.775546875
484000,0.0020625,0.221875,0.7760625
485000,0.002046875,0.2213125,0.776640625
486000,0.002,0.220890625,0.777109375
487000,0.00196875,0.220484375,0.777546875
488000,0.001953125,0.2201875,0.777859375
489000,0.001953125,0.219609375,0.7784375
490000,0.001921875,0.21915625,0.778921875
491000,0.00190625,0.218671875,0.779421875
492000,0.00184375,0.218296875,0.779859375
493000,0.001796875,0.217734375,0.78046875
494000,0.001765625,0.2173125,0.780921875
495000,0.001734375,0.216734375,0.78153125
496000,0.0016875,0.21625,0.7820625
497000,0.001625,0.2155625,0.7828125
498000,0.001609375,0.215203125,0.7831875
499000,0.001625,0.214859375,0.783515625
500000,0.001609375,0.21446875,0.783921875
501000,0.001609375,0.214640625,0.78375
502000,0.0015625,0.21453125,0.78390625
503000,0.001546875,0.214421875,0.78403125
504000,0.001546875,0.213671875,0.78478125
505000,0.0015,0.213109375,0.785390625
506000,0.00146875,0.212890625,0.785640625
507000,0.001453125,0.212359375,0.7861875
508000,0.001453125,0.2119375,0.786609375
509000,0.00146875,0.211515625,0.787015625
510000,0.001453125,0.2110625,0.787484375
511000,0.0014375,0.210609375,0.787953125
512000,0.00140625,0.210015625,0.788578125
513000,0.001390625,0.209828125,0.78878125
514000,0.001375,0.20928125,0.78934375
515000,0.001375,0.20884375,0.78978125
516000,0.001390625,0.208453125,0.79015625
517000,0.001359375,0.2081875,0.790453125
518000,0.00134375,0.20753125,0.791125
519000,0.001328125,0.20715625,0.791515625
520000,0.001296875,0.2065625,0.792140625
521000,0.00128125,0.20571875,0.793
522000,0.001296875,0.20540625,0.793296875
523000,0.00128125,0.205,0.79371875
524000,0.001296875,0.204640625,0.7940625
525000,0.0013125,0.20446875,0.79421875
526000,0.00134375,0.204109375,0.794546875
527000,0.0013125,0.2040625,0.794625
528000,0.00125,0.204203125,0.794546875
529000,0.001265625,0.20365625,0.795078125
530000,0.00125,0.203265625,0.795484375
531000,0.00125,0.202453125,0.796296875
532000,0.001203125,0.201734375,0.7970625
533000,0.0011875,0.20140625,0.79740625
534000,0.001171875,0.2009375,0.797890625
535000,0.00115625,0.2001875,0.79865625
536000,0.001109375,0.19990625,0.798984375
537000,0.0010625,0.199625,0.7993125
538000,0.001078125,0.199078125,0.79984375
539000,0.001046875,0.1985625,0.800390625
540000,0.001046875,0.19815625,0.800796875
541000,0.001015625,0.197390625,0.80159375
542000,0.001,0.196828125,0.802171875
543000,0.000953125,0.196875,0.802171875
544000,0.0009375,0.19615625,0.80290625
545000,0.000921875,0.1956875,0.803390625
546000,0.000859375,0.1950625,0.804078125
547000,0.000859375,0.19459375,0.804546875
548000,0.000859375,0.19428125,0.804859375
549000,0.00084375,0.193828125,0.805328125
550000,0.00084375,0.19315625,0.806
551000,0.000828125,0.19278125,0.806390625
552000,0.000828125,0.19203125,0.807140625
553000,0.0008125,0.1914375,0.80775
554000,0.000796875,0.1911875,0.808015625
555000,0.0008125,0.19071875,0.80846875
556000,0.0008125,0.1903125,0.808875
557000,0.0008125,0.18975,0.8094375
558000,0.000796875,0.18903125,0.810171875
559000,0.000796875,0.188421875,0.81078125
560000,0.000796875,0.18771875,0.811484375
561000,0.000796875,0.18740625,0.811796875
562000,0.00078125,0.186671875,0.812546875
563000,0.00078125,0.186421875,0.812796875
564000,0.00075,0.18584375,0.81340625
565000,0.00075,0.185640625,0.813609375
566000,0.000734375,0.18528125,0.813984375
567000,0.00071875,0.18484375,0.8144375
568000,0.000703125,0.18459375,0.814703125
569000,0.00071875,0.184421875,0.814859375
570000,0.000703125,0.1841875,0.815109375
571000,0.0006875,0.183640625,0.815671875
572000,0.000671875,0.18321875,0.816109375
573000,0.00065625,0.182625,0.81671875
574000,0.000625,0.1819375,0.8174375
575000,0.000625,0.1815,0.817875
576000,0.000625,0.180703125,0.818671875
577000,0.000609375,0.180265625,0.819125
578000,0.000609375,0.18003125,0.819359375
579000,0.000609375,0.179875,0.819515625
580000,0.00059375,0.179390625,0.820015625
581000,0.000546875,0.17909375,0.820359375
582000,0.000546875,0.178578125,0.820875
583000,0.000546875,0.17790625,0.821546875
584000,0.000546875,0.1774375,0.822015625
585000,0.000515625,0.17725,0.822234375
586000,0.0005,0.176734375,0.822765625
587000,0.0005,0.176109375,0.823390625
588000,0.0005,0.175359375,0.824140625
589000,0.000484375,0.175203125,0.8243125
590000,0.000484375,0.17484375,0.824671875
591000,0.000484375,0.174859375,0.82465625
592000,0.000484375,0.174609375,0.82490625
593000,0.00046875,0.1746875,0.82484375
594000,0.00046875,0.174609375,0.824921875
595000,0.00046875,0.17425,0.82528125
596000,0.00046875,0.174015625,0.825515625
597000,0.00046875,0.17396875,0.8255625
598000,0.00046875,0.173765625,0.825765625
599000,0.00046875,0.17325,0.82628125
600000,0.000453125,0.172890625,0.82665625
601000,0.00046875,0.172796875,0.826734375
602000,0.00046875,0.1726875,0.82684375
603000,0.00046875,0.1724375,0.82709375
604000,0.000421875,0.17165625,0.827921875
605000,0.00040625,0.171375,0.82821875
606000,0.000390625,0.17096875,0.828640625
607000,0.000390625,0.17078125,0.828828125
608000,0.00040625,0.17021875,0.829375
609000,0.00040625,0.17,0.82959375
610000,0.00040625,0.169671875,0.829921875
611000,0.000390625,0.16928125,0.830328125
612000,0.000375,0.169046875,0.830578125
613000,0.000375,0.16859375,0.83103125
614000,0.000359375,0.1685,0.831140625
615000,0.00034375,0.168671875,0.830984375
616000,0.00034375,0.168140625,0.831515625
617000,0.00034375,0.167859375,0.831796875
618000,0.000328125,0.16721875,0.832453125
619000,0.000328125,0.166859375,0.8328125
620000,0.000328125,0.1666875,0.832984375
621000,0.000328125,0.166078125,0.83359375
622000,0.000328125,0.165078125,0.83459375
623000,0.000328125,0.16490625,0.834765625
624000,0.000328125,0.164359375,0.8353125
625000,0.000328125,0.1639375,0.835734375
626000,0.000328125,0.1631875,0.836484375
627000,0.000328125,0.162765625,0.83690625
628000,0.000296875,0.162046875,0.83765625
629000,0.000296875,0.161859375,0.83784375
630000,0.000296875,0.161125,0.838578125
631000,0.000296875,0.160484375,0.83921875
632000,0.000296875,0.160078125,0.839625
633000,0.000296875,0.15921875,0.840484375
634000,0.000296875,0.15871875,0.840984375
635000,0.000296875,0.1586875,0.841015625
636000,0.000296875,0.1580625,0.841640625
637000,0.000296875,0.15753125,0.842171875
638000,0.000296875,0.157671875,0.84203125
639000,0.000296875,0.15715625,0.842546875
640000,0.000296875,0.156671875,0.84303125
641000,0.000296875,0.155703125,0.844
642000,0.000296875,0.15578125,0.843921875
643000,0.000296875,0.155109375,0.84459375
644000,0.0003125,0.154625,0.8450625
645000,0.0003125,0.154359375,0.845328125
646000,0.0003125,0.15390625,0.84578125
647000,0.0003125,0.15359375,0.84609375
648000,0.0003125,0.153421875,0.846265625
649000,0.0003125,0.1530625,0.846625
650000,0.0003125,0.152890625,0.846796875
651000,0.000296875,0.1526875,0.847015625
652000,0.000265625,0.15246875,0.847265625
653000,0.000265625,0.151859375,0.847875
654000,0.000265625,0.150921875,0.8488125
655000,0.000265625,0.15053125,0.849203125
656000,0.00025,0.150328125,0.849421875
657000,0.00025,0.15003125,0.84971875
658000,0.00025,0.149546875,0.850203125
659000,0.00025,0.14896875,0.85078125
660000,0.00025,0.148578125,0.851171875
661000,0.00025,0.148296875,0.851453125
662000,0.000234375,0.1483125,0.851453125
663000,0.000234375,0.147640625,0.852125
664000,0.00021875,0.146921875,0.852859375
665000,0.00021875,0.146328125,0.853453125
666000,0.00021875,0.146078125,0.853703125
667000,0.00021875,0.1455625,0.85421875
668000,0.00021875,0.1449375,0.85484375
669000,0.000203125,0.144609375,0.8551875
670000,0.000203125,0.14446875,0.855328125
671000,0.00021875,0.143453125,0.856328125
672000,0.00021875,0.1428125,0.85696875
673000,0.00021875,0.14253125,0.85725
674000,0.00021875,0.142171875,0.857609375
675000,0.00021875,0.141828125,0.857953125
676000,0.00021875,0.141140625,0.858640625
677000,0.00021875,0.1408125,0.85896875
678000,0.00021875,0.140296875,0.859484375
679000,0.000234375,0.14009375,0.859671875
680000,0.000234375,0.1395625,0.860203125
681000,0.000234375,0.1391875,0.860578125
682000,0.000234375,0.1388125,0.860953125
683000,0.000234375,0.138390625,0.861375
684000,0.000234375,0.137984375,0.86178125
685000,0.000234375,0.137703125,0.8620625
686000,0.000234375,0.13690625,0.862859375
687000,0.000234375,0.136203125,0.8635625
688000,0.000234375,0.136265625,0.8635
689000,0.000234375,0.1358125,0.863953125
690000,0.000234375,0.135328125,0.8644375
691000,0.00021875,0.135078125,0.864703125
692000,0.000203125,0.134421875,0.865375
693000,0.000203125,0.13390625,0.865890625
694000,0.000203125,0.1334375,0.866359375
695000,0.000203125,0.13325,0.866546875
696000,0.000203125,0.132875,0.866921875
697000,0.000203125,0.132625,0.867171875
698000,0.000203125,0.13228125,0.867515625
699000,0.000203125,0.132171875,0.867625
700000,0.000203125,0.13128125,0.868515625
701000,0.0001875,0.1309375,0.868875
702000,0.0001875,0.130484375,0.869328125
703000,0.0001875,0.130546875,0.869265625
704000,0.0001875,0.130109375,0.869703125
705000,0.000171875,0.12984375,0.869984375
706000,0.000171875,0.12940625,0.870421875
707000,0.000171875,0.1289375,0.870890625
708000,0.000171875,0.12840625,0.871421875
709000,0.00015625,0.127921875,0.871921875
710000,0.000140625,0.12775,0.872109375
711000,0.000140625,0.127140625,0.87271875
712000,0.000140625,0.12703125,0.872828125
713000,0.000140625,0.126296875,0.8735625
714000,0.000140625,0.1261875,0.873671875
715000,0.000140625,0.125859375,0.874
716000,0.000140625,0.125265625,0.87459375
717000,0.000140625,0.124765625,0.87509375
718000,0.000140625,0.124453125,0.87540625
719000,0.000140625,0.124,0.875859375
720000,0.000140625,0.123453125,0.87640625
721000,0.000140625,0.123203125,0.87665625
722000,0.000140625,0.1229375,0.876921875
723000,0.000140625,0.12234375,0.877515625
724000,0.000140625,0.122078125,0.87778125
725000,0.000140625,0.12184375,0.878015625
726000,0.000140625,0.121671875,0.8781875
727000,0.000140625,0.121265625,0.87859375
728000,0.000140625,0.120671875,0.8791875
729000,0.000140625,0.12015625,0.879703125
730000,0.000140625,0.11959375,0.880265625
731000,0.000140625,0.11934375,0.880515625
732000,0.000140625,0.11875,0.881109375
733000,0.000140625,0.118625,0.881234375
734000,0.000140625,0.118203125,0.88165625
735000,0.000140625,0.117921875,0.8819375
736000,0.00015625,0.11778125,0.8820625
737000,0.00015625,0.1176875,0.88215625
738000,0.00015625,0.117171875,0.882671875
739000,0.000171875,0.116734375,0.88309375
740000,0.000171875,0.11628125,0.883546875
741000,0.000171875,0.116046875,0.88378125
742000,0.000171875,0.11559375,0.884234375
743000,0.000171875,0.1155625,0.884265625
744000,0.000171875,0.11528125,0.884546875
745000,0.00015625,0.11496875,0.884875
746000,0.00015625,0.114484375,0.885359375
747000,0.00015625,0.114203125,0.885640625
748000,0.00015625,0.113734375,0.886109375
749000,0.00015625,0.113421875,0.886421875
750000,0.00015625,0.113265625,0.886578125
751000,0.00015625,0.11325,0.88659375
752000,0.00015625,0.11275,0.88709375
753000,0.00015625,0.112421875,0.887421875
754000,0.000140625,0.111828125,0.88803125
755000,0.000140625,0.11165625,0.888203125
756000,0.000125,0.1118125,0.8880625
757000,0.000125,0.11171875,0.88815625
758000,0.000125,0.11140625,0.88846875
759000,0.000125,0.111125,0.88875
760000,0.000125,0.11103125,0.88884375
761000,0.000109375,0.1106875,0.889203125
762000,0.000109375,0.110546875,0.88934375
763000,0.000109375,0.110125,0.889765625
764000,0.000109375,0.10984375,0.890046875
765000,0.000109375,0.109609375,0.89028125
766000,0.000109375,0.10915625,0.890734375
767000,0.000109375,0.109078125,0.8908125
768000,0.000109375,0.10871875,0.891171875
769000,0.000109375,0.108453125,0.8914375
770000,0.000109375,0.10815625,0.891734375
771000,0.000109375,0.1080625,0.891828125
772000,0.000109375,0.107859375,0.89203125
773000,9.375e-05,0.10759375,0.8923125
774000,9.375e-05,0.10725,0.89265625
775000,9.375e-05,0.1071875,0.89271875
776000,9.375e-05,0.1070625,0.89284375
777000,9.375e-05,0.107046875,0.892859375
778000,9.375e-05,0.106671875,0.893234375
779000,9.375e-05,0.106359375,0.893546875
780000,9.375e-05,0.105796875,0.894109375
781000,9.375e-05,0.1056875,0.89421875
782000,9.375e-05,0.10540625,0.8945
783000,9.375e-05,0.104828125,0.895078125
784000,9.375e-05,0.104625,0.89528125
785000,9.375e-05,0.10396875,0.8959375
786000,9.375e-05,0.10334375,0.8965625
787000,9.375e-05,0.102828125,0.897078125
788000,9.375e-05,0.1026875,0.89721875
789000,7.8125e-05,0.1024375,0.897484375
790000,7.8125e-05,0.102171875,0.89775
791000,7.8125e-05,0.10190625,0.898015625
792000,7.8125e-05,0.101734375,0.8981875
793000,7.8125e-05,0.1011875,0.898734375
794000,7.8125e-05,0.100859375,0.8990625
795000,7.8125e-05,0.100671875,0.89925
796000,7.8125e-05,0.100671875,0.89925
797000,7.8125e-05,0.100390625,0.89953125
798000,7.8125e-05,0.099890625,0.90003125
799000,7.8125e-05,0.099421875,0.9005
800000,6.25e-05,0.099078125,0.900859375
801000,6.25e-05,0.098734375,0.901203125
802000,6.25e-05,0.09846875,0.90146875
803000,6.25e-05,0.09809375,0.90184375
804000,6.25e-05,0.097796875,0.902140625
805000,4.6875e-05,0.097578125,0.902375
806000,4.6875e-05,0.09725,0.902703125
807000,4.6875e-05,0.097,0.902953125
808000,4.6875e-05,0.096765625,0.9031875
809000,4.6875e-05,0.096265625,0.9036875
810000,4.6875e-05,0.096125,0.903828125
811000,4.6875e-05,0.09575,0.904203125
812000,4.6875e-05,0.095421875,0.90453125
813000,4.6875e-05,0.095203125,0.90475
814000,4.6875e-05,0.0949375,0.905015625
815000,4.6875e-05,0.094609375,0.90534375
816000,6.25e-05,0.0944375,0.9055
817000,6.25e-05,0.09403125,0.90590625
818000,6.25e-05,0.093671875,0.906265625
819000,4.6875e-05,0.093390625,0.9065625
820000,4.6875e-05,0.093328125,0.906625
821000,4.6875e-05,0.092625,0.907328125
822000,4.6875e-05,0.092390625,0.9075625
823000,4.6875e-05,0.0920625,0.907890625
824000,4.6875e-05,0.091625,0.908328125
825000,4.6875e-05,0.091796875,0.90815625
826000,4.6875e-05,0.09140625,0.908546875
827000,4.6875e-05,0.09103125,0.908921875
828000,4.6875e-05,0.090578125,0.909375
829000,4.6875e-05,0.09021875,0.909734375
830000,4.6875e-05,0.089953125,0.91
831000,4.6875e-05,0.08965625,0.910296875
832000,4.6875e-05,0.089640625,0.9103125
833000,4.6875e-05,0.089625,0.910328125
834000,4.6875e-05,0.089375,0.910578125
835000,4.6875e-05,0.089234375,0.91071875
836000,4.6875e-05,0.089078125,0.910875
837000,4.6875e-05,0.088921875,0.91103125
838000,4.6875e-05,0.08878125,0.911171875
839000,4.6875e-05,0.0886875,0.911265625
840000,4.6875e-05,0.088453125,0.9115
841000,4.6875e-05,0.087875,0.912078125
842000,4.6875e-05,0.087703125,0.91225
843000,4.6875e-05,0.087578125,0.912375
844000,4.6875e-05,0.0871875,0.912765625
845000,4.6875e-05,0.08653125,0.913421875
846000,4.6875e-05,0.0865,0.913453125
847000,4.6875e-05,0.086015625,0.9139375
848000,4.6875e-05,0.08571875,0.914234375
849000,4.6875e-05,0.085375,0.914578125
850000,4.6875e-05,0.085328125,0.914625
851000,4.6875e-05,0.0850625,0.914890625
852000,4.6875e-05,0.08490625,0.915046875
853000,4.6875e-05,0.08465625,0.915296875
854000,4.6875e-05,0.08471875,0.915234375
855000,4.6875e-05,0.0845625,0.915390625
856000,4.6875e-05,0.0843125,0.915640625
857000,4.6875e-05,0.083765625,0.9161875
858000,4.6875e-05,0.0835625,0.916390625
859000,4.6875e-05,0.0831875,0.916765625
860000,4.6875e-05,0.082984375,0.91696875
861000,4.6875e-05,0.08284375,0.917109375
862000,4.6875e-05,0.082765625,0.9171875
863000,4.6875e-05,0.082484375,0.91746875
864000,4.6875e-05,0.0821875,0.917765625
865000,4.6875e-05,0.0821875,0.917765625
866000,4.6875e-05,0.081984375,0.91796875
867000,4.6875e-05,0.0815625,0.918390625
868000,4.6875e-05,0.08134375,0.918609375
869000,4.6875e-05,0.0809375,0.919015625
870000,4.6875e-05,0.080421875,0.91953125
871000,4.6875e-05,0.08003125,0.919921875
872000,4.6875e-05,0.079828125,0.920125
873000,4.6875e-05,0.079296875,0.92065625
874000,4.6875e-05,0.078953125,0.921
875000,4.6875e-05,0.078703125,0.92125
876000,3.125e-05,0.078640625,0.921328125
877000,4.6875e-05,0.07809375,0.921859375
878000,4.6875e-05,0.077640625,0.9223125
879000,4.6875e-05,0.07746875,0.922484375
880000,4.6875e-05,0.07709375,0.922859375
881000,4.6875e-05,0.077,0.922953125
882000,4.6875e-05,0.07696875,0.922984375
883000,4.6875e-05,0.076734375,0.92321875
884000,4.6875e-05,0.076734375,0.92321875
885000,4.6875e-05,0.076421875,0.92353125
886000,4.6875e-05,0.076234375,0.92371875
887000,4.6875e-05,0.076078125,0.923875
888000,4.6875e-05,0.07584375,0.924109375
889000,4.6875e-05,0.07559375,0.924359375
890000,4.6875e-05,0.0753125,0.924640625
891000,4.6875e-05,0.07521875,0.924734375
892000,4.6875e-05,0.074859375,0.92509375
893000,4.6875e-05,0.074640625,0.9253125
894000,4.6875e-05,0.07465625,0.925296875
895000,4.6875e-05,0.07446875,0.925484375
896000,4.6875e-05,0.074140625,0.9258125
897000,4.6875e-05,0.07390625,0.926046875
898000,4.6875e-05,0.074046875,0.92590625
899000,4.6875e-05,0.07371875,0.926234375
900000,4.6875e-05,0.0735625,0.926390625
901000,3.125e-05,0.07303125,0.9269375
902000,3.125e-05,0.07265625,0.9273125
903000,3.125e-05,0.072484375,0.927484375
904000,3.125e-05,0.072375,0.92759375
905000,3.125e-05,0.07190625,0.9280625
906000,3.125e-05,0.071578125,0.928390625
907000,3.125e-05,0.07153125,0.9284375
908000,3.125e-05,0.071140625,0.928828125
909000,3.125e-05,0.071046875,0.928921875
910000,3.125e-05,0.070609375,0.929359375
911000,3.125e-05,0.070515625,0.929453125
912000,3.125e-05,0.070578125,0.929390625
913000,3.125e-05,0.070296875,0.929671875
914000,3.125e-05,0.070046875,0.929921875
915000,3.125e-05,0.069859375,0.930109375
916000,3.125e-05,0.069484375,0.930484375
917000,3.125e-05,0.069109375,0.930859375
918000,3.125e-05,0.068625,0.93134375
919000,3.125e-05,0.068375,0.93159375
920000,3.125e-05,0.0679375,0.93203125
921000,3.125e-05,0.06771875,0.93225
922000,3.125e-05,0.067578125,0.932390625
923000,3.125e-05,0.0674375,0.93253125
924000,3.125e-05,0.067515625,0.932453125
925000,3.125e-05,0.06715625,0.9328125
926000,3.125e-05,0.0669375,0.93303125
927000,3.125e-05,0.0669375,0.93303125
928000,3.125e-05,0.066859375,0.933109375
929000,3.125e-05,0.066703125,0.933265625
930000,3.125e-05,0.066328125,0.933640625
931000,3.125e-05,0.065859375,0.934109375
932000,3.125e-05,0.065484375,0.934484375
933000,3.125e-05,0.0654375,0.93453125
934000,3.125e-05,0.065328125,0.934640625
935000,3.125e-05,0.0653125,0.93465625
936000,3.125e-05,0.064875,0.93509375
937000,3.125e-05,0.0645,0.93546875
938000,3.125e-05,0.064109375,0.935859375
939000,3.125e-05,0.063890625,0.936078125
940000,3.125e-05,0.063625,0.93634375
941000,3.125e-05,0.0634375,0.93653125
942000,3.125e-05,0.063125,0.93684375
943000,3.125e-05,0.062859375,0.937109375
944000,3.125e-05,0.06259375,0.937375
945000,1.5625e-05,0.062296875,0.9376875
946000,1.5625e-05,0.061984375,0.938
947000,1.5625e-05,0.061953125,0.93803125
948000,1.5625e-05,0.0618125,0.938171875
949000,1.5625e-05,0.061484375,0.9385
950000,1.5625e-05,0.06134375,0.938640625
951000,1.5625e-05,0.06090625,0.939078125
952000,1.5625e-05,0.0606875,0.939296875
953000,1.5625e-05,0.0606875,0.939296875
954000,1.5625e-05,0.060734375,0.93925
955000,1.5625e-05,0.0608125,0.939171875
956000,1.5625e-05,0.060453125,0.93953125
957000,1.5625e-05,0.05971875,0.940265625
958000,1.5625e-05,0.05940625,0.940578125
959000,1.5625e-05,0.05925,0.940734375
960000,1.5625e-05,0.05909375,0.940890625
961000,1.5625e-05,0.0589375,0.941046875
962000,1.5625e-05,0.0588125,0.941171875
963000,1.5625e-05,0.05865625,0.941328125
964000,1.5625e-05,0.058515625,0.94146875
965000,1.5625e-05,0.058203125,0.94178125
966000,1.5625e-05,0.057828125,0.94215625
967000,1.5625e-05,0.057765625,0.94221875
968000,1.5625e-05,0.057515625,0.94246875
969000,1.5625e-05,0.057359375,0.942625
970000,1.5625e-05,0.056984375,0.943
971000,1.5625e-05,0.056859375,0.943125
972000,1.5625e-05,0.05659375,0.943390625
973000,1.5625e-05,0.056078125,0.94390625
974000,1.5625e-05,0.055828125,0.94415625
975000,1.5625e-05,0.055390625,0.94459375
976000,1.5625e-05,0.055140625,0.94484375
977000,1.5625e-05,0.0549375,0.945046875
978000,1.5625e-05,0.054484375,0.9455
979000,1.5625e-05,0.05409375,0.945890625
980000,1.5625e-05,0.05371875,0.946265625
981000,1.5625e-05,0.053640625,0.94634375
982000,1.5625e-05,0.053390625,0.94659375
983000,1.5625e-05,0.053296875,0.9466875
984000,1.5625e-05,0.053203125,0.94678125
985000,1.5625e-05,0.053171875,0.9468125
986000,1.5625e-05,0.05296875,0.947015625
987000,1.5625e-05,0.052828125,0.94715625
988000,1.5625e-05,0.052953125,0.94703125
989000,1.5625e-05,0.0528125,0.947171875
990000,1.5625e-05,0.052734375,0.94725
991000,1.5625e-05,0.052484375,0.9475
992000,1.5625e-05,0.052171875,0.9478125
993000,1.5625e-05,0.05196875,0.948015625
994000,1.5625e-05,0.05184375,0.948140625
995000,1.5625e-05,0.05171875,0.948265625
996000,1.5625e-05,0.051390625,0.94859375
997000,1.5625e-05,0.051203125,0.94878125
998000,1.5625e-05,0.051140625,0.94884375
999000,1.5625e-05,0.051125,0.948859375
