1000,0.328640625,0.337765625,0.33359375
2000,0.32725,0.33803125,0.33471875
3000,0.32628125,0.338328125,0.335390625
4000,0.32525,0.33875,0.336
5000,0.324015625,0.3393125,0.336671875
6000,0.32290625,0.339796875,0.337296875
7000,0.32171875,0.340578125,0.337703125
8000,0.319921875,0.341203125,0.338875
9000,0.31928125,0.34121875,0.3395
10000,0.318125,0.341375,0.3405
11000,0.316984375,0.34184375,0.341171875
12000,0.316046875,0.341953125,0.342
13000,0.314578125,0.34215625,0.343265625
14000,0.313390625,0.3424375,0.344171875
15000,0.31234375,0.34303125,0.344625
16000,0.31096875,0.343109375,0.345921875
17000,0.309625,0.343890625,0.346484375
18000,0.30859375,0.3443125,0.34709375
19000,0.30740625,0.345015625,0.347578125
20000,0.306671875,0.34484375,0.348484375
21000,0.305625,0.345375,0.349
22000,0.304265625,0.345640625,0.35009375
23000,0.303109375,0.34615625,0.350734375
24000,0.301625,0.346453125,0.351921875
25000,0.30028125,0.347046875,0.352671875
26000,0.2989375,0.3471875,0.353875
27000,0.297328125,0.348015625,0.35465625
28000,0.296515625,0.347984375,0.3555
29000,0.295140625,0.34865625,0.356203125
30000,0.293984375,0.348890625,0.357125
31000,0.292640625,0.34884375,0.358515625
32000,0.291484375,0.349109375,0.35940625
33000,0.28984375,0.34965625,0.3605
34000,0.288515625,0.350046875,0.3614375
35000,0.286984375,0.350609375,0.36240625
36000,0.28490625,0.351234375,0.363859375
37000,0.283109375,0.351453125,0.3654375
38000,0.282015625,0.351765625,0.36621875
39000,0.281046875,0.3514375,0.367515625
40000,0.280203125,0.351328125,0.36846875
41000,0.278578125,0.352171875,0.36925
42000,0.276734375,0.352609375,0.37065625
43000,0.27496875,0.35265625,0.372375
44000,0.2738125,0.352421875,0.373765625
45000,0.27171875,0.352828125,0.375453125
46000,0.27046875,0.352921875,0.376609375
47000,0.268796875,0.353375,0.377828125
48000,0.267328125,0.353515625,0.37915625
49000,0.26590625,0.353921875,0.380171875
50000,0.26496875,0.353984375,0.381046875
51000,0.263078125,0.354640625,0.38228125
52000,0.26125,0.355671875,0.383078125
53000,0.25965625,0.3556875,0.38465625
54000,0.25771875,0.356046875,0.386234375
55000,0.256734375,0.356328125,0.3869375
56000,0.25546875,0.356734375,0.387796875
57000,0.254828125,0.357046875,0.388125
58000,0.253390625,0.357796875,0.3888125
59000,0.25190625,0.358046875,0.390046875
60000,0.2503125,0.358125,0.3915625
61000,0.248859375,0.358421875,0.39271875
62000,0.247,0.359296875,0.393703125
63000,0.245890625,0.35934375,0.394765625
64000,0.244625,0.3591875,0.3961875
65000,0.243109375,0.359390625,0.3975
66000,0.24196875,0.36021875,0.3978125
67000,0.24065625,0.360515625,0.398828125
68000,0.239453125,0.360875,0.399671875
69000,0.23821875,0.360921875,0.400859375
70000,0.23715625,0.360765625,0.402078125
71000,0.2361875,0.361140625,0.402671875
72000,0.2349375,0.360875,0.4041875
73000,0.23328125,0.361109375,0.405609375
74000,0.2320625,0.360984375,0.406953125
75000,0.2306875,0.361734375,0.407578125
76000,0.2296875,0.3616875,0.408625
77000,0.228515625,0.361640625,0.40984375
78000,0.227328125,0.3618125,0.410859375
79000,0.2258125,0.3619375,0.41225
80000,0.224578125,0.36184375,0.413578125
81000,0.223046875,0.36184375,0.415109375
82000,0.22153125,0.36240625,0.4160625
83000,0.220171875,0.3625625,0.417265625
84000,0.218921875,0.3628125,0.418265625
85000,0.217734375,0.362515625,0.41975
86000,0.216703125,0.3625625,0.420734375
87000,0.2154375,0.362609375,0.421953125
88000,0.213890625,0.36296875,0.423140625
89000,0.212484375,0.36309375,0.424421875
90000,0.211734375,0.36259375,0.425671875
91000,0.210578125,0.3626875,0.426734375
92000,0.20921875,0.362890625,0.427890625
93000,0.20840625,0.36296875,0.428625
94000,0.20703125,0.363109375,0.429859375
95000,0.205921875,0.363421875,0.43065625
96000,0.20446875,0.363484375,0.432046875
97000,0.203265625,0.3636875,0.433046875
98000,0.2015,0.364375,0.434125
99000,0.2004375,0.364546875,0.435015625
100000,0.19871875,0.36475,0.43653125
101000,0.197171875,0.36503125,0.437796875
102000,0.19590625,0.365125,0.43896875
103000,0.194375,0.3651875,0.4404375
104000,0.193046875,0.36546875,0.441484375
105000,0.191984375,0.365765625,0.44225
106000,0.1908125,0.36546875,0.44371875
107000,0.18971875,0.365625,0.44465625
108000,0.18846875,0.365828125,0.445703125
109000,0.187453125,0.3658125,0.446734375
110000,0.18665625,0.366203125,0.447140625
111000,0.185328125,0.366265625,0.44840625
112000,0.183875,0.366921875,0.449203125
113000,0.18259375,0.36678125,0.450625
114000,0.181515625,0.367171875,0.4513125
115000,0.180578125,0.367234375,0.4521875
116000,0.17965625,0.367140625,0.453203125
117000,0.178296875,0.367453125,0.45425
118000,0.17715625,0.367484375,0.455359375
119000,0.17584375,0.36765625,0.4565
120000,0.1744375,0.367203125,0.458359375
121000,0.1733125,0.36746875,0.45921875
122000,0.172375,0.367625,0.46
123000,0.171109375,0.367515625,0.461375
124000,0.170046875,0.367765625,0.4621875
125000,0.168640625,0.3684375,0.462921875
126000,0.16728125,0.368984375,0.463734375
127000,0.165953125,0.3693125,0.464734375
128000,0.165234375,0.369421875,0.46534375
129000,0.16415625,0.369015625,0.466828125
130000,0.163015625,0.36946875,0.467515625
131000,0.16203125,0.3698125,0.46815625
132000,0.16059375,0.370234375,0.469171875
133000,0.159484375,0.37015625,0.470359375
134000,0.158203125,0.370421875,0.471375
135000,0.15725,0.370546875,0.472203125
136000,0.15628125,0.37084375,0.472875
137000,0.15521875,0.37078125,0.474
138000,0.15425,0.37025,0.4755
139000,0.153359375,0.369359375,0.47728125
140000,0.152375,0.369390625,0.478234375
141000,0.151359375,0.369046875,0.47959375
142000,0.15025,0.369453125,0.480296875
143000,0.14921875,0.369671875,0.481109375
144000,0.14834375,0.36978125,0.481875
145000,0.14765625,0.369546875,0.482796875
146000,0.146625,0.36925,0.484125
147000,0.1455,0.368625,0.485875
148000,0.144328125,0.36903125,0.486640625
149000,0.143390625,0.368703125,0.48790625
150000,0.142625,0.368484375,0.488890625
151000,0.14153125,0.368609375,0.489859375
152000,0.14009375,0.368625,0.49128125
153000,0.139125,0.368296875,0.492578125
154000,0.137875,0.368609375,0.493515625
155000,0.136734375,0.3686875,0.494578125
156000,0.135828125,0.3690625,0.495109375
157000,0.135140625,0.368640625,0.49621875
158000,0.1341875,0.368875,0.4969375
159000,0.133234375,0.369125,0.497640625
160000,0.132328125,0.369390625,0.49828125
161000,0.13128125,0.369421875,0.499296875
162000,0.13040625,0.3693125,0.50028125
163000,0.129296875,0.369265625,0.5014375
164000,0.12853125,0.368859375,0.502609375
165000,0.127953125,0.368765625,0.50328125
166000,0.126921875,0.368421875,0.50465625
167000,0.126234375,0.368328125,0.5054375
168000,0.125234375,0.3681875,0.506578125
169000,0.124328125,0.368328125,0.50734375
170000,0.12359375,0.36809375,0.5083125
171000,0.12309375,0.3675625,0.50934375
172000,0.1219375,0.368859375,0.509203125
173000,0.12090625,0.368640625,0.510453125
174000,0.12003125,0.36825,0.51171875
175000,0.11915625,0.368328125,0.512515625
176000,0.118015625,0.36840625,0.513578125
177000,0.117234375,0.36828125,0.514484375
178000,0.1166875,0.368546875,0.514765625
179000,0.116,0.368140625,0.515859375
180000,0.115078125,0.368109375,0.5168125
181000,0.11403125,0.368359375,0.517609375
182000,0.11303125,0.368609375,0.518359375
183000,0.112453125,0.3684375,0.519109375
184000,0.11178125,0.368046875,0.520171875
185000,0.110734375,0.368640625,0.520625
186000,0.109625,0.36896875,0.52140625
187000,0.108625,0.369171875,0.522203125
188000,0.107765625,0.369265625,0.52296875
189000,0.106796875,0.369078125,0.524125
190000,0.1060625,0.3690625,0.524875
191000,0.1053125,0.368890625,0.525796875
192000,0.10434375,0.369,0.52665625
193000,0.10340625,0.369125,0.52746875
194000,0.10234375,0.3694375,0.52821875
195000,0.101953125,0.369515625,0.52853125
196000,0.101296875,0.36928125,0.529421875
197000,0.100734375,0.370109375,0.52915625
198000,0.0998125,0.370125,0.5300625
199000,0.0986875,0.370203125,0.531109375
200000,0.098125,0.369671875,0.532203125
201000,0.097359375,0.36921875,0.533421875
202000,0.0966875,0.369109375,0.534203125
203000,0.096125,0.3695625,0.5343125
204000,0.09534375,0.36946875,0.5351875
205000,0.09446875,0.369328125,0.536203125
206000,0.0936875,0.369,0.5373125
207000,0.093078125,0.369078125,0.53784375
208000,0.09228125,0.3695625,0.53815625
209000,0.09159375,0.369609375,0.538796875
210000,0.09090625,0.369546875,0.539546875
211000,0.090359375,0.369140625,0.5405
212000,0.089578125,0.369171875,0.54125
213000,0.089171875,0.3693125,0.541515625
214000,0.088484375,0.368890625,0.542625
215000,0.08803125,0.3685,0.54346875
216000,0.087359375,0.36896875,0.543671875
217000,0.0866875,0.368359375,0.544953125
218000,0.085578125,0.36834375,0.546078125
219000,0.085046875,0.36840625,0.546546875
220000,0.08459375,0.3684375,0.54696875
221000,0.083921875,0.36803125,0.548046875
222000,0.083046875,0.368484375,0.54846875
223000,0.082296875,0.368203125,0.5495
224000,0.081828125,0.36796875,0.550203125
225000,0.081546875,0.367703125,0.55075
226000,0.080890625,0.367609375,0.5515
227000,0.080078125,0.36771875,0.552203125
228000,0.079734375,0.36721875,0.553046875
229000,0.078953125,0.36734375,0.553703125
230000,0.078375,0.367421875,0.554203125
231000,0.077671875,0.367234375,0.55509375
232000,0.076984375,0.367171875,0.55584375
233000,0.07646875,0.367515625,0.556015625
234000,0.075921875,0.3675,0.556578125
235000,0.0750625,0.367265625,0.557671875
236000,0.074796875,0.36725,0.557953125
237000,0.074359375,0.366984375,0.55865625
238000,0.073984375,0.36675,0.559265625
239000,0.0735,0.366953125,0.559546875
240000,0.07303125,0.366125,0.56084375
241000,0.072421875,0.36584375,0.561734375
242000,0.072,0.365609375,0.562390625
243000,0.0715625,0.365546875,0.562890625
244000,0.07084375,0.365296875,0.563859375
245000,0.070578125,0.3648125,0.564609375
246000,0.07028125,0.364484375,0.565234375
247000,0.07003125,0.364390625,0.565578125
248000,0.069359375,0.36440625,0.566234375
249000,0.06878125,0.363796875,0.567421875
250000,0.068359375,0.363234375,0.56840625
251000,0.067875,0.363328125,0.568796875
252000,0.06703125,0.363640625,0.569328125
253000,0.066484375,0.363828125,0.5696875
254000,0.066,0.363109375,0.570890625
255000,0.06546875,0.363125,0.57140625
256000,0.06465625,0.36284375,0.5725
257000,0.064046875,0.36259375,0.573359375
258000,0.063578125,0.362,0.574421875
259000,0.063171875,0.361671875,0.57515625
260000,0.06265625,0.361734375,0.575609375
261000,0.06221875,0.361953125,0.575828125
262000,0.0620625,0.361703125,0.576234375
263000,0.061734375,0.361546875,0.57671875
264000,0.06096875,0.361203125,0.577828125
265000,0.060640625,0.36115625,0.578203125
266000,0.060421875,0.36084375,0.578734375
267000,0.060078125,0.360546875,0.579375
268000,0.059640625,0.36053125,0.579828125
269000,0.05925,0.36071875,0.58003125
270000,0.058796875,0.360515625,0.5806875
271000,0.058453125,0.359828125,0.58171875
272000,0.057953125,0.359453125,0.58259375
273000,0.05740625,0.359734375,0.582859375
274000,0.056921875,0.35928125,0.583796875
275000,0.05646875,0.3594375,0.58409375
276000,0.0560625,0.359109375,0.584828125
277000,0.05553125,0.358984375,0.585484375
278000,0.055109375,0.358921875,0.58596875
279000,0.054515625,0.35853125,0.586953125
280000,0.05421875,0.358265625,0.587515625
281000,0.053703125,0.357828125,0.58846875
282000,0.053578125,0.35778125,0.588640625
283000,0.053140625,0.35784375,0.589015625
284000,0.0528125,0.357359375,0.589828125
285000,0.052296875,0.35659375,0.591109375
286000,0.051921875,0.3564375,0.591640625
287000,0.051578125,0.356234375,0.5921875
288000,0.05121875,0.355609375,0.593171875
289000,0.050765625,0.355703125,0.59353125
290000,0.05028125,0.35590625,0.5938125
291000,0.0499375,0.355453125,0.594609375
292000,0.049578125,0.35528125,0.595140625
293000,0.049109375,0.354875,0.596015625
294000,0.04878125,0.354515625,0.596703125
295000,0.04840625,0.35421875,0.597375
296000,0.048140625,0.353578125,0.59828125
297000,0.04784375,0.353578125,0.598578125
298000,0.04746875,0.35375,0.59878125
299000,0.047234375,0.353453125,0.5993125
300000,0.046921875,0.35353125,0.599546875
301000,0.04653125,0.35309375,0.600375
302000,0.0460625,0.3534375,0.6005
303000,0.045890625,0.353453125,0.60065625
304000,0.04565625,0.353,0.60134375
305000,0.045390625,0.35315625,0.601453125
306000,0.045203125,0.352609375,0.6021875
307000,0.04475,0.352640625,0.602609375
308000,0.0444375,0.352328125,0.603234375
309000,0.044140625,0.3523125,0.603546875
310000,0.04396875,0.351765625,0.604265625
311000,0.043359375,0.35190625,0.604734375
312000,0.043,0.351296875,0.605703125
313000,0.042484375,0.351140625,0.606375
314000,0.04215625,0.351515625,0.606328125
315000,0.04184375,0.351546875,0.606609375
316000,0.0415625,0.35071875,0.60771875
317000,0.04128125,0.35040625,0.6083125
318000,0.040859375,0.3499375,0.609203125
319000,0.040140625,0.350296875,0.6095625
320000,0.039734375,0.3500625,0.610203125
321000,0.03934375,0.34959375,0.6110625
322000,0.039046875,0.3495625,0.611390625
323000,0.038734375,0.349328125,0.6119375
324000,0.038421875,0.349125,0.612453125
325000,0.03834375,0.348875,0.61278125
326000,0.037875,0.348796875,0.613328125
327000,0.03759375,0.348359375,0.614046875
328000,0.03725,0.348671875,0.614078125
329000,0.0369375,0.34840625,0.61465625
330000,0.036484375,0.34784375,0.615671875
331000,0.03625,0.347125,0.616625
332000,0.035984375,0.34690625,0.617109375
333000,0.035703125,0.34665625,0.617640625
334000,0.035328125,0.34665625,0.618015625
335000,0.0350625,0.34634375,0.61859375
336000,0.03490625,0.34615625,0.6189375
337000,0.03453125,0.346203125,0.619265625
338000,0.0343125,0.346078125,0.619609375
339000,0.0339375,0.345796875,0.620265625
340000,0.033484375,0.345515625,0.621
341000,0.033203125,0.34521875,0.621578125
342000,0.0329375,0.34534375,0.62171875
343000,0.03259375,0.345125,0.62228125
344000,0.032515625,0.34546875,0.622015625
345000,0.032359375,0.345171875,0.62246875
346000,0.03215625,0.3445625,0.62328125
347000,0.0318125,0.344515625,0.623671875
348000,0.03153125,0.344203125,0.624265625
349000,0.03140625,0.343703125,0.624890625
350000,0.031171875,0.343640625,0.6251875
351000,0.0308125,0.3429375,0.62625
352000,0.030515625,0.342671875,0.6268125
353000,0.0301875,0.342234375,0.627578125
354000,0.0300625,0.34159375,0.62834375
355000,0.0296875,0.3416875,0.628625
356000,0.0294375,0.341546875,0.629015625
357000,0.029203125,0.340828125,0.62996875
358000,0.0290625,0.34028125,0.63065625
359000,0.0289375,0.34003125,0.63103125
360000,0.028734375,0.339703125,0.6315625
361000,0.028484375,0.339265625,0.63225
362000,0.028265625,0.338671875,0.6330625
363000,0.02815625,0.338546875,0.633296875
364000,0.027890625,0.337921875,0.6341875
365000,0.027640625,0.33753125,0.634828125
366000,0.02740625,0.33690625,0.6356875
367000,0.027234375,0.336890625,0.635875
368000,0.0269375,0.336796875,0.636265625
369000,0.026734375,0.3365625,0.636703125
370000,0.026328125,0.33671875,0.636953125
371000,0.02609375,0.3366875,0.63721875
372000,0.025921875,0.336484375,0.63759375
373000,0.02565625,0.3363125,0.63803125
374000,0.02546875,0.336046875,0.638484375
375000,0.025140625,0.336296875,0.6385625
376000,0.02515625,0.335734375,0.639109375
377000,0.02496875,0.33571875,0.6393125
378000,0.024625,0.335453125,0.639921875
379000,0.02453125,0.3354375,0.64003125
380000,0.024359375,0.335140625,0.6405
381000,0.024234375,0.334625,0.641140625
382000,0.02396875,0.33446875,0.6415625
383000,0.023765625,0.33459375,0.641640625
384000,0.023671875,0.334453125,0.641875
385000,0.023484375,0.334328125,0.6421875
386000,0.023375,0.333625,0.643
387000,0.023296875,0.3329375,0.643765625
388000,0.02321875,0.3325625,0.64421875
389000,0.0231875,0.33240625,0.64440625
390000,0.022984375,0.3320625,0.644953125
391000,0.022828125,0.33134375,0.645828125
392000,0.022765625,0.331046875,0.6461875
393000,0.022671875,0.330859375,0.64646875
394000,0.022453125,0.330515625,0.64703125
395000,0.02225,0.330015625,0.647734375
396000,0.022203125,0.3296875,0.648109375
397000,0.02203125,0.329484375,0.648484375
398000,0.021828125,0.3283125,0.649859375
399000,0.0215625,0.328296875,0.650140625
400000,0.021328125,0.327421875,0.65125
401000,0.021265625,0.3271875,0.651546875
402000,0.021046875,0.327,0.651953125
403000,0.02084375,0.326765625,0.652390625
404000,0.020625,0.326453125,0.652921875
405000,0.020421875,0.32584375,0.653734375
406000,0.020234375,0.325296875,0.65446875
407000,0.020046875,0.324609375,0.65534375
408000,0.01984375,0.324140625,0.656015625
409000,0.019765625,0.323765625,0.65646875
410000,0.019515625,0.323640625,0.65684375
411000,0.019421875,0.323359375,0.65721875
412000,0.019359375,0.32259375,0.658046875
413000,0.01940625,0.322,0.65859375
414000,0.019296875,0.321671875,0.65903125
415000,0.019109375,0.321453125,0.6594375
416000,0.019078125,0.321546875,0.659375
417000,0.01903125,0.32103125,0.6599375
418000,0.018953125,0.321125,0.659921875
419000,0.018875,0.321,0.660125
420000,0.018734375,0.32096875,0.660296875
421000,0.0186875,0.32059375,0.66071875
422000,0.018515625,0.320390625,0.66109375
423000,0.01840625,0.31940625,0.6621875
424000,0.01821875,0.319265625,0.662515625
425000,0.018140625,0.318984375,0.662875
426000,0.01803125,0.318609375,0.663359375
427000,0.017890625,0.318109375,0.664
428000,0.017828125,0.317328125,0.66484375
429000,0.01778125,0.31678125,0.6654375
430000,0.017515625,0.316078125,0.66640625
431000,0.017359375,0.3159375,0.666703125
432000,0.01725,0.3155,0.66725
433000,0.017140625,0.31496875,0.667890625
434000,0.017015625,0.314796875,0.6681875
435000,0.016859375,0.31453125,0.668609375
436000,0.016796875,0.3140625,0.669140625
437000,0.016609375,0.31353125,0.669859375
438000,0.0164375,0.313265625,0.670296875
439000,0.016296875,0.312203125,0.6715
440000,0.0160625,0.311671875,0.672265625
441000,0.015921875,0.31159375,0.672484375
442000,0.01584375,0.311046875,0.673109375
443000,0.01553125,0.31103125,0.6734375
444000,0.015515625,0.310734375,0.67375
445000,0.015359375,0.310484375,0.67415625
446000,0.015234375,0.30996875,0.674796875
447000,0.015046875,0.30975,0.675203125
448000,0.014953125,0.3094375,0.675609375
449000,0.014875,0.309375,0.67575
450000,0.014671875,0.3091875,0.676140625
451000,0.0144375,0.309125,0.6764375
452000,0.014296875,0.308375,0.677328125
453000,0.01415625,0.307625,0.67821875
454000,0.014140625,0.3074375,0.678421875
455000,0.01396875,0.30715625,0.678875
456000,0.01390625,0.306546875,0.679546875
457000,0.013875,0.3058125,0.6803125
458000,0.01390625,0.30503125,0.6810625
459000,0.01371875,0.304984375,0.681296875
460000,0.0135625,0.304234375,0.682203125
461000,0.013484375,0.30415625,0.682359375
462000,0.01340625,0.30365625,0.6829375
463000,0.013234375,0.3039375,0.682828125
464000,0.0130625,0.303078125,0.683859375
465000,0.01303125,0.303015625,0.683953125
466000,0.012953125,0.30240625,0.684640625
467000,0.012859375,0.301921875,0.68521875
468000,0.012875,0.301484375,0.685640625
469000,0.012765625,0.30134375,0.685890625
470000,0.012640625,0.301125,0.686234375
471000,0.0124375,0.3005,0.6870625
472000,0.012390625,0.300015625,0.68759375
473000,0.01228125,0.299484375,0.688234375
474000,0.0123125,0.299203125,0.688484375
475000,0.012234375,0.29903125,0.688734375
476000,0.012109375,0.29909375,0.688796875
477000,0.012046875,0.298859375,0.68909375
478000,0.011875,0.2985,0.689625
479000,0.011734375,0.298140625,0.690125
480000,0.0115625,0.29746875,0.69096875
481000,0.01146875,0.29703125,0.6915
482000,0.01140625,0.2969375,0.69165625
483000,0.01128125,0.296421875,0.692296875
484000,0.011140625,0.2964375,0.692421875
485000,0.011078125,0.295796875,0.693125
486000,0.010921875,0.2958125,0.693265625
487000,0.010828125,0.2950625,0.694109375
488000,0.010796875,0.29503125,0.694171875
489000,0.010875,0.294484375,0.694640625
490000,0.01084375,0.294421875,0.694734375
491000,0.01065625,0.293625,0.69571875
492000,0.01053125,0.293296875,0.696171875
493000,0.010390625,0.292515625,0.69709375
494000,0.01034375,0.29203125,0.697625
495000,0.010203125,0.2915,0.698296875
496000,0.01009375,0.290875,0.69903125
497000,0.00996875,0.29065625,0.699375
498000,0.0099375,0.290703125,0.699359375
499000,0.009984375,0.290125,0.699890625
500000,0.009890625,0.289890625,0.70021875
501000,0.009734375,0.289609375,0.70065625
502000,0.009609375,0.289734375,0.70065625
503000,0.00953125,0.289046875,0.701421875
504000,0.00946875,0.288375,0.70215625
505000,0.0094375,0.28803125,0.70253125
506000,0.0093125,0.287828125,0.702859375
507000,0.0093125,0.287234375,0.703453125
508000,0.009234375,0.286359375,0.70440625
509000,0.009203125,0.2855625,0.705234375
510000,0.009125,0.28546875,0.70540625
511000,0.009015625,0.284640625,0.70634375
512000,0.00890625,0.284671875,0.706421875
513000,0.008828125,0.284328125,0.70684375
514000,0.008734375,0.284203125,0.7070625
515000,0.008609375,0.283859375,0.70753125
516000,0.0085,0.28378125,0.70771875
517000,0.0084375,0.28328125,0.70828125
518000,0.00840625,0.28284375,0.70875
519000,0.00834375,0.2828125,0.70884375
520000,0.008328125,0.28225,0.709421875
521000,0.008359375,0.28221875,0.709421875
522000,0.008265625,0.28178125,0.709953125
523000,0.008203125,0.28171875,0.710078125
524000,0.008140625,0.281421875,0.7104375
525000,0.008078125,0.281125,0.710796875
526000,0.0080625,0.28090625,0.71103125
527000,0.008046875,0.280125,0.711828125
528000,0.008078125,0.279828125,0.71209375
529000,0.008015625,0.2795,0.712484375
530000,0.00796875,0.278984375,0.713046875
531000,0.007953125,0.2784375,0.713609375
532000,0.007890625,0.2778125,0.714296875
533000,0.00784375,0.277125,0.71503125
534000,0.007765625,0.2773125,0.714921875
535000,0.00765625,0.277203125,0.715140625
536000,0.00759375,0.2769375,0.71546875
537000,0.007421875,0.276484375,0.71609375
538000,0.00728125,0.276328125,0.716390625
539000,0.0071875,0.27621875,0.71659375
540000,0.007078125,0.27571875,0.717203125
541000,0.0070625,0.275390625,0.717546875
542000,0.006984375,0.27484375,0.718171875
543000,0.00690625,0.275078125,0.718015625
544000,0.00684375,0.274859375,0.718296875
545000,0.006796875,0.273734375,0.71946875
546000,0.00671875,0.273375,0.71990625
547000,0.006625,0.27265625,0.72071875
548000,0.006625,0.272,0.721375
549000,0.006609375,0.27165625,0.721734375
550000,0.0065625,0.27125,0.7221875
551000,0.006515625,0.270828125,0.72265625
552000,0.006421875,0.270546875,0.72303125
553000,0.006375,0.2705,0.723125
554000,0.006328125,0.27021875,0.723453125
555000,0.006375,0.26984375,0.72378125
556000,0.0063125,0.26925,0.7244375
557000,0.00625,0.269109375,0.724640625
558000,0.00625,0.268765625,0.724984375
559000,0.00621875,0.26803125,0.72575
560000,0.00621875,0.267359375,0.726421875
561000,0.006109375,0.267328125,0.7265625
562000,0.0060625,0.26721875,0.72671875
563000,0.006,0.26734375,0.72665625
564000,0.0059375,0.266796875,0.727265625
565000,0.005953125,0.2664375,0.727609375
566000,0.005828125,0.265734375,0.7284375
567000,0.005734375,0.265171875,0.72909375
568000,0.0056875,0.2646875,0.729625
569000,0.005640625,0.264578125,0.72978125
570000,0.005609375,0.263921875,0.73046875
571000,0.005515625,0.2638125,0.730671875
572000,0.005515625,0.263265625,0.73121875
573000,0.005421875,0.263,0.731578125
574000,0.005375,0.262671875,0.731953125
575000,0.0053125,0.26209375,0.73259375
576000,0.005265625,0.261328125,0.73340625
577000,0.0051875,0.2605,0.7343125
578000,0.005125,0.260421875,0.734453125
579000,0.005109375,0.26053125,0.734359375
580000,0.005125,0.260328125,0.734546875
581000,0.005078125,0.25978125,0.735140625
582000,0.005046875,0.25971875,0.735234375
583000,0.004953125,0.259453125,0.73559375
584000,0.004890625,0.258984375,0.736125
585000,0.00484375,0.2580625,0.73709375
586000,0.004796875,0.257890625,0.7373125
587000,0.00465625,0.25771875,0.737625
588000,0.004640625,0.257234375,0.738125
589000,0.00459375,0.257046875,0.738359375
590000,0.004546875,0.256234375,0.73921875
591000,0.004546875,0.256171875,0.73928125
592000,0.0045,0.256046875,0.739453125
593000,0.0044375,0.255734375,0.739828125
594000,0.0044375,0.255515625,0.740046875
595000,0.00440625,0.255265625,0.740328125
596000,0.00434375,0.254609375,0.741046875
597000,0.00425,0.253515625,0.742234375
598000,0.004203125,0.253140625,0.74265625
599000,0.00415625,0.2530625,0.74278125
600000,0.00415625,0.252546875,0.743296875
601000,0.004125,0.252453125,0.743421875
602000,0.004078125,0.251859375,0.7440625
603000,0.004,0.251625,0.744375
604000,0.004,0.250921875,0.745078125
605000,0.0039375,0.250203125,0.745859375
606000,0.003890625,0.249859375,0.74625
607000,0.003875,0.249671875,0.746453125
608000,0.003859375,0.2495,0.746640625
609000,0.00378125,0.248984375,0.747234375
610000,0.00378125,0.248421875,0.747796875
611000,0.00375,0.248203125,0.748046875
612000,0.003703125,0.248,0.748296875
613000,0.00365625,0.247609375,0.748734375
614000,0.00359375,0.247265625,0.749140625
615000,0.00353125,0.24678125,0.7496875
616000,0.0035,0.246640625,0.749859375
617000,0.003453125,0.24634375,0.750203125
618000,0.0034375,0.246015625,0.750546875
619000,0.00340625,0.245859375,0.750734375
620000,0.00340625,0.245734375,0.750859375
621000,0.003375,0.245515625,0.751109375
622000,0.00334375,0.24515625,0.7515
623000,0.00334375,0.244671875,0.751984375
624000,0.00328125,0.2444375,0.75228125
625000,0.00328125,0.244,0.75271875
626000,0.0031875,0.243703125,0.753109375
627000,0.00321875,0.24271875,0.7540625
628000,0.003203125,0.242609375,0.7541875
629000,0.00315625,0.241765625,0.755078125
630000,0.00315625,0.2411875,0.75565625
631000,0.003140625,0.240734375,0.756125
632000,0.003109375,0.240703125,0.7561875
633000,0.003125,0.240125,0.75675
634000,0.003078125,0.23990625,0.757015625
635000,0.00309375,0.23946875,0.7574375
636000,0.0030625,0.23934375,0.75759375
637000,0.0030625,0.238953125,0.757984375
638000,0.00303125,0.2385,0.75846875
639000,0.003,0.238171875,0.758828125
640000,0.003,0.2378125,0.7591875
641000,0.002953125,0.237546875,0.7595
642000,0.002921875,0.2375,0.759578125
643000,0.002890625,0.237484375,0.759625
644000,0.002828125,0.237109375,0.7600625
645000,0.00278125,0.2364375,0.76078125
646000,0.00271875,0.23625,0.76103125
647000,0.002671875,0.236078125,0.76125
648000,0.00265625,0.23578125,0.7615625
649000,0.002640625,0.2350625,0.762296875
650000,0.002609375,0.2346875,0.762703125
651000,0.00259375,0.234671875,0.762734375
652000,0.00259375,0.23440625,0.763
653000,0.0025625,0.234328125,0.763109375
654000,0.002546875,0.233625,0.763828125
655000,0.002546875,0.232953125,0.7645
656000,0.0025,0.233,0.7645
657000,0.0025,0.23234375,0.76515625
658000,0.002484375,0.2324375,0.765078125
659000,0.0024375,0.232453125,0.765109375
660000,0.002453125,0.23225,0.765296875
661000,0.002421875,0.23190625,0.765671875
662000,0.002421875,0.23175,0.765828125
663000,0.00240625,0.2316875,0.76590625
664000,0.00240625,0.2313125,0.76628125
665000,0.002359375,0.230984375,0.76665625
666000,0.0023125,0.230734375,0.766953125
667000,0.002328125,0.23034375,0.767328125
668000,0.00228125,0.229984375,0.767734375
669000,0.00221875,0.229671875,0.768109375
670000,0.0021875,0.229046875,0.768765625
671000,0.00215625,0.228828125,0.769015625
672000,0.00215625,0.22809375,0.76975
673000,0.002140625,0.227390625,0.77046875
674000,0.002140625,0.227015625,0.77084375
675000,0.002125,0.22690625,0.77096875
676000,0.002109375,0.226890625,0.771
677000,0.0020625,0.226609375,0.771328125
678000,0.002046875,0.226203125,0.77175
679000,0.00196875,0.226125,0.77190625
680000,0.001984375,0.225421875,0.77259375
681000,0.001953125,0.225078125,0.77296875
682000,0.00196875,0.22446875,0.7735625
683000,0.001953125,0.224125,0.773921875
684000,0.001953125,0.223890625,0.77415625
685000,0.00196875,0.223421875,0.774609375
686000,0.001953125,0.22328125,0.774765625
687000,0.00190625,0.223,0.77509375
688000,0.001875,0.222375,0.77575
689000,0.001859375,0.222078125,0.7760625
690000,0.001859375,0.22203125,0.776109375
691000,0.001796875,0.222078125,0.776125
692000,0.001796875,0.221546875,0.77665625
693000,0.001796875,0.220640625,0.7775625
694000,0.001765625,0.2195,0.778734375
695000,0.00178125,0.21915625,0.7790625
696000,0.00178125,0.218546875,0.779671875
697000,0.00178125,0.217984375,0.780234375
698000,0.00171875,0.21765625,0.780625
699000,0.00165625,0.216953125,0.781390625
700000,0.00165625,0.216671875,0.781671875
701000,0.001640625,0.21640625,0.781953125
702000,0.001640625,0.21634375,0.782015625
703000,0.001640625,0.216359375,0.782
704000,0.00165625,0.215875,0.78246875
705000,0.001640625,0.21521875,0.783140625
706000,0.001640625,0.214484375,0.783875
707000,0.001625,0.2135,0.784875
708000,0.001625,0.212921875,0.785453125
709000,0.001625,0.212140625,0.786234375
710000,0.001625,0.211984375,0.786390625
711000,0.00159375,0.211796875,0.786609375
712000,0.001609375,0.21121875,0.787171875
713000,0.001578125,0.210828125,0.78759375
714000,0.00159375,0.210109375,0.788296875
715000,0.00159375,0.209734375,0.788671875
716000,0.001515625,0.209203125,0.78928125
717000,0.0015,0.2086875,0.7898125
718000,0.001484375,0.208375,0.790140625
719000,0.0015,0.20771875,0.79078125
720000,0.001453125,0.2070625,0.791484375
721000,0.001421875,0.207171875,0.79140625
722000,0.001390625,0.20671875,0.791890625
723000,0.00140625,0.20621875,0.792375
724000,0.00140625,0.2060625,0.79253125
725000,0.001390625,0.20625,0.792359375
726000,0.001375,0.20559375,0.79303125
727000,0.001375,0.205296875,0.793328125
728000,0.001390625,0.204703125,0.79390625
729000,0.001390625,0.204390625,0.79421875
730000,0.001375,0.203890625,0.794734375
731000,0.00134375,0.203546875,0.795109375
732000,0.0013125,0.2030625,0.795625
733000,0.001296875,0.202515625,0.7961875
734000,0.001296875,0.202515625,0.7961875
735000,0.00128125,0.201734375,0.796984375
736000,0.00128125,0.201375,0.79734375
737000,0.001265625,0.20140625,0.797328125
738000,0.00128125,0.200765625,0.797953125
739000,0.0013125,0.2004375,0.79825
740000,0.0013125,0.199984375,0.798703125
741000,0.0013125,0.199890625,0.798796875
742000,0.001296875,0.199953125,0.79875
743000,0.00128125,0.199546875,0.799171875
744000,0.001265625,0.199421875,0.7993125
745000,0.00125,0.1993125,0.7994375
746000,0.00121875,0.198640625,0.800140625
747000,0.001171875,0.198421875,0.80040625
748000,0.00115625,0.19803125,0.8008125
749000,0.001140625,0.197703125,0.80115625
750000,0.001140625,0.19740625,0.801453125
751000,0.00109375,0.19703125,0.801875
752000,0.001078125,0.19671875,0.802203125
753000,0.0010625,0.1965625,0.802375
754000,0.001078125,0.196171875,0.80275
755000,0.001046875,0.19603125,0.802921875
756000,0.001046875,0.19534375,0.803609375
757000,0.001046875,0.195109375,0.80384375
758000,0.001015625,0.194828125,0.80415625
759000,0.000984375,0.19428125,0.804734375
760000,0.000953125,0.194046875,0.805
761000,0.0009375,0.193796875,0.805265625
762000,0.0009375,0.1934375,0.805625
763000,0.00090625,0.19334375,0.80575
764000,0.000875,0.193015625,0.806109375
765000,0.000875,0.192359375,0.806765625
766000,0.000875,0.191796875,0.807328125
767000,0.000875,0.191203125,0.807921875
768000,0.000828125,0.191265625,0.80790625
769000,0.000828125,0.190921875,0.80825
770000,0.0008125,0.19071875,0.80846875
771000,0.000828125,0.190671875,0.8085
772000,0.000796875,0.190359375,0.80884375
773000,0.000796875,0.1900625,0.809140625
774000,0.000796875,0.189984375,0.80921875
775000,0.000796875,0.1896875,0.809515625
776000,0.000796875,0.18896875,0.810234375
777000,0.000765625,0.1893125,0.809921875
778000,0.00078125,0.188765625,0.810453125
779000,0.000765625,0.1885,0.810734375
780000,0.00075,0.18834375,0.81090625
781000,0.00075,0.18784375,0.81140625
782000,0.000734375,0.18725,0.812015625
783000,0.00071875,0.187015625,0.812265625
784000,0.00071875,0.186328125,0.812953125
785000,0.000703125,0.186234375,0.8130625
786000,0.0006875,0.1861875,0.813125
787000,0.0006875,0.18578125,0.81353125
788000,0.00065625,0.18525,0.81409375
789000,0.000640625,0.185203125,0.81415625
790000,0.000640625,0.18459375,0.814765625
791000,0.000640625,0.184078125,0.81528125
792000,0.000640625,0.183359375,0.816
793000,0.000625,0.18303125,0.81634375
794000,0.000625,0.182734375,0.816640625
795000,0.000625,0.182515625,0.816859375
796000,0.000625,0.181875,0.8175
797000,0.000625,0.181828125,0.817546875
798000,0.00059375,0.181203125,0.818203125
799000,0.00059375,0.18134375,0.8180625
800000,0.000609375,0.180296875,0.81909375
801000,0.000609375,0.18009375,0.819296875
802000,0.0005625,0.1795,0.8199375
803000,0.00053125,0.17946875,0.82
804000,0.00053125,0.179109375,0.820359375
805000,0.00053125,0.17878125,0.8206875
806000,0.00053125,0.17865625,0.8208125
807000,0.00053125,0.17821875,0.82125
808000,0.000515625,0.177625,0.821859375
809000,0.000515625,0.1775,0.821984375
810000,0.0005,0.177171875,0.822328125
811000,0.000515625,0.17703125,0.822453125
812000,0.0005,0.17646875,0.82303125
813000,0.0005,0.176265625,0.823234375
814000,0.0005,0.175796875,0.823703125
815000,0.0005,0.175625,0.823875
816000,0.0005,0.17509375,0.82440625
817000,0.0005,0.174984375,0.824515625
818000,0.000484375,0.174671875,0.82484375
819000,0.000484375,0.1744375,0.825078125
820000,0.00046875,0.174109375,0.825421875
821000,0.00046875,0.17390625,0.825625
822000,0.000484375,0.173734375,0.82578125
823000,0.000484375,0.17303125,0.826484375
824000,0.00046875,0.1726875,0.82684375
825000,0.00046875,0.171984375,0.827546875
826000,0.00046875,0.17171875,0.8278125
827000,0.0004375,0.171421875,0.828140625
828000,0.0004375,0.171109375,0.828453125
829000,0.000421875,0.17046875,0.829109375
830000,0.000421875,0.170359375,0.82921875
831000,0.000421875,0.169921875,0.82965625
832000,0.000421875,0.169734375,0.82984375
833000,0.0004375,0.169296875,0.830265625
834000,0.0004375,0.16884375,0.83071875
835000,0.00040625,0.16846875,0.831125
836000,0.00040625,0.1680625,0.83153125
837000,0.00040625,0.167359375,0.832234375
838000,0.00040625,0.166984375,0.832609375
839000,0.000390625,0.166921875,0.8326875
840000,0.000375,0.16665625,0.83296875
841000,0.000375,0.166375,0.83325
842000,0.00034375,0.165796875,0.833859375
843000,0.000328125,0.165734375,0.8339375
844000,0.000328125,0.165453125,0.83421875
845000,0.000328125,0.1649375,0.834734375
846000,0.0003125,0.164453125,0.835234375
847000,0.0003125,0.1640625,0.835625
848000,0.000328125,0.163640625,0.83603125
849000,0.00034375,0.16321875,0.8364375
850000,0.00034375,0.162734375,0.836921875
851000,0.00034375,0.162578125,0.837078125
852000,0.000390625,0.16221875,0.837390625
853000,0.000375,0.161890625,0.837734375
854000,0.000375,0.161515625,0.838109375
855000,0.000359375,0.1614375,0.838203125
856000,0.00034375,0.161140625,0.838515625
857000,0.000328125,0.16121875,0.838453125
858000,0.0003125,0.160953125,0.838734375
859000,0.0003125,0.160484375,0.839203125
860000,0.0003125,0.160015625,0.839671875
861000,0.0003125,0.159578125,0.840109375
862000,0.000296875,0.159703125,0.84
863000,0.00025,0.15903125,0.84071875
864000,0.00025,0.158703125,0.841046875
865000,0.00025,0.158,0.84175
866000,0.00025,0.158,0.84175
867000,0.00025,0.157671875,0.842078125
868000,0.00025,0.1575,0.84225
869000,0.00025,0.15665625,0.84309375
870000,0.00025,0.156296875,0.843453125
871000,0.000234375,0.15578125,0.843984375
872000,0.00021875,0.155328125,0.844453125
873000,0.000234375,0.155140625,0.844625
874000,0.000234375,0.155109375,0.84465625
875000,0.000234375,0.15446875,0.845296875
876000,0.000234375,0.1540625,0.845703125
877000,0.00021875,0.15375,0.84603125
878000,0.000203125,0.15346875,0.846328125
879000,0.000203125,0.153015625,0.84678125
880000,0.000203125,0.1526875,0.847109375
881000,0.0001875,0.15209375,0.84771875
882000,0.000203125,0.151421875,0.848375
883000,0.000203125,0.151328125,0.84846875
884000,0.000203125,0.15090625,0.848890625
885000,0.0001875,0.150390625,0.849421875
886000,0.0001875,0.1499375,0.849875
887000,0.0001875,0.14946875,0.85034375
888000,0.0001875,0.149359375,0.850453125
889000,0.0001875,0.1489375,0.850875
890000,0.0001875,0.148796875,0.851015625
891000,0.0001875,0.1486875,0.851125
892000,0.0001875,0.1483125,0.8515
893000,0.000171875,0.147765625,0.8520625
894000,0.000171875,0.14728125,0.852546875
895000,0.000171875,0.146625,0.853203125
896000,0.000171875,0.146234375,0.85359375
897000,0.0001875,0.1455,0.8543125
898000,0.0001875,0.144921875,0.854890625
899000,0.0001875,0.14496875,0.85484375
900000,0.0001875,0.144828125,0.854984375
901000,0.0001875,0.1441875,0.855625
902000,0.0001875,0.14365625,0.85615625
903000,0.0001875,0.14296875,0.85684375
904000,0.0001875,0.142578125,0.857234375
905000,0.0001875,0.142109375,0.857703125
906000,0.000203125,0.1423125,0.857484375
907000,0.0001875,0.141984375,0.857828125
908000,0.0001875,0.141609375,0.858203125
909000,0.0001875,0.141546875,0.858265625
910000,0.0001875,0.141171875,0.858640625
911000,0.0001875,0.14096875,0.85884375
912000,0.0001875,0.14075,0.8590625
913000,0.0001875,0.14034375,0.85946875
914000,0.000171875,0.13996875,0.859859375
915000,0.000171875,0.139390625,0.8604375
916000,0.00015625,0.139109375,0.860734375
917000,0.000140625,0.13853125,0.861328125
918000,0.00015625,0.1378125,0.86203125
919000,0.00015625,0.137515625,0.862328125
920000,0.00015625,0.137265625,0.862578125
921000,0.00015625,0.1366875,0.86315625
922000,0.000140625,0.13621875,0.863640625
923000,0.000140625,0.1359375,0.863921875
924000,0.000125,0.135109375,0.864765625
925000,0.000125,0.13484375,0.86503125
926000,0.000109375,0.1345,0.865390625
927000,0.000109375,0.13359375,0.866296875
928000,0.000109375,0.133109375,0.86678125
929000,0.000109375,0.132734375,0.86715625
930000,0.000109375,0.132421875,0.86746875
931000,0.000109375,0.132,0.867890625
932000,0.000109375,0.131453125,0.8684375
933000,0.000109375,0.131125,0.868765625
934000,0.000125,0.130765625,0.869109375
935000,0.000125,0.130640625,0.869234375
936000,0.000109375,0.13015625,0.869734375
937000,0.000109375,0.129859375,0.87003125
938000,0.000109375,0.130125,0.869765625
939000,0.000109375,0.129671875,0.87021875
940000,0.000109375,0.129046875,0.87084375
941000,0.000109375,0.12865625,0.871234375
942000,0.000109375,0.12846875,0.871421875
943000,0.000109375,0.12809375,0.871796875
944000,0.000109375,0.12775,0.872140625
945000,0.000109375,0.12725,0.872640625
946000,0.000109375,0.127078125,0.8728125
947000,0.000109375,0.12671875,0.873171875
948000,0.000109375,0.12665625,0.873234375
949000,0.000109375,0.12653125,0.873359375
950000,0.000109375,0.1265625,0.873328125
951000,0.000109375,0.126421875,0.87346875
952000,0.000109375,0.125953125,0.8739375
953000,0.000109375,0.125875,0.874015625
954000,0.000109375,0.1255625,0.874328125
955000,0.000109375,0.12484375,0.875046875
956000,0.000109375,0.1245625,0.875328125
957000,0.000109375,0.12421875,0.875671875
958000,0.000109375,0.123984375,0.87590625
959000,0.000109375,0.123703125,0.8761875
960000,0.000109375,0.12325,0.876640625
961000,0.000109375,0.123,0.876890625
962000,0.000109375,0.122671875,0.87721875
963000,0.000109375,0.122296875,0.87759375
964000,0.000109375,0.12184375,0.878046875
965000,0.000109375,0.121640625,0.87825
966000,0.000109375,0.121390625,0.8785
967000,9.375e-05,0.12115625,0.87875
968000,9.375e-05,0.1208125,0.87909375
969000,9.375e-05,0.120484375,0.879421875
970000,9.375e-05,0.1196875,0.88021875
971000,9.375e-05,0.119359375,0.880546875
972000,9.375e-05,0.119046875,0.880859375
973000,9.375e-05,0.119109375,0.880796875
974000,9.375e-05,0.118953125,0.880953125
975000,9.375e-05,0.118703125,0.881203125
976000,9.375e-05,0.11834375,0.8815625
977000,9.375e-05,0.118078125,0.881828125
978000,9.375e-05,0.11790625,0.882
979000,9.375e-05,0.11775,0.88215625
980000,9.375e-05,0.11753125,0.882375
981000,9.375e-05,0.11728125,0.882625
982000,9.375e-05,0.117515625,0.882390625
983000,7.8125e-05,0.117203125,0.88271875
984000,7.8125e-05,0.11684375,0.883078125
985000,7.8125e-05,0.11628125,0.883640625
986000,7.8125e-05,0.115921875,0.884
987000,7.8125e-05,0.115703125,0.88421875
988000,6.25e-05,0.115484375,0.884453125
989000,7.8125e-05,0.11534375,0.884578125
990000,6.25e-05,0.114875,0.8850625
991000,6.25e-05,0.114359375,0.885578125
992000,6.25e-05,0.114203125,0.885734375
993000,6.25e-05,0.11396875,0.88596875
994000,6.25e-05,0.113734375,0.886203125
995000,6.25e-05,0.1135,0.8864375
996000,6.25e-05,0.11340625,0.88653125
997000,6.25e-05,0.113078125,0.886859375
998000,6.25e-05,0.112578125,0.887359375
999000,6.25e-05,0.1121875,0.88775
1000000,6.25e-05,0.1119375,0.888
1001000,6.25e-05,0.111859375,0.888078125
1002000,4.6875e-05,0.111546875,0.88840625
