1000,0.333034666667,0.333684148148,0.333281185185,0.325328707085
2000,0.333411555556,0.333444740741,0.333143703704,0.324872169467
3000,0.333807407407,0.333300148148,0.332892444444,0.324872169467
4000,0.334108444444,0.333179259259,0.332712296296,0.324050401753
5000,0.334603851852,0.332920888889,0.332475259259,0.324233016801
6000,0.334902518519,0.332871111111,0.33222637037,0.323228634039
7000,0.335343407407,0.332783407407,0.331873185185,0.323046018992
8000,0.335755851852,0.332586666667,0.331657481481,0.323776479182
9000,0.336132740741,0.332382814815,0.331484444444,0.323593864134
10000,0.336559407407,0.332143407407,0.331297185185,0.323867786706
11000,0.336886518519,0.331925333333,0.331188148148,0.324233016801
12000,0.337296592593,0.331655111111,0.331048296296,0.324506939372
13000,0.337678222222,0.331406222222,0.330915555556,0.324141709277
14000,0.33804562963,0.331192888889,0.330761481481,0.324233016801
15000,0.338488888889,0.330929777778,0.330581333333,0.324141709277
16000,0.338858666667,0.330844444444,0.330296888889,0.323593864134
17000,0.339235555556,0.330661925926,0.330102518519,0.324689554419
18000,0.339612444444,0.330496,0.329891555556,0.325146092038
19000,0.340022518519,0.330261333333,0.329716148148,0.325237399562
20000,0.340404148148,0.330062222222,0.32953362963,0.325785244704
21000,0.340726518519,0.329972148148,0.329301333333,0.326059167275
22000,0.341169777778,0.329671111111,0.329159111111,0.326150474799
23000,0.341463703704,0.329536,0.329000296296,0.326333089847
24000,0.341688888889,0.329460148148,0.328850962963,0.326241782323
25000,0.342058666667,0.329301333333,0.32864,0.325511322133
26000,0.342388148148,0.329121185185,0.328490666667,0.325967859752
27000,0.342743703704,0.328926814815,0.328329481481,0.325967859752
28000,0.343044740741,0.328832,0.328123259259,0.326333089847
29000,0.343488,0.328597333333,0.327914666667,0.326333089847
30000,0.343902814815,0.328405333333,0.327691851852,0.326698319942
31000,0.344265481481,0.328123259259,0.327611259259,0.326789627465
32000,0.344625777778,0.327917037037,0.327457185185,0.327794010226
33000,0.344981333333,0.327777185185,0.327241481481,0.327246165084
34000,0.345379555556,0.327542518519,0.327077925926,0.327063550037
35000,0.345728,0.327407407407,0.326864592593,0.326972242513
36000,0.346126222222,0.327236740741,0.326637037037,0.326150474799
37000,0.346417777778,0.327111111111,0.326471111111,0.325602629657
38000,0.346761481481,0.326980740741,0.326257777778,0.326333089847
39000,0.347034074074,0.326848,0.326117925926,0.32642439737
40000,0.34733037037,0.326696296296,0.325973333333,0.325967859752
41000,0.347730962963,0.326492444444,0.325776592593,0.326241782323
42000,0.348096,0.326283851852,0.325620148148,0.326241782323
43000,0.348491851852,0.326139259259,0.325368888889,0.326515704894
44000,0.34873837037,0.325985185185,0.325276444444,0.326698319942
45000,0.349093925926,0.325795555556,0.325110518519,0.326698319942
46000,0.349402074074,0.325582222222,0.325015703704,0.326333089847
47000,0.349857185185,0.325361777778,0.324781037037,0.326241782323
48000,0.350222222222,0.325169777778,0.324608,0.326972242513
49000,0.350482962963,0.325065481481,0.324451555556,0.326150474799
50000,0.350857481481,0.324868740741,0.324273777778,0.325967859752
51000,0.351227259259,0.324714666667,0.324058074074,0.325602629657
52000,0.351561481481,0.324574814815,0.323863703704,0.325420014609
53000,0.351824592593,0.32448237037,0.323693037037,0.325420014609
54000,0.352279703704,0.324269037037,0.323451259259,0.325420014609
55000,0.352606814815,0.324129185185,0.323264,0.324963476991
56000,0.352853333333,0.324005925926,0.323140740741,0.324780861943
57000,0.353220740741,0.323771259259,0.323008,0.32569393718
58000,0.353531259259,0.32364562963,0.322823111111,0.325420014609
59000,0.353948444444,0.323434666667,0.322616888889,0.325420014609
60000,0.354280296296,0.323204740741,0.322514962963,0.324963476991
61000,0.354609777778,0.323053037037,0.322337185185,0.324598246896
62000,0.355022222222,0.32288237037,0.322095407407,0.324598246896
63000,0.355444148148,0.322640592593,0.321915259259,0.324689554419
64000,0.355771259259,0.322524444444,0.321704296296,0.324506939372
65000,0.356148148148,0.322344296296,0.321507555556,0.325237399562
66000,0.35654162963,0.322218666667,0.321239703704,0.325967859752
67000,0.356906666667,0.322017185185,0.321076148148,0.326515704894
68000,0.357271703704,0.321803851852,0.320924444444,0.326880934989
69000,0.357568,0.321709037037,0.320722962963,0.327246165084
70000,0.357935407407,0.321507555556,0.320557037037,0.327520087655
71000,0.358286222222,0.321360592593,0.320353185185,0.327702702703
72000,0.358689185185,0.321199407407,0.320111407407,0.328159240321
73000,0.358952296296,0.321064296296,0.319983407407,0.328889700511
74000,0.35929837037,0.320855703704,0.319845925926,0.32861577794
75000,0.359542518519,0.320670814815,0.319786666667,0.328798392988
76000,0.35986962963,0.320497777778,0.319632592593,0.328250547845
77000,0.36025837037,0.320251259259,0.31949037037,0.328341855369
78000,0.360649481481,0.319978666667,0.319371851852,0.327976625274
79000,0.360848592593,0.319853037037,0.31929837037,0.327794010226
80000,0.361237333333,0.319651555556,0.319111111111,0.328433162893
81000,0.361564444444,0.319502222222,0.318933333333,0.327611395179
82000,0.36192237037,0.319312592593,0.318765037037,0.327520087655
83000,0.362275555556,0.319066074074,0.31865837037,0.327063550037
84000,0.362600296296,0.318876444444,0.318523259259,0.327428780131
85000,0.362955851852,0.318738962963,0.318305185185,0.327794010226
86000,0.363297185185,0.31853037037,0.318172444444,0.328707085464
87000,0.363629037037,0.318352592593,0.31801837037,0.329072315559
88000,0.364046222222,0.318174814815,0.317778962963,0.328889700511
89000,0.364387555556,0.317982814815,0.31762962963,0.329254930606
90000,0.364672,0.317816888889,0.317511111111,0.328798392988
91000,0.365077333333,0.317643851852,0.317278814815,0.328524470416
92000,0.365504,0.317485037037,0.317010962963,0.32934623813
93000,0.365861925926,0.317316740741,0.316821333333,0.329620160701
94000,0.366158222222,0.317210074074,0.316631703704,0.329072315559
95000,0.366618074074,0.317022814815,0.316359111111,0.329254930606
96000,0.366980740741,0.316833185185,0.316186074074,0.329437545654
97000,0.367324444444,0.316619851852,0.316055703704,0.33080715851
98000,0.367578074074,0.316427851852,0.315994074074,0.331628926224
99000,0.367857777778,0.31622637037,0.315915851852,0.332359386413
100000,0.368154074074,0.316046222222,0.315799703704,0.332359386413
101000,0.368471703704,0.315875555556,0.315652740741,0.332633308985
102000,0.368775111111,0.31570962963,0.315515259259,0.333272461651
103000,0.369185185185,0.315496296296,0.315318518519,0.33372899927
104000,0.369514666667,0.315361185185,0.315124148148,0.334002921841
105000,0.369768296296,0.315235555556,0.314996148148,0.334550766983
106000,0.369998222222,0.315145481481,0.314856296296,0.334368151936
107000,0.370282666667,0.315015111111,0.314702222222,0.334459459459
108000,0.370609777778,0.314811259259,0.314578962963,0.334002921841
109000,0.370849185185,0.314733037037,0.314417777778,0.333911614317
110000,0.371131259259,0.314531555556,0.314337185185,0.334459459459
111000,0.371399111111,0.314472296296,0.314128592593,0.334368151936
112000,0.371783111111,0.314289777778,0.313927111111,0.335281227173
113000,0.372245333333,0.314123851852,0.313630814815,0.334459459459
114000,0.372581925926,0.313898666667,0.313519407407,0.334733382031
115000,0.372951703704,0.313763555556,0.313284740741,0.335372534697
116000,0.373295407407,0.313685333333,0.313019259259,0.335281227173
117000,0.373617777778,0.313509925926,0.312872296296,0.335920379839
118000,0.373880888889,0.313344,0.312775111111,0.335281227173
119000,0.374162962963,0.313189925926,0.312647111111,0.335555149744
120000,0.374516148148,0.313102222222,0.31238162963,0.335829072316
121000,0.374798222222,0.312981333333,0.312220444444,0.335920379839
122000,0.375120592593,0.312841481481,0.312037925926,0.335372534697
123000,0.375424,0.312737185185,0.311838814815,0.336468224982
124000,0.375729777778,0.312668444444,0.311601777778,0.336742147553
125000,0.376099555556,0.312469333333,0.311431111111,0.337198685172
126000,0.376431407407,0.312334222222,0.31123437037,0.337472607743
127000,0.376668444444,0.312182518519,0.311149037037,0.337381300219
128000,0.376969481481,0.312094814815,0.310935703704,0.337381300219
129000,0.377237333333,0.311971555556,0.310791111111,0.336742147553
130000,0.377562074074,0.311755851852,0.310682074074,0.336285609934
131000,0.37785362963,0.311634962963,0.310511407407,0.336650840029
132000,0.378097777778,0.31148562963,0.310416592593,0.335920379839
133000,0.378413037037,0.311291259259,0.310295703704,0.336102994887
134000,0.378716444444,0.31110637037,0.310177185185,0.336011687363
135000,0.379019851852,0.311006814815,0.309973333333,0.335737764792
136000,0.379204740741,0.310933333333,0.309861925926,0.335463842221
137000,0.379617185185,0.310710518519,0.309672296296,0.335646457268
138000,0.379977481481,0.310518518519,0.309504,0.335555149744
139000,0.380306962963,0.310326518519,0.309366518519,0.335281227173
140000,0.380544,0.310184296296,0.309271703704,0.335463842221
141000,0.380885333333,0.309992296296,0.30912237037,0.334915997078
142000,0.381269333333,0.309774222222,0.308956444444,0.335007304602
143000,0.381518222222,0.309641481481,0.308840296296,0.334368151936
144000,0.381807407407,0.309504,0.308688592593,0.334368151936
145000,0.382113185185,0.309352296296,0.308534518519,0.334185536888
146000,0.382430814815,0.309184,0.308385185185,0.334276844412
147000,0.382762666667,0.309025185185,0.308212148148,0.334276844412
148000,0.38297837037,0.308937481481,0.308084148148,0.335007304602
149000,0.383269925926,0.308712296296,0.308017777778,0.336011687363
150000,0.383630222222,0.308544,0.307825777778,0.335829072316
151000,0.383962074074,0.30834962963,0.307688296296,0.335281227173
152000,0.38432237037,0.308207407407,0.307470222222,0.336011687363
153000,0.384632888889,0.308053333333,0.307313777778,0.335737764792
154000,0.384910222222,0.307915851852,0.307173925926,0.335920379839
155000,0.38528237037,0.307728592593,0.306989037037,0.336194302411
156000,0.385595259259,0.307555555556,0.306849185185,0.336650840029
157000,0.385938962963,0.307401481481,0.306659555556,0.337016070124
158000,0.386275555556,0.307226074074,0.30649837037,0.337472607743
159000,0.386574222222,0.306977185185,0.306448592593,0.337929145362
160000,0.386891851852,0.306780444444,0.306327703704,0.33765522279
161000,0.387207111111,0.306590814815,0.306202074074,0.337198685172
162000,0.387529481481,0.306384592593,0.306085925926,0.33765522279
163000,0.38784237037,0.306221037037,0.305936592593,0.338203067933
164000,0.38815762963,0.306038518519,0.305803851852,0.338203067933
165000,0.388461037037,0.30591762963,0.305621333333,0.338203067933
166000,0.388700444444,0.305839407407,0.305460148148,0.338476990504
167000,0.389096296296,0.305576296296,0.305327407407,0.338568298028
168000,0.389392592593,0.305424592593,0.305182814815,0.339390065741
169000,0.389622518519,0.305294222222,0.305083259259,0.341033601169
170000,0.389840592593,0.305211259259,0.304948148148,0.341398831264
171000,0.390136888889,0.305047703704,0.304815407407,0.341216216216
172000,0.390518518519,0.304841481481,0.30464,0.340394448503
173000,0.390916740741,0.304609185185,0.304474074074,0.33984660336
174000,0.391151407407,0.304412444444,0.304436148148,0.339755295836
175000,0.391478518519,0.304267851852,0.30425362963,0.340211833455
176000,0.391781925926,0.304109037037,0.304109037037,0.340211833455
177000,0.392106666667,0.303850666667,0.304042666667,0.340394448503
178000,0.392362666667,0.303732148148,0.303905185185,0.340394448503
179000,0.392677925926,0.303516444444,0.30380562963,0.340942293645
180000,0.392971851852,0.303393185185,0.303634962963,0.340942293645
181000,0.393223111111,0.303248592593,0.303528296296,0.341672753835
182000,0.393438814815,0.303134814815,0.30342637037,0.341946676406
183000,0.393777777778,0.302947555556,0.303274666667,0.342403214025
184000,0.394062222222,0.302802962963,0.303134814815,0.342129291454
185000,0.394379851852,0.30258962963,0.303030518519,0.341946676406
186000,0.394642962963,0.302509037037,0.302848,0.341855368882
187000,0.394944,0.302312296296,0.302743703704,0.341490138787
188000,0.395335111111,0.302125037037,0.302539851852,0.342951059167
189000,0.395579259259,0.302006518519,0.302414222222,0.343042366691
190000,0.395892148148,0.30188562963,0.302222222222,0.342585829072
191000,0.39616,0.301750518519,0.302089481481,0.342585829072
192000,0.39641837037,0.301613037037,0.301968592593,0.342859751644
193000,0.396743111111,0.301494518519,0.30176237037,0.343681519357
194000,0.396980148148,0.301257481481,0.30176237037,0.344046749452
195000,0.397243259259,0.30118162963,0.301575111111,0.343864134405
196000,0.39744,0.301124740741,0.301435259259,0.342951059167
197000,0.397736296296,0.301008592593,0.301255111111,0.341946676406
198000,0.39801837037,0.300840296296,0.301141333333,0.342220598977
199000,0.398255407407,0.300728888889,0.301015703704,0.341124908692
200000,0.398497185185,0.300577185185,0.30092562963,0.341855368882
201000,0.398838518519,0.300373333333,0.300788148148,0.342585829072
202000,0.399125333333,0.300231111111,0.300643555556,0.343133674215
203000,0.39942162963,0.300067555556,0.300510814815,0.342677136596
204000,0.399727407407,0.299932444444,0.300340148148,0.34276844412
205000,0.399990518519,0.299787851852,0.30022162963,0.342677136596
206000,0.40032,0.299621925926,0.300058074074,0.342311906501
207000,0.400583111111,0.299486814815,0.299930074074,0.342585829072
208000,0.400791703704,0.299396740741,0.299811555556,0.342859751644
209000,0.401192296296,0.299233185185,0.299574518519,0.34349890431
210000,0.401377185185,0.299150222222,0.299472592593,0.34349890431
211000,0.401780148148,0.298927407407,0.299292444444,0.343681519357
212000,0.402071703704,0.298827851852,0.299100444444,0.343407596786
213000,0.402337185185,0.298654814815,0.299008,0.34349890431
214000,0.402680888889,0.298491259259,0.298827851852,0.34349890431
215000,0.402932148148,0.298372740741,0.298695111111,0.342585829072
216000,0.403249777778,0.298190222222,0.29856,0.34203798393
217000,0.403484444444,0.298021925926,0.29849362963,0.342494521549
218000,0.403785481481,0.297886814815,0.298327703704,0.342951059167
219000,0.404008296296,0.297851259259,0.298140444444,0.343133674215
220000,0.404359111111,0.297754074074,0.297886814815,0.343681519357
221000,0.404612740741,0.297611851852,0.297775407407,0.343407596786
222000,0.404890074074,0.297462518519,0.297647407407,0.343590211833
223000,0.405240888889,0.297268148148,0.297490962963,0.343772826881
224000,0.405466074074,0.297199407407,0.297334518519,0.343864134405
225000,0.405677037037,0.297083259259,0.297239703704,0.344320672023
226000,0.405902222222,0.297005037037,0.297092740741,0.344138056976
227000,0.406136888889,0.296836740741,0.29702637037,0.343772826881
228000,0.406506666667,0.296611555556,0.296881777778,0.343316289262
229000,0.406814814815,0.296485925926,0.296699259259,0.342951059167
230000,0.407146666667,0.296270222222,0.296583111111,0.343316289262
231000,0.407348148148,0.296128,0.296523851852,0.343681519357
232000,0.407649185185,0.295964444444,0.29638637037,0.344320672023
233000,0.407936,0.295883851852,0.296180148148,0.344138056976
234000,0.408346074074,0.295665777778,0.295988148148,0.34349890431
235000,0.408583111111,0.295540148148,0.295876740741,0.343224981738
236000,0.408813037037,0.295390814815,0.295796148148,0.344594594595
237000,0.409014518519,0.295305481481,0.29568,0.345416362308
238000,0.409322666667,0.295210666667,0.295466666667,0.345051132213
239000,0.409500444444,0.295068444444,0.295431111111,0.345690284879
240000,0.409735111111,0.294971259259,0.29529362963,0.346055514974
241000,0.409967407407,0.294893037037,0.295139555556,0.346146822498
242000,0.410251851852,0.294753185185,0.294994962963,0.346329437546
243000,0.410467555556,0.294620444444,0.294912,0.346329437546
244000,0.410747259259,0.294490074074,0.294762666667,0.346512052593
245000,0.411105185185,0.294288592593,0.294606222222,0.347059897736
246000,0.411337481481,0.294186666667,0.294475851852,0.347425127831
247000,0.411527111111,0.294115555556,0.294357333333,0.347972972973
248000,0.411863703704,0.293989925926,0.29414637037,0.347790357925
249000,0.412048592593,0.293873777778,0.29407762963,0.348246895544
250000,0.412340148148,0.293745777778,0.293914074074,0.347425127831
251000,0.412683851852,0.293558518519,0.29375762963,0.347699050402
252000,0.412956444444,0.293435259259,0.293608296296,0.34815558802
253000,0.413184,0.293359407407,0.293456592593,0.348429510592
254000,0.413477925926,0.293238518519,0.293283555556,0.348703433163
255000,0.413814518519,0.293146074074,0.293039407407,0.348612125639
256000,0.414030222222,0.292992,0.292977777778,0.34888604821
257000,0.414366814815,0.292826074074,0.292807111111,0.349525200877
258000,0.414665481481,0.292624592593,0.292709925926,0.3496165084
259000,0.414888296296,0.292487111111,0.292624592593,0.350164353543
260000,0.415184592593,0.292297481481,0.292517925926,0.350438276114
261000,0.415552,0.292079407407,0.292368592593,0.350438276114
262000,0.415867259259,0.291927703704,0.292205037037,0.350073046019
263000,0.416075851852,0.29177362963,0.292150518519,0.35034696859
264000,0.416308148148,0.291652740741,0.292039111111,0.351168736304
265000,0.416535703704,0.29158162963,0.291882666667,0.351533966399
266000,0.416763259259,0.291463111111,0.29177362963,0.351442658875
267000,0.417038222222,0.291354074074,0.291607703704,0.351625273923
268000,0.417234962963,0.291233185185,0.291531851852,0.351625273923
269000,0.417481481481,0.291143111111,0.291375407407,0.351899196494
270000,0.417808592593,0.291003259259,0.291188148148,0.351716581446
271000,0.418107259259,0.290846814815,0.291045925926,0.351442658875
272000,0.418382222222,0.290702222222,0.290915555556,0.351625273923
273000,0.418650074074,0.290595555556,0.29075437037,0.351351351351
274000,0.418920296296,0.290401185185,0.290678518519,0.351260043828
275000,0.419254518519,0.290263703704,0.290481777778,0.351990504018
276000,0.419529481481,0.290107259259,0.290363259259,0.352355734112
277000,0.419766518519,0.289993481481,0.29024,0.352720964207
278000,0.420169481481,0.289777777778,0.290052740741,0.351990504018
279000,0.420494222222,0.289576296296,0.289929481481,0.351168736304
280000,0.420714666667,0.289426962963,0.28985837037,0.35180788897
281000,0.421022814815,0.289296592593,0.289680592593,0.352081811541
282000,0.421233777778,0.289194666667,0.289571555556,0.352081811541
283000,0.421470814815,0.289069037037,0.289460148148,0.352355734112
284000,0.421769481481,0.28895762963,0.289272888889,0.352447041636
285000,0.422011259259,0.28883437037,0.28915437037,0.352812271731
286000,0.422208,0.288685037037,0.289106962963,0.352903579255
287000,0.422388148148,0.288594962963,0.289016888889,0.353086194302
288000,0.422712888889,0.288469333333,0.288817777778,0.353086194302
289000,0.423044740741,0.288267851852,0.288687407407,0.353360116874
290000,0.423284148148,0.288154074074,0.288561777778,0.352994886779
291000,0.423502222222,0.288073481481,0.288424296296,0.352720964207
292000,0.423819851852,0.287905185185,0.288274962963,0.353816654492
293000,0.424056888889,0.287786666667,0.288156444444,0.353451424397
294000,0.424222814815,0.287661037037,0.288116148148,0.353177501826
295000,0.424438518519,0.287575703704,0.287985777778,0.352812271731
296000,0.42470637037,0.287499851852,0.287793777778,0.353542731921
297000,0.424976592593,0.287397925926,0.287625481481,0.353725346969
298000,0.425197037037,0.287239111111,0.287563851852,0.355186267348
299000,0.425514666667,0.287006814815,0.287478518519,0.355003652301
300000,0.42578962963,0.286888296296,0.287322074074,0.355825420015
301000,0.426026666667,0.286817185185,0.287156148148,0.356829802776
302000,0.426249481481,0.28665837037,0.287092148148,0.356921110299
303000,0.426417777778,0.286577777778,0.287004444444,0.356829802776
304000,0.426695111111,0.286490074074,0.286814814815,0.356464572681
305000,0.426917925926,0.286378666667,0.286703407407,0.35619065011
306000,0.427147851852,0.286238814815,0.286613333333,0.356008035062
307000,0.427323259259,0.286084740741,0.286592,0.355368882396
308000,0.427524740741,0.28601362963,0.28646162963,0.355734112491
309000,0.427823407407,0.285828740741,0.286347851852,0.355642804967
310000,0.428053333333,0.28569362963,0.286253037037,0.356099342586
311000,0.428280888889,0.285556148148,0.286162962963,0.356829802776
312000,0.428420740741,0.285466074074,0.286113185185,0.356555880205
313000,0.428653037037,0.285278814815,0.286068148148,0.356647187728
314000,0.428911407407,0.285184,0.285904592593,0.356464572681
315000,0.429131851852,0.285041777778,0.28582637037,0.356647187728
316000,0.429385481481,0.284901925926,0.285712592593,0.355916727538
317000,0.429643851852,0.284736,0.285620148148,0.356738495252
318000,0.429786074074,0.284631703704,0.285582222222,0.357377647918
319000,0.429952,0.284513185185,0.285534814815,0.356921110299
320000,0.430148740741,0.284427851852,0.285423407407,0.357377647918
321000,0.430376296296,0.284257185185,0.285366518519,0.356555880205
322000,0.43065362963,0.28409837037,0.285248,0.356829802776
323000,0.430895407407,0.283899259259,0.285205333333,0.357012417823
324000,0.431177481481,0.283702518519,0.28512,0.357925493061
325000,0.431506962963,0.283524740741,0.284968296296,0.358473338203
326000,0.431819851852,0.283354074074,0.284826074074,0.359203798393
327000,0.432,0.283292444444,0.284707555556,0.359295105917
328000,0.432248888889,0.283190518519,0.284560592593,0.358929875822
329000,0.432474074074,0.283100444444,0.284425481481,0.358473338203
330000,0.432696888889,0.282958222222,0.284344888889,0.358473338203
331000,0.433007407407,0.28287762963,0.284114962963,0.359203798393
332000,0.433360592593,0.282721185185,0.283918222222,0.359112490869
333000,0.433616592593,0.28262162963,0.283761777778,0.360025566107
334000,0.433863111111,0.282531555556,0.283605333333,0.360299488678
335000,0.434147555556,0.282427259259,0.283425185185,0.360664718773
336000,0.434422518519,0.282230518519,0.283346962963,0.361486486486
337000,0.43462162963,0.282157037037,0.283221333333,0.361943024105
338000,0.434825481481,0.282090666667,0.283083851852,0.3623082542
339000,0.434989037037,0.282026666667,0.282984296296,0.362034331629
340000,0.435154962963,0.28191762963,0.282927407407,0.362490869248
341000,0.435346962963,0.281844148148,0.282808888889,0.362582176771
342000,0.435555555556,0.281711407407,0.282733037037,0.362856099343
343000,0.43577362963,0.281630814815,0.282595555556,0.362947406866
344000,0.436005925926,0.281569185185,0.282424888889,0.362947406866
345000,0.436183703704,0.281431703704,0.282384592593,0.363130021914
346000,0.436439703704,0.281291851852,0.282268444444,0.363951789627
347000,0.436636444444,0.281201777778,0.282161777778,0.364043097151
348000,0.436830814815,0.28109037037,0.282078814815,0.364956172389
349000,0.437101037037,0.280974222222,0.281924740741,0.365595325055
350000,0.437312,0.280888888889,0.281799111111,0.365777940102
351000,0.437492148148,0.280805925926,0.281701925926,0.366508400292
352000,0.437707851852,0.280661333333,0.281630814815,0.366417092768
353000,0.437921185185,0.280576,0.281502814815,0.366325785245
354000,0.438108444444,0.280448,0.281443555556,0.366325785245
355000,0.438373925926,0.280310518519,0.281315555556,0.366417092768
356000,0.438663111111,0.280229925926,0.281106962963,0.366051862673
357000,0.438807703704,0.280180148148,0.281012148148,0.365777940102
358000,0.438983111111,0.280106666667,0.280910222222,0.366325785245
359000,0.439258074074,0.279966814815,0.280775111111,0.367238860482
360000,0.439447703704,0.279905185185,0.280647111111,0.36669101534
361000,0.43961837037,0.279853037037,0.280528592593,0.366143170197
362000,0.439864888889,0.279765333333,0.280369777778,0.366234477721
363000,0.440101925926,0.279663407407,0.280234666667,0.366599707816
364000,0.440341333333,0.27948562963,0.280173037037,0.367238860482
365000,0.440590222222,0.27936237037,0.280047407407,0.366964937911
366000,0.440827259259,0.27922962963,0.279943111111,0.366325785245
367000,0.441009777778,0.279092148148,0.279898074074,0.366599707816
368000,0.441216,0.279032888889,0.279751111111,0.367056245435
369000,0.44140562963,0.278897777778,0.279696592593,0.367330168006
370000,0.441718518519,0.278746074074,0.279535407407,0.367969320672
371000,0.441924740741,0.278632296296,0.279442962963,0.36815193572
372000,0.442088296296,0.278606222222,0.279305481481,0.368517165814
373000,0.442277925926,0.278513777778,0.279208296296,0.36815193572
374000,0.442517333333,0.278390518519,0.279092148148,0.368425858291
375000,0.442737777778,0.278272,0.278990222222,0.368699780862
376000,0.442872888889,0.278193777778,0.278933333333,0.368791088386
377000,0.443176296296,0.27801362963,0.278810074074,0.368973703433
378000,0.443437037037,0.277816888889,0.278746074074,0.369065010957
379000,0.443638518519,0.277755259259,0.278606222222,0.368608473338
380000,0.443764148148,0.277650962963,0.278584888889,0.368791088386
381000,0.443934814815,0.27757037037,0.278494814815,0.368791088386
382000,0.444129185185,0.277449481481,0.278421333333,0.369247626004
383000,0.444233481481,0.277347555556,0.278418962963,0.369978086194
384000,0.444453925926,0.277264592593,0.278281481481,0.369612856099
385000,0.444714666667,0.277101037037,0.278184296296,0.369978086194
386000,0.444999111111,0.276956444444,0.278044444444,0.370799853908
387000,0.445252740741,0.276859259259,0.277888,0.371073776479
388000,0.445518222222,0.276771555556,0.277710222222,0.371073776479
389000,0.44569837037,0.276622222222,0.277679407407,0.370343316289
390000,0.445878518519,0.276522666667,0.277598814815,0.369886778671
391000,0.446103703704,0.276404148148,0.277492148148,0.370799853908
392000,0.446352592593,0.276238222222,0.277409185185,0.371073776479
393000,0.44665837037,0.276086518519,0.277255111111,0.370069393718
394000,0.446767407407,0.276046222222,0.27718637037,0.370343316289
395000,0.447009185185,0.275944296296,0.277046518519,0.370160701242
396000,0.447260444444,0.275894518519,0.276845037037,0.369065010957
397000,0.447326814815,0.275792592593,0.276880592593,0.369704163623
398000,0.447651555556,0.275662222222,0.276686222222,0.368791088386
399000,0.447834074074,0.275600592593,0.276565333333,0.369065010957
400000,0.448094814815,0.27551762963,0.276387555556,0.369065010957
401000,0.44831762963,0.275356444444,0.276325925926,0.368973703433
402000,0.448493037037,0.27526637037,0.276240592593,0.368608473338
403000,0.448597333333,0.275195259259,0.276207407407,0.368699780862
404000,0.448872296296,0.275053037037,0.276074666667,0.369338933528
405000,0.449097481481,0.274967703704,0.275934814815,0.369430241052
406000,0.449322666667,0.274801777778,0.275875555556,0.370434623813
407000,0.449545481481,0.274733037037,0.275721481481,0.370799853908
408000,0.449732740741,0.274650074074,0.275617185185,0.370891161432
409000,0.44992237037,0.274550518519,0.275527111111,0.370891161432
410000,0.450055111111,0.27456,0.275384888889,0.370525931337
411000,0.450168888889,0.274536296296,0.275294814815,0.37061723886
412000,0.45037037037,0.274467555556,0.275162074074,0.370434623813
413000,0.45056237037,0.274382222222,0.275055407407,0.37061723886
414000,0.450785185185,0.274266074074,0.274948740741,0.37061723886
415000,0.450972444444,0.27417362963,0.274853925926,0.370434623813
416000,0.451185777778,0.274102518519,0.274711703704,0.370708546384
417000,0.451396740741,0.273995851852,0.274607407407,0.370525931337
418000,0.45152,0.273967407407,0.274512592593,0.371439006574
419000,0.451735703704,0.273867851852,0.274396444444,0.371712929145
420000,0.452005925926,0.273739851852,0.274254222222,0.370708546384
421000,0.452288,0.273637925926,0.274074074074,0.369886778671
422000,0.452558222222,0.273479111111,0.273962666667,0.370069393718
423000,0.452721777778,0.273379555556,0.273898666667,0.370252008766
424000,0.452956444444,0.27327762963,0.273765925926,0.370525931337
425000,0.453155555556,0.273097481481,0.273746962963,0.370982468955
426000,0.453340444444,0.272978962963,0.273680592593,0.37134769905
427000,0.453594074074,0.272853333333,0.273552592593,0.372534696859
428000,0.453812148148,0.272715851852,0.273472,0.373082542001
429000,0.454091851852,0.272635259259,0.273272888889,0.372899926954
430000,0.454234074074,0.272609185185,0.273156740741,0.372352081812
431000,0.454414222222,0.272561777778,0.273024,0.371621621622
432000,0.454608592593,0.272455111111,0.272936296296,0.371804236669
433000,0.454840888889,0.272334222222,0.272824888889,0.371165084003
434000,0.455146666667,0.272182518519,0.272670814815,0.370891161432
435000,0.455307851852,0.272113777778,0.27257837037,0.371073776479
436000,0.45548562963,0.272035555556,0.272478814815,0.370982468955
437000,0.455779555556,0.271883851852,0.272336592593,0.371073776479
438000,0.455973925926,0.271793777778,0.272232296296,0.372260774288
439000,0.456165925926,0.271736888889,0.272097185185,0.372626004383
440000,0.456289185185,0.271725037037,0.271985777778,0.371986851717
441000,0.456535703704,0.271630222222,0.271834074074,0.371986851717
442000,0.456734814815,0.271528296296,0.271736888889,0.372991234478
443000,0.456933925926,0.271464296296,0.271601777778,0.372169466764
444000,0.457045333333,0.271374222222,0.271580444444,0.37280861943
445000,0.45721362963,0.271224888889,0.271561481481,0.373356464573
446000,0.457412740741,0.271073185185,0.271514074074,0.373265157049
447000,0.457621333333,0.271011555556,0.271367111111,0.373813002191
448000,0.457829925926,0.270869333333,0.271300740741,0.374908692476
449000,0.457901037037,0.270772148148,0.271326814815,0.375639152666
450000,0.458043259259,0.270682074074,0.271274666667,0.376552227904
451000,0.45836562963,0.270563555556,0.271070814815,0.377100073046
452000,0.458491259259,0.270532740741,0.270976,0.37719138057
453000,0.458638222222,0.270421333333,0.270940444444,0.376369612856
454000,0.458789925926,0.270354962963,0.270855111111,0.376095690285
455000,0.458977185185,0.270279111111,0.270743703704,0.37573046019
456000,0.459079111111,0.270165333333,0.270755555556,0.376369612856
457000,0.459256888889,0.270094222222,0.270648888889,0.376004382761
458000,0.459358814815,0.270030222222,0.270610962963,0.375365230095
459000,0.459413333333,0.26995437037,0.270632296296,0.375273922571
460000,0.459534222222,0.269897481481,0.270568296296,0.375639152666
461000,0.45971437037,0.269755259259,0.27053037037,0.37573046019
462000,0.459875555556,0.269662814815,0.27046162963,0.375547845142
463000,0.460141037037,0.26950162963,0.270357333333,0.375365230095
464000,0.460295111111,0.269397333333,0.270307555556,0.374908692476
465000,0.46054162963,0.269198222222,0.270260148148,0.374817384953
466000,0.460781037037,0.269096296296,0.270122666667,0.374452154858
467000,0.460826074074,0.269067851852,0.270106074074,0.374543462381
468000,0.460980148148,0.269018074074,0.270001777778,0.374817384953
469000,0.46111762963,0.26893037037,0.269952,0.375091307524
470000,0.461217185185,0.268826074074,0.269956740741,0.375273922571
471000,0.46137837037,0.268712296296,0.269909333333,0.375182615047
472000,0.461549037037,0.268619851852,0.269831111111,0.37426953981
473000,0.461778962963,0.268487111111,0.269733925926,0.374726077429
474000,0.462020740741,0.26834962963,0.26962962963,0.374726077429
475000,0.462127407407,0.268325925926,0.269546666667,0.375091307524
476000,0.462366814815,0.268212148148,0.269421037037,0.375365230095
477000,0.462580148148,0.26809362963,0.269326222222,0.37573046019
478000,0.462748444444,0.268015407407,0.269236148148,0.375273922571
479000,0.462893037037,0.267979851852,0.269127111111,0.375
480000,0.463002074074,0.267939555556,0.26905837037,0.375273922571
481000,0.463232,0.267797333333,0.268970666667,0.376095690285
482000,0.463459555556,0.267683555556,0.268856888889,0.37646092038
483000,0.463623111111,0.267598222222,0.268778666667,0.376552227904
484000,0.463860148148,0.26752,0.268619851852,0.377008765522
485000,0.464007111111,0.267420444444,0.268572444444,0.376917457999
486000,0.464156444444,0.267373037037,0.268470518519,0.377100073046
487000,0.464265481481,0.267311407407,0.268423111111,0.37719138057
488000,0.46445037037,0.267183407407,0.268366222222,0.37719138057
489000,0.464632888889,0.267114666667,0.268252444444,0.377465303141
490000,0.464891259259,0.266981925926,0.268126814815,0.377008765522
491000,0.46515437037,0.266837333333,0.268008296296,0.377556610665
492000,0.465261037037,0.266761481481,0.267977481481,0.378104455807
493000,0.465490962963,0.266624,0.267885037037,0.378560993426
494000,0.465742222222,0.266472296296,0.267785481481,0.379108838568
495000,0.465891555556,0.266349037037,0.267759407407,0.379474068663
496000,0.466081185185,0.266251851852,0.267666962963,0.379839298758
497000,0.466247111111,0.266180740741,0.267572148148,0.379108838568
498000,0.466436740741,0.266107259259,0.267456,0.378287070855
499000,0.466607407407,0.266021925926,0.267370666667,0.378013148283
500000,0.466787555556,0.265865481481,0.267346962963,0.377373995617
501000,0.467131259259,0.265709037037,0.267159703704,0.377100073046
502000,0.467309037037,0.265656888889,0.267034074074,0.37719138057
503000,0.467484444444,0.265526518519,0.266989037037,0.377556610665
504000,0.467643259259,0.265476740741,0.26688,0.377556610665
505000,0.467835259259,0.265370074074,0.266794666667,0.377739225712
506000,0.468053333333,0.265296592593,0.266650074074,0.378560993426
507000,0.468259555556,0.265220740741,0.266519703704,0.379017531045
508000,0.468536888889,0.265095111111,0.266368,0.379656683711
509000,0.468754962963,0.264986074074,0.266258962963,0.380295836377
510000,0.468878222222,0.264986074074,0.266135703704,0.380204528853
511000,0.469129481481,0.26483437037,0.266036148148,0.380934989043
512000,0.469271703704,0.264751407407,0.265976888889,0.380752373996
513000,0.469466074074,0.264630518519,0.265903407407,0.381117604091
514000,0.469660444444,0.264535703704,0.265803851852,0.381482834186
515000,0.469802666667,0.264471703704,0.26572562963,0.381117604091
516000,0.469959111111,0.264369777778,0.265671111111,0.381939371804
517000,0.470186666667,0.264315259259,0.265498074074,0.382030679328
518000,0.470388148148,0.264208592593,0.265403259259,0.382395909423
519000,0.470568296296,0.264156444444,0.265275259259,0.382213294375
520000,0.470795851852,0.264056888889,0.265147259259,0.381939371804
521000,0.471044740741,0.263990518519,0.264964740741,0.382487216947
522000,0.471274666667,0.263838814815,0.264886518519,0.381939371804
523000,0.471504592593,0.263701333333,0.264794074074,0.382304601899
524000,0.471661037037,0.26361362963,0.264725333333,0.382121986852
525000,0.471864888889,0.263511703704,0.264623407407,0.382121986852
526000,0.471971555556,0.263478518519,0.264549925926,0.382487216947
527000,0.472142222222,0.263414518519,0.264443259259,0.382030679328
528000,0.472291555556,0.263355259259,0.264353185185,0.382030679328
529000,0.472474074074,0.263246222222,0.264279703704,0.382304601899
530000,0.472592592593,0.263158518519,0.264248888889,0.382121986852
531000,0.472853333333,0.262971259259,0.264175407407,0.382304601899
532000,0.473102222222,0.262848,0.264049777778,0.383217677137
533000,0.47334162963,0.26271762963,0.263940740741,0.384222059898
534000,0.473483851852,0.262644148148,0.263872,0.384130752374
535000,0.473611851852,0.262573037037,0.263815111111,0.384678597516
536000,0.473829925926,0.262437925926,0.263732148148,0.384678597516
537000,0.474059851852,0.262305185185,0.263634962963,0.385135135135
538000,0.474180740741,0.262241185185,0.263578074074,0.384861212564
539000,0.47442962963,0.262160592593,0.263409777778,0.38476990504
540000,0.474510222222,0.262120296296,0.263369481481,0.385317750183
541000,0.474680888889,0.262039703704,0.263279407407,0.38476990504
542000,0.474939259259,0.261878518519,0.263182222222,0.384587289993
543000,0.475095703704,0.261842962963,0.263061333333,0.384587289993
544000,0.475235555556,0.261790814815,0.26297362963,0.384404674945
545000,0.475437037037,0.261650962963,0.262912,0.385226442659
546000,0.475565037037,0.261610666667,0.262824296296,0.385409057706
547000,0.475766518519,0.261568,0.262665481481,0.386413440467
548000,0.475885037037,0.261553777778,0.262561185185,0.386504747991
549000,0.476122074074,0.261418666667,0.262459259259,0.386869978086
550000,0.476278518519,0.261326222222,0.262395259259,0.386778670562
551000,0.476558222222,0.261219555556,0.262222222222,0.386413440467
552000,0.476683851852,0.261065481481,0.262250666667,0.386869978086
553000,0.476835555556,0.260958814815,0.26220562963,0.386504747991
554000,0.476982518519,0.260904296296,0.262113185185,0.386048210373
555000,0.477238518519,0.260809481481,0.261952,0.385865595325
556000,0.47750162963,0.260693333333,0.261805037037,0.386687363039
557000,0.47763437037,0.260581925926,0.261783703704,0.38696128561
558000,0.477831111111,0.260394666667,0.261774222222,0.387143900657
559000,0.477963851852,0.260328296296,0.261707851852,0.387600438276
560000,0.478151111111,0.260242962963,0.261605925926,0.3876917458
561000,0.478343111111,0.260178962963,0.261477925926,0.388239590942
562000,0.478577777778,0.26003437037,0.261387851852,0.38842220599
563000,0.47878637037,0.259913481481,0.261300148148,0.388696128561
564000,0.478907259259,0.259832888889,0.261259851852,0.388148283419
565000,0.479070814815,0.259702518519,0.261226666667,0.388513513514
566000,0.479258074074,0.259607703704,0.261134222222,0.388604821037
567000,0.479461925926,0.259463111111,0.261074962963,0.388513513514
568000,0.479653925926,0.259384888889,0.260961185185,0.389335281227
569000,0.47980562963,0.25933037037,0.260864,0.389791818846
570000,0.479988148148,0.259247407407,0.260764444444,0.389700511322
571000,0.480180148148,0.259157333333,0.260662518519,0.390978816654
572000,0.480376888889,0.259093333333,0.260529777778,0.39061358656
573000,0.480466962963,0.259031703704,0.260501333333,0.390522279036
574000,0.480604444444,0.258974814815,0.260420740741,0.391252739226
575000,0.480666074074,0.258889481481,0.260444444444,0.391435354273
576000,0.480782222222,0.258853925926,0.260363851852,0.391891891892
577000,0.480969481481,0.258766222222,0.260264296296,0.392348429511
578000,0.481173333333,0.258666666667,0.26016,0.392165814463
579000,0.481339259259,0.258593185185,0.260067555556,0.393352812272
580000,0.481429333333,0.258578962963,0.259991703704,0.393718042367
581000,0.481536,0.258536296296,0.259927703704,0.394083272462
582000,0.481607111111,0.258510222222,0.259882666667,0.393626734843
583000,0.481780148148,0.258389333333,0.259830518519,0.394265887509
584000,0.481882074074,0.258356148148,0.259761777778,0.394357195033
585000,0.482052740741,0.258268444444,0.259678814815,0.393352812272
586000,0.482277925926,0.258194962963,0.259527111111,0.393718042367
587000,0.482472296296,0.258059851852,0.259467851852,0.393170197224
588000,0.482612148148,0.257984,0.259403851852,0.393444119795
589000,0.482868148148,0.25792,0.259211851852,0.393261504748
590000,0.482998518519,0.257822814815,0.259178666667,0.392804967129
591000,0.483157333333,0.257751703704,0.259090962963,0.392896274653
592000,0.483342222222,0.257713777778,0.258944,0.392074506939
593000,0.483536592593,0.257652148148,0.258811259259,0.392531044558
594000,0.48370962963,0.257607111111,0.258683259259,0.392439737034
595000,0.483856592593,0.257517037037,0.25862637037,0.392896274653
596000,0.484013037037,0.257460148148,0.258526814815,0.393170197224
597000,0.484141037037,0.257370074074,0.258488888889,0.393718042367
598000,0.484238222222,0.257310814815,0.258450962963,0.393535427319
599000,0.484340148148,0.257261037037,0.258398814815,0.393626734843
600000,0.484468148148,0.257194666667,0.258337185185,0.393352812272
601000,0.484619851852,0.257223111111,0.258157037037,0.393170197224
602000,0.484842666667,0.25708562963,0.258071703704,0.392987582177
603000,0.484965925926,0.256943407407,0.258090666667,0.393444119795
604000,0.485067851852,0.256924444444,0.258007703704,0.393626734843
605000,0.485160296296,0.25689362963,0.257946074074,0.392804967129
606000,0.485295407407,0.256820148148,0.257884444444,0.393170197224
607000,0.485494518519,0.256682666667,0.257822814815,0.393626734843
608000,0.485712592593,0.256606814815,0.257680592593,0.393626734843
