1000,0.33604,0.329072,0.334888,0.333819241983
2000,0.3374,0.327832,0.334768,0.335485214494
3000,0.339,0.326488,0.334512,0.332986255727
4000,0.340136,0.325232,0.334632,0.33527696793
5000,0.34112,0.324136,0.334744,0.334443981674
6000,0.342144,0.323016,0.33484,0.334443981674
7000,0.343168,0.32196,0.334872,0.332986255727
8000,0.344288,0.320848,0.334864,0.334860474802
9000,0.34576,0.319496,0.334744,0.334860474802
10000,0.347056,0.31844,0.334504,0.336734693878
11000,0.34828,0.317072,0.334648,0.335485214494
12000,0.3494,0.315912,0.334688,0.336734693878
13000,0.350672,0.314744,0.334584,0.337359433569
14000,0.352264,0.313256,0.33448,0.339025406081
15000,0.353576,0.311792,0.334632,0.338192419825
16000,0.35508,0.310368,0.334552,0.338608912953
17000,0.356176,0.308784,0.33504,0.340483132028
18000,0.35724,0.307472,0.335288,0.34110787172
19000,0.358448,0.306248,0.335304,0.342773844232
20000,0.359936,0.304952,0.335112,0.342565597668
21000,0.361384,0.30344,0.335176,0.34110787172
22000,0.362528,0.302304,0.335168,0.343190337359
23000,0.363944,0.300808,0.335248,0.345272802999
24000,0.365096,0.299544,0.33536,0.346105789254
25000,0.366208,0.298472,0.33532,0.347355268638
26000,0.367432,0.29696,0.335608,0.346730528946
27000,0.368448,0.295704,0.335848,0.348396501458
28000,0.370008,0.294496,0.335496,0.347771761766
29000,0.371496,0.29336,0.335144,0.34798000833
30000,0.372808,0.292296,0.334896,0.347563515202
31000,0.374008,0.291088,0.334904,0.348188254894
32000,0.375424,0.289984,0.334592,0.349645980841
33000,0.37632,0.288808,0.334872,0.351936693045
34000,0.377504,0.287592,0.334904,0.351520199917
35000,0.378744,0.286416,0.33484,0.349854227405
36000,0.38016,0.285024,0.334816,0.350895460225
37000,0.381776,0.283688,0.334536,0.350687213661
38000,0.382936,0.282632,0.334432,0.349437734277
39000,0.383952,0.281456,0.334592,0.350478967097
40000,0.385336,0.28024,0.334424,0.351728446481
41000,0.386456,0.278976,0.334568,0.353186172428
42000,0.388088,0.277512,0.3344,0.35381091212
43000,0.389536,0.27632,0.334144,0.356934610579
44000,0.390608,0.275448,0.333944,0.357142857143
45000,0.391928,0.274368,0.333704,0.358808829654
46000,0.39352,0.272952,0.333528,0.358392336526
47000,0.39488,0.271736,0.333384,0.356726364015
48000,0.396112,0.27084,0.333048,0.356309870887
49000,0.397296,0.269512,0.333192,0.357351103707
50000,0.398472,0.268256,0.333272,0.358808829654
51000,0.399872,0.267144,0.332984,0.357975843399
52000,0.401128,0.266096,0.332776,0.357559350271
53000,0.402576,0.264872,0.332552,0.357351103707
54000,0.403792,0.263864,0.332344,0.358184089963
55000,0.405032,0.262768,0.3322,0.359850062474
56000,0.406288,0.26164,0.332072,0.361099541858
57000,0.407528,0.26076,0.331712,0.361099541858
58000,0.40908,0.259416,0.331504,0.361932528113
59000,0.410136,0.258408,0.331456,0.360474802166
60000,0.411312,0.257448,0.33124,0.362349021241
61000,0.41272,0.256416,0.330864,0.361099541858
62000,0.413952,0.255432,0.330616,0.361307788421
63000,0.41536,0.254168,0.330472,0.363182007497
64000,0.416528,0.25324,0.330232,0.364014993753
65000,0.417608,0.252176,0.330216,0.366930445648
66000,0.418752,0.250992,0.330256,0.367763431903
67000,0.419944,0.250048,0.330008,0.368388171595
68000,0.421224,0.248824,0.329952,0.368388171595
69000,0.422448,0.247704,0.329848,0.370678883798
70000,0.423496,0.246936,0.329568,0.369429404415
71000,0.424664,0.245928,0.329408,0.368596418159
72000,0.425752,0.244904,0.329344,0.369637650979
73000,0.427096,0.243736,0.329168,0.370054144107
74000,0.428096,0.242888,0.329016,0.370262390671
75000,0.429496,0.241944,0.32856,0.371095376926
76000,0.43068,0.240712,0.328608,0.370262390671
77000,0.431832,0.239752,0.328416,0.373177842566
78000,0.432928,0.23864,0.328432,0.373594335693
79000,0.433856,0.237824,0.32832,0.374010828821
80000,0.43528,0.236672,0.328048,0.374635568513
81000,0.436544,0.235552,0.327904,0.37713452728
82000,0.437992,0.23436,0.327648,0.375468554769
83000,0.439024,0.233416,0.32756,0.374635568513
84000,0.440344,0.232192,0.327464,0.373594335693
85000,0.441424,0.231416,0.32716,0.375052061641
86000,0.442776,0.230312,0.326912,0.372553102874
87000,0.443856,0.229312,0.326832,0.371720116618
88000,0.44536,0.228144,0.326496,0.374219075385
89000,0.4468,0.227008,0.326192,0.37338608913
90000,0.447992,0.225832,0.326176,0.374427321949
91000,0.449168,0.224976,0.325856,0.374843815077
92000,0.450168,0.224192,0.32564,0.376093294461
93000,0.45156,0.223256,0.325184,0.377967513536
94000,0.45296,0.222112,0.324928,0.380049979175
95000,0.453952,0.221192,0.324856,0.382548937943
96000,0.455312,0.22044,0.324248,0.384214910454
97000,0.45656,0.219464,0.323976,0.385672636401
98000,0.457728,0.218472,0.3238,0.388171595169
99000,0.458856,0.217416,0.323728,0.389212827988
100000,0.460192,0.216512,0.323296,0.387546855477
101000,0.461288,0.215696,0.323016,0.388171595169
102000,0.46216,0.214912,0.322928,0.389629321116
103000,0.46336,0.213848,0.322792,0.38879633486
104000,0.4644,0.213192,0.322408,0.390045814244
105000,0.465544,0.212208,0.322248,0.391295293628
106000,0.466592,0.211392,0.322016,0.390670553936
107000,0.467792,0.21044,0.321768,0.3908788005
108000,0.469136,0.209328,0.321536,0.392128279883
109000,0.47072,0.208272,0.321008,0.393169512703
110000,0.471752,0.207552,0.320696,0.392961266139
111000,0.472816,0.206584,0.3206,0.393169512703
112000,0.47416,0.205768,0.320072,0.394002498959
113000,0.47536,0.20504,0.3196,0.396501457726
114000,0.476608,0.204184,0.319208,0.397334443982
115000,0.477928,0.20304,0.319032,0.398792169929
116000,0.479208,0.202216,0.318576,0.400041649313
117000,0.48056,0.201224,0.318216,0.401707621824
118000,0.481704,0.200472,0.317824,0.400458142441
119000,0.482944,0.199584,0.317472,0.403165347772
120000,0.484176,0.198792,0.317032,0.405247813411
121000,0.485432,0.19792,0.316648,0.403790087464
122000,0.487056,0.19696,0.315984,0.407122032486
123000,0.488216,0.196152,0.315632,0.40837151187
124000,0.489464,0.195256,0.31528,0.408579758434
125000,0.490616,0.194584,0.3148,0.412536443149
126000,0.491768,0.193616,0.314616,0.413577675968
127000,0.4928,0.192664,0.314536,0.413994169096
128000,0.493816,0.191832,0.314352,0.414827155352
129000,0.495144,0.19092,0.313936,0.416909620991
130000,0.496464,0.190008,0.313528,0.418159100375
131000,0.497472,0.189088,0.31344,0.416284881299
132000,0.498472,0.188336,0.313192,0.42107455227
133000,0.499104,0.18776,0.313136,0.420866305706
134000,0.500152,0.187032,0.312816,0.42107455227
135000,0.501368,0.186336,0.312296,0.422948771345
136000,0.502592,0.185448,0.31196,0.423781757601
137000,0.503816,0.184624,0.31156,0.424406497293
138000,0.505064,0.183704,0.311232,0.426072469804
139000,0.506232,0.182584,0.311184,0.426697209496
140000,0.50748,0.181608,0.310912,0.426697209496
141000,0.508536,0.180936,0.310528,0.428779675135
142000,0.5098,0.180288,0.309912,0.429612661391
143000,0.510912,0.179696,0.309392,0.429404414827
144000,0.512104,0.179008,0.308888,0.430445647647
145000,0.513328,0.178088,0.308584,0.43169512703
146000,0.51472,0.177088,0.308192,0.433569346106
147000,0.515384,0.176464,0.308152,0.435860058309
148000,0.516488,0.175816,0.307696,0.437734277384
149000,0.5176,0.175056,0.307344,0.438359017076
150000,0.518768,0.174336,0.306896,0.438775510204
151000,0.51976,0.173712,0.306528,0.438775510204
152000,0.520944,0.172816,0.30624,0.438775510204
153000,0.522256,0.171888,0.305856,0.43856726364
154000,0.523296,0.171152,0.305552,0.43960849646
155000,0.524488,0.170272,0.30524,0.43960849646
156000,0.525648,0.169544,0.304808,0.440857975843
157000,0.526776,0.168768,0.304456,0.443148688047
158000,0.52796,0.167944,0.304096,0.443565181175
159000,0.529176,0.167248,0.303576,0.441899208663
160000,0.530304,0.1666,0.303096,0.441899208663
161000,0.531216,0.165824,0.30296,0.442315701791
162000,0.532272,0.16504,0.302688,0.442315701791
163000,0.533352,0.164328,0.30232,0.442732194919
164000,0.534712,0.163688,0.3016,0.442107455227
165000,0.535688,0.162776,0.301536,0.442315701791
166000,0.536656,0.162008,0.301336,0.443148688047
167000,0.537872,0.161264,0.300864,0.44543940025
168000,0.538968,0.16044,0.300592,0.445647646814
169000,0.540416,0.159744,0.29984,0.447730112453
170000,0.541784,0.158832,0.299384,0.447521865889
171000,0.543216,0.158208,0.298576,0.447105372761
172000,0.544096,0.157568,0.298336,0.445231153686
173000,0.545072,0.156912,0.298016,0.444189920866
174000,0.546368,0.156016,0.297616,0.44648063307
175000,0.54756,0.155464,0.296976,0.446272386506
176000,0.548704,0.154872,0.296424,0.448563098709
177000,0.549368,0.154312,0.29632,0.449187838401
178000,0.550768,0.153552,0.29568,0.449396084965
179000,0.551576,0.153152,0.295272,0.450020824656
180000,0.552616,0.152576,0.294808,0.450645564348
181000,0.553992,0.15176,0.294248,0.453769262807
182000,0.555168,0.151136,0.293696,0.453561016243
183000,0.556136,0.150704,0.29316,0.453769262807
184000,0.55736,0.150048,0.292592,0.454185755935
185000,0.558352,0.14956,0.292088,0.453144523115
186000,0.559752,0.148888,0.29136,0.455435235319
187000,0.56084,0.148256,0.290904,0.454185755935
188000,0.561816,0.147488,0.290696,0.456268221574
189000,0.562896,0.14696,0.290144,0.45814244065
190000,0.564096,0.146344,0.28956,0.458350687214
191000,0.56544,0.14572,0.28884,0.458767180342
192000,0.56652,0.145272,0.288208,0.460433152853
193000,0.567688,0.144744,0.287568,0.458975426905
194000,0.568712,0.14416,0.287128,0.461057892545
195000,0.5698,0.14356,0.28664,0.461682632237
196000,0.5708,0.142992,0.286208,0.461474385673
197000,0.57192,0.142472,0.285608,0.461266139109
198000,0.572912,0.141936,0.285152,0.461057892545
199000,0.5736,0.141352,0.285048,0.463348604748
200000,0.574736,0.140864,0.2844,0.463765097876
201000,0.575696,0.140536,0.283768,0.465847563515
202000,0.577128,0.139864,0.283008,0.467721782591
203000,0.57808,0.139384,0.282536,0.470220741358
204000,0.578848,0.138856,0.282296,0.47084548105
205000,0.57992,0.138248,0.281832,0.46980424823
206000,0.580968,0.137624,0.281408,0.472303206997
207000,0.582048,0.136968,0.280984,0.472094960433
208000,0.5832,0.136304,0.280496,0.471678467305
209000,0.584344,0.1358,0.279856,0.471470220741
210000,0.585448,0.135128,0.279424,0.472303206997
211000,0.586216,0.134616,0.279168,0.471261974177
212000,0.587296,0.134024,0.27868,0.472303206997
213000,0.588456,0.133416,0.278128,0.470637234486
214000,0.58968,0.132752,0.277568,0.471886713869
215000,0.590712,0.132056,0.277232,0.471470220741
216000,0.591328,0.13164,0.277032,0.473969179509
217000,0.592416,0.131208,0.276376,0.472927946689
218000,0.593304,0.13068,0.276016,0.473760932945
219000,0.594376,0.130216,0.275408,0.473552686381
220000,0.595432,0.129824,0.274744,0.475010412328
221000,0.596664,0.129288,0.274048,0.475218658892
222000,0.59748,0.129024,0.273496,0.476051645148
223000,0.598144,0.128608,0.273248,0.478134110787
224000,0.599056,0.12816,0.272784,0.481674302374
225000,0.599872,0.127776,0.272352,0.482715535194
226000,0.60064,0.1272,0.27216,0.48250728863
227000,0.601592,0.126512,0.271896,0.483965014577
228000,0.60276,0.126048,0.271192,0.487713452728
229000,0.603944,0.125584,0.270472,0.48833819242
230000,0.605272,0.124856,0.269872,0.487505206164
231000,0.60628,0.12444,0.26928,0.489171178676
232000,0.607192,0.124,0.268808,0.491045397751
233000,0.608296,0.12352,0.268184,0.493544356518
234000,0.609168,0.123184,0.267648,0.492711370262
235000,0.61036,0.12256,0.26708,0.493336109954
236000,0.611584,0.12212,0.266296,0.490628904623
237000,0.612496,0.121696,0.265808,0.491253644315
238000,0.613768,0.12116,0.265072,0.490212411495
239000,0.614568,0.12072,0.264712,0.490420658059
240000,0.61576,0.120032,0.264208,0.491253644315
241000,0.616752,0.1196,0.263648,0.492711370262
242000,0.617752,0.119088,0.26316,0.494585589338
243000,0.61856,0.118608,0.262832,0.494793835902
244000,0.61968,0.118184,0.262136,0.496251561849
245000,0.620848,0.117808,0.261344,0.498334027489
246000,0.622088,0.117104,0.260808,0.499583506872
247000,0.623288,0.116656,0.260056,0.500624739692
248000,0.623912,0.116304,0.259784,0.502290712203
249000,0.624952,0.115888,0.25916,0.503540191587
250000,0.625952,0.115456,0.258592,0.505414410662
251000,0.626784,0.115008,0.258208,0.506039150354
252000,0.627808,0.114648,0.257544,0.504581424406
253000,0.628712,0.11428,0.257008,0.506663890046
254000,0.62984,0.113696,0.256464,0.507288629738
255000,0.630848,0.113344,0.255808,0.508746355685
256000,0.631728,0.113112,0.25516,0.507913369429
257000,0.632592,0.112792,0.254616,0.512286547272
258000,0.633832,0.11216,0.254008,0.511245314452
259000,0.634696,0.111808,0.253496,0.512286547272
260000,0.63548,0.111384,0.253136,0.517284464806
261000,0.636896,0.110824,0.25228,0.520824656393
262000,0.63776,0.110384,0.251856,0.51957517701
263000,0.638544,0.109928,0.251528,0.521241149521
264000,0.639464,0.109616,0.25092,0.523115368596
265000,0.640376,0.1094,0.250224,0.523948354852
266000,0.641552,0.108888,0.24956,0.5254060808
267000,0.642624,0.108336,0.24904,0.527072053311
268000,0.643512,0.10792,0.248568,0.525822573928
269000,0.644288,0.1076,0.248112,0.526655560183
270000,0.645264,0.107088,0.247648,0.528529779259
271000,0.646216,0.10664,0.247144,0.528738025823
272000,0.646968,0.10652,0.246512,0.528113286131
273000,0.647952,0.106208,0.24584,0.528113286131
274000,0.648992,0.105784,0.245224,0.528738025823
275000,0.649864,0.1056,0.244536,0.530403998334
276000,0.6506,0.105296,0.244104,0.531653477718
277000,0.651448,0.105024,0.243528,0.533527696793
278000,0.652328,0.1048,0.242872,0.533944189921
279000,0.653256,0.104352,0.242392,0.534360683049
280000,0.654176,0.104024,0.2418,0.535401915868
281000,0.655,0.103552,0.241448,0.53602665556
282000,0.656096,0.103352,0.240552,0.537484381508
283000,0.656832,0.103168,0.24,0.5381091212
284000,0.657664,0.10288,0.239456,0.540399833403
285000,0.6584,0.102608,0.238992,0.540191586839
286000,0.659408,0.102272,0.23832,0.541024573095
287000,0.660528,0.101944,0.237528,0.543731778426
288000,0.661224,0.10168,0.237096,0.545605997501
289000,0.66232,0.10132,0.23636,0.545605997501
290000,0.663336,0.100992,0.235672,0.545189504373
291000,0.664328,0.100712,0.23496,0.546855476885
292000,0.665368,0.100328,0.234304,0.544981257809
293000,0.666416,0.10008,0.233504,0.545397750937
294000,0.667264,0.099752,0.232984,0.550187421908
295000,0.668048,0.099464,0.232488,0.551436901291
296000,0.668904,0.09928,0.231816,0.552894627239
297000,0.67004,0.099048,0.230912,0.55456059975
298000,0.671,0.09884,0.23016,0.55456059975
299000,0.672056,0.098576,0.229368,0.557684298209
300000,0.673056,0.098432,0.228512,0.558100791337
301000,0.674184,0.09796,0.227856,0.560183256976
302000,0.675264,0.097512,0.227224,0.565181174511
303000,0.67588,0.097368,0.226752,0.56622240733
304000,0.676856,0.097152,0.225992,0.56622240733
305000,0.67808,0.096856,0.225064,0.567471886714
306000,0.679088,0.09656,0.224352,0.569554352353
307000,0.680072,0.096424,0.223504,0.571220324865
308000,0.681008,0.096096,0.222896,0.571012078301
309000,0.681928,0.095856,0.222216,0.572469804248
310000,0.68272,0.095576,0.221704,0.572469804248
311000,0.683648,0.09536,0.220992,0.571220324865
312000,0.684448,0.095168,0.220384,0.570387338609
313000,0.685248,0.094976,0.219776,0.569554352353
314000,0.686152,0.094744,0.219104,0.569346105789
315000,0.687216,0.09444,0.218344,0.573302790504
316000,0.687824,0.094312,0.217864,0.574968763015
317000,0.688616,0.094248,0.217136,0.575177009579
318000,0.689352,0.094,0.216648,0.572678050812
319000,0.690264,0.093864,0.215872,0.573927530196
320000,0.691376,0.093608,0.215016,0.575385256143
321000,0.69228,0.093256,0.214464,0.575385256143
322000,0.693392,0.092944,0.213664,0.576634735527
323000,0.694144,0.09276,0.213096,0.576426488963
324000,0.695056,0.092696,0.212248,0.575593502707
325000,0.696008,0.092528,0.211464,0.575593502707
326000,0.696824,0.092416,0.21076,0.575593502707
327000,0.697616,0.092216,0.210168,0.575801749271
328000,0.698376,0.092064,0.20956,0.575385256143
329000,0.699296,0.091816,0.208888,0.573719283632
330000,0.700152,0.091568,0.20828,0.57413577676
331000,0.701112,0.09132,0.207568,0.572261557684
332000,0.702072,0.091104,0.206824,0.571845064556
333000,0.702968,0.090912,0.20612,0.571636817993
334000,0.703784,0.090832,0.205384,0.571636817993
335000,0.704704,0.09064,0.204656,0.573719283632
336000,0.70548,0.090448,0.204072,0.572469804248
337000,0.706208,0.09032,0.203472,0.572261557684
338000,0.70692,0.090184,0.202896,0.571636817993
339000,0.707896,0.089808,0.202296,0.571845064556
340000,0.708848,0.089528,0.201624,0.57413577676
341000,0.709776,0.08924,0.200984,0.575177009579
342000,0.71032,0.089112,0.200568,0.576842982091
343000,0.711096,0.089,0.199904,0.578508954602
344000,0.711912,0.088848,0.19924,0.578092461474
345000,0.712784,0.088656,0.19856,0.578508954602
346000,0.713592,0.088528,0.19788,0.579758433986
347000,0.714792,0.08812,0.197088,0.580383173678
348000,0.715664,0.087808,0.196528,0.583298625573
349000,0.716416,0.08764,0.195944,0.583298625573
350000,0.717176,0.087504,0.19532,0.583923365264
351000,0.717888,0.08744,0.194672,0.58475635152
352000,0.718816,0.08712,0.194064,0.58475635152
353000,0.719896,0.086832,0.193272,0.586630570596
354000,0.72044,0.086832,0.192728,0.58683881716
355000,0.721168,0.086672,0.19216,0.586630570596
356000,0.721992,0.08648,0.191528,0.587047063723
357000,0.722856,0.0862,0.190944,0.588296543107
358000,0.723576,0.086192,0.190232,0.589962515618
359000,0.724616,0.086008,0.189376,0.590379008746
360000,0.725464,0.08596,0.188576,0.589546022491
361000,0.726368,0.085768,0.187864,0.59058725531
362000,0.727304,0.085624,0.187072,0.591836734694
363000,0.728216,0.085496,0.186288,0.590795501874
364000,0.729048,0.085384,0.185568,0.59162848813
365000,0.72964,0.085416,0.184944,0.591836734694
366000,0.730696,0.085136,0.184168,0.591836734694
367000,0.73156,0.084832,0.183608,0.592461474386
368000,0.732288,0.084856,0.182856,0.590795501874
369000,0.733168,0.084784,0.182048,0.590795501874
370000,0.733856,0.084736,0.181408,0.591003748438
371000,0.73468,0.084472,0.180848,0.594752186589
372000,0.735656,0.08424,0.180104,0.596209912536
373000,0.736464,0.08404,0.179496,0.595793419409
374000,0.737216,0.083872,0.178912,0.594127446897
375000,0.737968,0.083696,0.178336,0.598292378176
376000,0.738568,0.083728,0.177704,0.600166597251
377000,0.739496,0.083584,0.17692,0.603082049146
378000,0.7402,0.083504,0.176296,0.604748021658
379000,0.7408,0.08352,0.17568,0.605581007913
380000,0.741496,0.083448,0.175056,0.606205747605
381000,0.742256,0.083424,0.17432,0.606622240733
382000,0.742976,0.083296,0.173728,0.607663473553
383000,0.743848,0.083184,0.172968,0.608704706372
384000,0.74444,0.08332,0.17224,0.608912952936
385000,0.74524,0.08332,0.17144,0.611411911703
386000,0.745904,0.083336,0.17076,0.613702623907
387000,0.746912,0.083136,0.169952,0.613077884215
388000,0.747496,0.083072,0.169432,0.614327363599
389000,0.748168,0.082872,0.16896,0.614327363599
390000,0.748752,0.082912,0.168336,0.615368596418
391000,0.749584,0.082808,0.167608,0.618075801749
392000,0.75036,0.082728,0.166912,0.618284048313
393000,0.751048,0.082768,0.166184,0.618284048313
394000,0.751656,0.08272,0.165624,0.618908788005
395000,0.752632,0.082488,0.16488,0.62078300708
396000,0.753136,0.082544,0.16432,0.620991253644
397000,0.753752,0.08252,0.163728,0.621199500208
398000,0.754584,0.08228,0.163136,0.621615993336
399000,0.75532,0.082208,0.162472,0.624114952103
400000,0.755928,0.082288,0.161784,0.623281965848
401000,0.7566,0.08228,0.16112,0.624947938359
402000,0.75752,0.08204,0.16044,0.623698458975
403000,0.758208,0.082048,0.159744,0.624531445231
404000,0.758736,0.082232,0.159032,0.62286547272
405000,0.759304,0.082392,0.158304,0.621615993336
406000,0.759712,0.082448,0.15784,0.623073719284
407000,0.760416,0.08236,0.157224,0.623073719284
408000,0.760896,0.0824,0.156704,0.624114952103
409000,0.761552,0.082384,0.156064,0.624323198667
410000,0.762056,0.082416,0.155528,0.623906705539
411000,0.762536,0.082544,0.15492,0.623490212411
412000,0.763048,0.08276,0.154192,0.620366513953
413000,0.76368,0.082728,0.153592,0.622448979592
414000,0.764448,0.082728,0.152824,0.622448979592
415000,0.765032,0.082792,0.152176,0.623281965848
416000,0.7656,0.082848,0.151552,0.624739691795
417000,0.766344,0.082768,0.150888,0.626405664307
418000,0.767104,0.08272,0.150176,0.629737609329
419000,0.767688,0.082912,0.1494,0.628904623074
420000,0.768136,0.082936,0.148928,0.629945855893
421000,0.768936,0.082944,0.14812,0.629529362766
422000,0.769416,0.08308,0.147504,0.630987088713
423000,0.7702,0.082984,0.146816,0.630570595585
424000,0.770848,0.082992,0.14616,0.631195335277
425000,0.771624,0.08304,0.145336,0.631611828405
426000,0.772128,0.083224,0.144648,0.630570595585
427000,0.772776,0.08328,0.143944,0.631195335277
428000,0.773512,0.0832,0.143288,0.636193252811
429000,0.774312,0.083152,0.142536,0.638275718451
430000,0.774936,0.083296,0.141768,0.635985006247
431000,0.775448,0.083368,0.141184,0.636401499375
432000,0.775872,0.083408,0.14072,0.639525197834
433000,0.776536,0.08336,0.140104,0.640774677218
434000,0.776904,0.083424,0.139672,0.641607663474
435000,0.77736,0.083504,0.139136,0.639525197834
436000,0.77784,0.08356,0.1386,0.642024156601
437000,0.778416,0.0836,0.137984,0.640774677218
438000,0.779184,0.083704,0.137112,0.640566430654
439000,0.779864,0.0836,0.136536,0.641607663474
440000,0.780376,0.083624,0.136,0.643690129113
441000,0.780704,0.083856,0.13544,0.642857142857
442000,0.780928,0.08408,0.134992,0.644731361933
443000,0.781464,0.084056,0.13448,0.644731361933
444000,0.781928,0.084304,0.133768,0.648479800083
445000,0.782672,0.08416,0.133168,0.647438567264
446000,0.783392,0.084064,0.132544,0.648688046647
447000,0.783872,0.084176,0.131952,0.649521032903
448000,0.784464,0.084168,0.131368,0.648688046647
449000,0.78496,0.084248,0.130792,0.649729279467
450000,0.7856,0.08436,0.13004,0.650354019159
451000,0.786128,0.084512,0.12936,0.649312786339
452000,0.786576,0.084616,0.128808,0.649312786339
453000,0.787056,0.084872,0.128072,0.648063306955
454000,0.7876,0.08488,0.12752,0.650770512287
455000,0.787992,0.085016,0.126992,0.650770512287
456000,0.788336,0.085168,0.126496,0.651811745106
457000,0.788952,0.085264,0.125784,0.652436484798
458000,0.789432,0.085352,0.125216,0.654935443565
459000,0.790032,0.08536,0.124608,0.655976676385
460000,0.790424,0.0856,0.123976,0.655143690129
461000,0.790864,0.08584,0.123296,0.655351936693
462000,0.791488,0.085888,0.122624,0.655351936693
463000,0.791904,0.086024,0.122072,0.657017909204
464000,0.792224,0.086312,0.121464,0.659100374844
465000,0.792448,0.086544,0.121008,0.659516867972
466000,0.792776,0.086768,0.120456,0.661182840483
467000,0.793088,0.087008,0.119904,0.661182840483
468000,0.793528,0.08704,0.119432,0.663473552686
469000,0.793944,0.087224,0.118832,0.66368179925
470000,0.794304,0.087456,0.11824,0.663890045814
471000,0.794608,0.08768,0.117712,0.664514785506
472000,0.795128,0.08792,0.116952,0.666180758017
473000,0.795496,0.08808,0.116424,0.66576426489
474000,0.796032,0.088104,0.115864,0.666180758017
475000,0.796488,0.08824,0.115272,0.666389004581
476000,0.796888,0.08844,0.114672,0.666805497709
477000,0.797208,0.088696,0.114096,0.667638483965
478000,0.797744,0.088776,0.11348,0.667638483965
479000,0.798152,0.088968,0.11288,0.666805497709
480000,0.79852,0.089352,0.112128,0.668887963349
481000,0.798832,0.089608,0.11156,0.668471470221
482000,0.799136,0.089784,0.11108,0.669304456476
483000,0.79948,0.09012,0.1104,0.66951270304
484000,0.799856,0.090248,0.109896,0.667430237401
485000,0.800296,0.090424,0.10928,0.670345689296
486000,0.800704,0.090584,0.108712,0.672428154935
487000,0.80096,0.090688,0.108352,0.671803415244
488000,0.801056,0.091128,0.107816,0.67534360683
489000,0.801304,0.09136,0.107336,0.675551853394
490000,0.801528,0.09164,0.106832,0.676801332778
491000,0.801848,0.091952,0.1062,0.675551853394
492000,0.802104,0.092288,0.105608,0.678467305289
493000,0.802264,0.09264,0.105096,0.678050812162
494000,0.802552,0.092896,0.104552,0.678675551853
495000,0.802776,0.093136,0.104088,0.679925031237
496000,0.803064,0.09332,0.103616,0.678675551853
497000,0.80356,0.093384,0.103056,0.677634319034
498000,0.803808,0.093616,0.102576,0.680966264057
499000,0.804032,0.09384,0.102128,0.677217825906
500000,0.804328,0.094144,0.101528,0.677634319034
