1000,0.33376,0.331312,0.334928,0.341524364848
2000,0.335904,0.330856,0.33324,0.340483132028
3000,0.33808,0.330296,0.331624,0.340274885464
4000,0.340256,0.329728,0.330016,0.340899625156
5000,0.3424,0.329256,0.328344,0.338817159517
6000,0.34456,0.328456,0.326984,0.338400666389
7000,0.346688,0.327792,0.32552,0.339025406081
8000,0.348528,0.327448,0.324024,0.337151187005
9000,0.350784,0.32688,0.322336,0.337567680133
10000,0.352816,0.326344,0.32084,0.3400666389
11000,0.35484,0.325888,0.319272,0.3400666389
12000,0.357152,0.325224,0.317624,0.339858392337
13000,0.35916,0.32488,0.31596,0.339025406081
14000,0.361112,0.324352,0.314536,0.340274885464
15000,0.363528,0.323752,0.31272,0.3400666389
16000,0.365472,0.323592,0.310936,0.340274885464
17000,0.367224,0.323376,0.3094,0.342565597668
18000,0.369248,0.3228,0.307952,0.342357351104
19000,0.371152,0.322344,0.306504,0.342565597668
20000,0.373136,0.321968,0.304896,0.343190337359
21000,0.375008,0.321656,0.303336,0.343398583923
22000,0.377024,0.32096,0.302016,0.342773844232
23000,0.37892,0.320472,0.300608,0.342357351104
24000,0.380952,0.320072,0.298976,0.341316118284
25000,0.38276,0.319616,0.297624,0.340483132028
26000,0.384808,0.319216,0.295976,0.337151187005
27000,0.386704,0.318936,0.29436,0.336734693878
28000,0.388664,0.318528,0.292808,0.337984173261
29000,0.390712,0.318104,0.291184,0.341316118284
30000,0.392464,0.31808,0.289456,0.340899625156
31000,0.3944,0.317712,0.287888,0.34110787172
32000,0.39636,0.317312,0.286328,0.340899625156
33000,0.398608,0.316632,0.28476,0.340483132028
34000,0.400456,0.316496,0.283048,0.343190337359
35000,0.402464,0.316056,0.28148,0.344648063307
36000,0.404752,0.315632,0.279616,0.346522282382
37000,0.4068,0.315536,0.277664,0.346314035818
38000,0.4084,0.315368,0.276232,0.345897542691
39000,0.410424,0.314816,0.27476,0.348396501458
40000,0.41264,0.314208,0.273152,0.349645980841
41000,0.414224,0.31416,0.271616,0.352353186172
42000,0.416272,0.313656,0.270072,0.351728446481
43000,0.417832,0.313424,0.268744,0.353186172428
44000,0.419464,0.313272,0.267264,0.353602665556
45000,0.421728,0.312848,0.265424,0.356309870887
46000,0.423024,0.31284,0.264136,0.355893377759
47000,0.424736,0.31248,0.262784,0.357559350271
48000,0.426416,0.312224,0.26136,0.358392336526
49000,0.428048,0.31212,0.259832,0.359850062474
50000,0.429888,0.311616,0.258496,0.361516034985
51000,0.431496,0.3114,0.257104,0.363390254061
52000,0.433344,0.310992,0.255664,0.365680966264
53000,0.435016,0.310976,0.254008,0.365264473136
54000,0.43672,0.310576,0.252704,0.36443148688
55000,0.438464,0.310296,0.25124,0.365680966264
56000,0.440464,0.309864,0.249672,0.366722199084
57000,0.441912,0.309728,0.24836,0.368388171595
58000,0.443352,0.309728,0.24692,0.368804664723
59000,0.445024,0.309744,0.245232,0.368596418159
60000,0.44668,0.309512,0.243808,0.368596418159
61000,0.44836,0.30936,0.24228,0.369845897543
62000,0.449992,0.309376,0.240632,0.372553102874
63000,0.451272,0.309376,0.239352,0.372761349438
64000,0.452616,0.309336,0.238048,0.374843815077
65000,0.454216,0.309128,0.236656,0.375052061641
66000,0.455648,0.309104,0.235248,0.376718034152
67000,0.457,0.309032,0.233968,0.374427321949
68000,0.458208,0.309352,0.23244,0.374843815077
69000,0.459632,0.309376,0.230992,0.373802582257
70000,0.461072,0.309384,0.229544,0.375885047897
71000,0.462296,0.309232,0.228472,0.378592253228
72000,0.463904,0.30896,0.227136,0.376926280716
73000,0.465232,0.30912,0.225648,0.376093294461
74000,0.466544,0.309224,0.224232,0.374427321949
75000,0.46792,0.309072,0.223008,0.372761349438
76000,0.4694,0.308928,0.221672,0.374219075385
77000,0.470672,0.309128,0.2202,0.373594335693
78000,0.471776,0.309384,0.21884,0.372761349438
79000,0.473392,0.30916,0.217448,0.377759266972
80000,0.474752,0.309384,0.215864,0.378592253228
81000,0.475952,0.30952,0.214528,0.378800499792
82000,0.47688,0.309784,0.213336,0.378384006664
83000,0.478312,0.30964,0.212048,0.380466472303
84000,0.47932,0.309952,0.210728,0.380674718867
85000,0.480536,0.310144,0.20932,0.378592253228
86000,0.481712,0.310352,0.207936,0.382132444815
87000,0.482792,0.3104,0.206808,0.381924198251
88000,0.484168,0.310536,0.205296,0.383173677634
89000,0.4852,0.310728,0.204072,0.384214910454
90000,0.486312,0.310984,0.202704,0.386922115785
91000,0.487384,0.310992,0.201624,0.386922115785
92000,0.488424,0.31116,0.200416,0.389212827988
93000,0.48964,0.311264,0.199096,0.390462307372
94000,0.490984,0.311344,0.197672,0.392544773011
95000,0.492112,0.31136,0.196528,0.392753019575
96000,0.493568,0.31112,0.195312,0.395251978342
97000,0.494952,0.311176,0.193872,0.395251978342
98000,0.49608,0.311208,0.192712,0.395251978342
99000,0.497472,0.311096,0.191432,0.39775093711
100000,0.498704,0.311296,0.19,0.39670970429
101000,0.499864,0.311416,0.18872,0.398375676801
102000,0.501136,0.3114,0.187464,0.399000416493
103000,0.502144,0.311592,0.186264,0.399000416493
104000,0.503376,0.311416,0.185208,0.399625156185
105000,0.504488,0.311424,0.184088,0.399625156185
106000,0.505544,0.311424,0.183032,0.401082882132
107000,0.506752,0.31136,0.181888,0.400874635569
108000,0.508088,0.311376,0.180536,0.400041649313
109000,0.508896,0.311368,0.179736,0.399000416493
110000,0.510008,0.311488,0.178504,0.399000416493
111000,0.51076,0.311768,0.177472,0.398583923365
112000,0.51164,0.311992,0.176368,0.399416909621
113000,0.512648,0.312176,0.175176,0.399833402749
114000,0.513512,0.3124,0.174088,0.399416909621
115000,0.514456,0.312752,0.172792,0.400041649313
116000,0.51544,0.312904,0.171656,0.401082882132
117000,0.516512,0.313008,0.17048,0.4035818409
118000,0.517576,0.31296,0.169464,0.402332361516
119000,0.518416,0.313056,0.168528,0.40254060808
120000,0.519568,0.313176,0.167256,0.404623073719
121000,0.520448,0.313536,0.166016,0.40733027905
122000,0.521392,0.313728,0.16488,0.407955018742
123000,0.5222,0.313896,0.163904,0.408579758434
124000,0.523136,0.314,0.162864,0.409829237818
125000,0.524008,0.31408,0.161912,0.411911703457
126000,0.525088,0.314128,0.160784,0.416701374427
127000,0.525928,0.31436,0.159712,0.416701374427
128000,0.526952,0.314408,0.15864,0.416701374427
129000,0.527968,0.314424,0.157608,0.418992086631
130000,0.528984,0.314424,0.156592,0.419408579758
131000,0.530024,0.314512,0.155464,0.419616826322
132000,0.530544,0.314912,0.154544,0.418575593503
133000,0.531296,0.315128,0.153576,0.416493127863
134000,0.532048,0.315496,0.152456,0.418783840067
135000,0.532904,0.315536,0.15156,0.420241566014
136000,0.53376,0.315616,0.150624,0.420866305706
137000,0.534448,0.315896,0.149656,0.420241566014
138000,0.535216,0.31596,0.148824,0.421282798834
139000,0.535936,0.316088,0.147976,0.42003331945
140000,0.537136,0.316008,0.146856,0.421491045398
141000,0.53804,0.316112,0.145848,0.422532278217
142000,0.538808,0.316224,0.144968,0.423990004165
143000,0.539656,0.316448,0.143896,0.424406497293
144000,0.540528,0.316624,0.142848,0.424614743857
145000,0.541592,0.316504,0.141904,0.427738442316
146000,0.542712,0.316312,0.140976,0.428571428571
147000,0.543616,0.31636,0.140024,0.431278633903
148000,0.544592,0.316272,0.139136,0.432528113286
149000,0.545248,0.31664,0.138112,0.434818825489
150000,0.545696,0.316968,0.137336,0.434610578925
151000,0.54664,0.31704,0.13632,0.436693044565
152000,0.547352,0.317136,0.135512,0.437109537693
153000,0.547712,0.317736,0.134552,0.436901291129
154000,0.548488,0.317856,0.133656,0.436901291129
155000,0.549288,0.31804,0.132672,0.437942523948
156000,0.549912,0.318248,0.13184,0.437942523948
157000,0.550808,0.318232,0.13096,0.43752603082
158000,0.551536,0.31836,0.130104,0.439400249896
159000,0.552392,0.3186,0.129008,0.440233236152
160000,0.553192,0.318688,0.12812,0.440649729279
161000,0.553936,0.318728,0.127336,0.441690962099
162000,0.55448,0.319192,0.126328,0.442315701791
163000,0.554816,0.31972,0.125464,0.443148688047
164000,0.555232,0.32008,0.124688,0.442523948355
165000,0.555408,0.320792,0.1238,0.443773427738
166000,0.555944,0.321032,0.123024,0.443356934611
167000,0.556736,0.321072,0.122192,0.442523948355
168000,0.55748,0.321024,0.121496,0.447313619325
169000,0.558,0.321176,0.120824,0.449812578092
170000,0.558384,0.321544,0.120072,0.454394002499
171000,0.5588,0.32184,0.11936,0.454185755935
172000,0.559448,0.32196,0.118592,0.455018742191
173000,0.559912,0.322392,0.117696,0.459391920033
174000,0.560088,0.322936,0.116976,0.460224906289
175000,0.560464,0.323336,0.1162,0.458767180342
176000,0.560952,0.323664,0.115384,0.460016659725
177000,0.561792,0.323568,0.11464,0.459391920033
178000,0.562504,0.32364,0.113856,0.462515618492
179000,0.563024,0.323896,0.11308,0.46293211162
180000,0.563448,0.324184,0.112368,0.4618908788
181000,0.563744,0.324488,0.111768,0.462723865056
182000,0.56408,0.324904,0.111016,0.464181591004
183000,0.564544,0.325288,0.110168,0.46293211162
184000,0.56492,0.325632,0.109448,0.465431070387
185000,0.565472,0.32572,0.108808,0.468138275718
186000,0.565912,0.325968,0.10812,0.469179508538
187000,0.56628,0.326288,0.107432,0.468554768846
188000,0.566888,0.326432,0.10668,0.468554768846
189000,0.567192,0.32676,0.106048,0.470012494794
190000,0.567904,0.326728,0.105368,0.47084548105
191000,0.568088,0.327192,0.10472,0.469596001666
192000,0.568592,0.3274,0.104008,0.47084548105
193000,0.569216,0.327416,0.103368,0.471470220741
194000,0.569664,0.327504,0.102832,0.472094960433
195000,0.569976,0.32784,0.102184,0.472094960433
196000,0.570424,0.328056,0.10152,0.470428987922
197000,0.570624,0.328448,0.100928,0.468971261974
198000,0.571112,0.3288,0.100088,0.468138275718
199000,0.571936,0.328592,0.099472,0.470637234486
200000,0.572368,0.328896,0.098736,0.472927946689
201000,0.572984,0.328976,0.09804,0.471678467305
202000,0.573504,0.32904,0.097456,0.471470220741
203000,0.57392,0.329304,0.096776,0.471470220741
204000,0.574192,0.329624,0.096184,0.471470220741
205000,0.57464,0.329696,0.095664,0.473760932945
206000,0.574872,0.330136,0.094992,0.475010412328
207000,0.57516,0.33052,0.09432,0.472927946689
208000,0.575248,0.33104,0.093712,0.471678467305
209000,0.575536,0.331256,0.093208,0.471886713869
210000,0.576032,0.331456,0.092512,0.473344439817
211000,0.576472,0.331648,0.09188,0.4745939192
212000,0.577032,0.331792,0.091176,0.476468138276
213000,0.577456,0.331952,0.090592,0.476884631404
214000,0.577896,0.332,0.090104,0.477925864223
215000,0.578568,0.331928,0.089504,0.480008329863
216000,0.578776,0.33224,0.088984,0.478342357351
217000,0.57892,0.332656,0.088424,0.478134110787
218000,0.579152,0.332992,0.087856,0.47563515202
219000,0.579456,0.333184,0.08736,0.47563515202
220000,0.579544,0.3336,0.086856,0.476468138276
221000,0.579632,0.333976,0.086392,0.476259891712
222000,0.579896,0.334248,0.085856,0.475218658892
223000,0.57992,0.334808,0.085272,0.476051645148
224000,0.580456,0.334864,0.08468,0.476051645148
225000,0.580648,0.335192,0.08416,0.476051645148
226000,0.580848,0.335592,0.08356,0.478342357351
227000,0.581088,0.335848,0.083064,0.479175343607
228000,0.581584,0.335944,0.082472,0.478967097043
229000,0.581664,0.336392,0.081944,0.480633069554
230000,0.581936,0.336696,0.081368,0.478967097043
231000,0.582344,0.336848,0.080808,0.47667638484
232000,0.582832,0.336912,0.080256,0.47563515202
233000,0.583264,0.337048,0.079688,0.47667638484
234000,0.5836,0.337416,0.078984,0.480633069554
235000,0.58404,0.337448,0.078512,0.48146605581
236000,0.584208,0.337808,0.077984,0.480008329863
237000,0.584216,0.338304,0.07748,0.482090795502
238000,0.584992,0.338176,0.076832,0.48042482299
239000,0.58532,0.338408,0.076272,0.480633069554
240000,0.585368,0.338936,0.075696,0.480216576426
241000,0.585728,0.33908,0.075192,0.481882548938
242000,0.586152,0.339184,0.074664,0.481257809246
243000,0.586464,0.339416,0.07412,0.482090795502
244000,0.586768,0.339592,0.07364,0.483132028322
245000,0.586808,0.339992,0.0732,0.483548521449
246000,0.58708,0.34008,0.07284,0.48250728863
247000,0.587672,0.340112,0.072216,0.484589754269
248000,0.588056,0.340128,0.071816,0.484589754269
249000,0.58832,0.340456,0.071224,0.483965014577
250000,0.5884,0.340912,0.070688,0.483132028322
251000,0.58836,0.341392,0.070248,0.483756768013
252000,0.58832,0.341832,0.069848,0.483548521449
253000,0.58868,0.342,0.06932,0.485006247397
254000,0.589168,0.341984,0.068848,0.488754685548
255000,0.589488,0.342168,0.068344,0.488962932112
256000,0.589656,0.34244,0.067904,0.486672219908
257000,0.589936,0.342696,0.067368,0.4872969596
258000,0.59024,0.342856,0.066904,0.485630987089
259000,0.590496,0.343168,0.066336,0.485839233653
260000,0.590824,0.343288,0.065888,0.486880466472
261000,0.591176,0.343512,0.065312,0.490004164931
262000,0.59172,0.343424,0.064856,0.490420658059
263000,0.592,0.343544,0.064456,0.491253644315
264000,0.592616,0.343288,0.064096,0.490837151187
265000,0.59304,0.343312,0.063648,0.492503123698
266000,0.593264,0.343552,0.063184,0.49312786339
267000,0.593392,0.343872,0.062736,0.494793835902
268000,0.593768,0.343864,0.062368,0.493544356518
269000,0.593952,0.344064,0.061984,0.491878384007
270000,0.594312,0.344072,0.061616,0.493336109954
271000,0.594664,0.344208,0.061128,0.493960849646
272000,0.594432,0.344832,0.060736,0.493960849646
273000,0.594592,0.345216,0.060192,0.495002082466
274000,0.594888,0.345368,0.059744,0.496459808413
275000,0.5948,0.345824,0.059376,0.496668054977
276000,0.595016,0.346008,0.058976,0.498125780925
277000,0.595248,0.34616,0.058592,0.496876301541
278000,0.595224,0.346448,0.058328,0.499583506872
279000,0.595256,0.34676,0.057984,0.49895876718
280000,0.5956,0.346856,0.057544,0.500208246564
281000,0.595768,0.347072,0.05716,0.500416493128
282000,0.59572,0.347552,0.056728,0.5
283000,0.595992,0.34764,0.056368,0.501665972511
284000,0.596336,0.347752,0.055912,0.502498958767
285000,0.59636,0.348136,0.055504,0.501874219075
286000,0.59664,0.348256,0.055104,0.500208246564
287000,0.596896,0.348384,0.05472,0.499167013744
288000,0.596896,0.348856,0.054248,0.501457725948
289000,0.596984,0.349112,0.053904,0.50104123282
290000,0.597024,0.349416,0.05356,0.501874219075
291000,0.59736,0.34944,0.0532,0.503331945023
292000,0.597536,0.349592,0.052872,0.504373177843
293000,0.597856,0.349656,0.052488,0.50583090379
294000,0.597848,0.350072,0.05208,0.505622657226
295000,0.597952,0.350352,0.051696,0.50478967097
296000,0.59792,0.350704,0.051376,0.505206164098
297000,0.597872,0.35104,0.051088,0.504997917534
298000,0.597576,0.351728,0.050696,0.504581424406
299000,0.59812,0.351584,0.050296,0.506663890046
300000,0.598296,0.351848,0.049856,0.50478967097
301000,0.598544,0.351944,0.049512,0.505414410662
302000,0.598896,0.351968,0.049136,0.504164931279
303000,0.598864,0.352368,0.048768,0.504373177843
304000,0.598832,0.352704,0.048464,0.504997917534
305000,0.598752,0.353048,0.0482,0.508121615993
306000,0.598688,0.353528,0.047784,0.508329862557
307000,0.598952,0.35368,0.047368,0.508121615993
308000,0.598824,0.35412,0.047056,0.507288629738
309000,0.598824,0.354384,0.046792,0.504997917534
310000,0.59912,0.35444,0.04644,0.505206164098
311000,0.599152,0.354696,0.046152,0.50583090379
312000,0.599424,0.35476,0.045816,0.507913369429
313000,0.59924,0.355256,0.045504,0.508538109121
314000,0.599544,0.35528,0.045176,0.510620574761
315000,0.599736,0.355432,0.044832,0.508538109121
316000,0.59996,0.355488,0.044552,0.508538109121
317000,0.600432,0.355392,0.044176,0.509162848813
318000,0.60064,0.355528,0.043832,0.509371095377
319000,0.60088,0.355536,0.043584,0.509579341941
320000,0.601104,0.355624,0.043272,0.509371095377
321000,0.601088,0.355928,0.042984,0.508746355685
322000,0.601136,0.356184,0.04268,0.510620574761
323000,0.601296,0.35632,0.042384,0.509787588505
324000,0.601432,0.356496,0.042072,0.509371095377
325000,0.6016,0.356688,0.041712,0.509995835069
326000,0.60152,0.356992,0.041488,0.511037067888
327000,0.601296,0.357488,0.041216,0.512286547272
328000,0.601448,0.357728,0.040824,0.513327780092
329000,0.601368,0.358112,0.04052,0.51166180758
330000,0.601448,0.358296,0.040256,0.513327780092
331000,0.601344,0.358624,0.040032,0.512078300708
332000,0.601368,0.358888,0.039744,0.513952519783
333000,0.601464,0.35916,0.039376,0.511870054144
334000,0.601272,0.359592,0.039136,0.511870054144
335000,0.601352,0.35976,0.038888,0.512911286964
336000,0.601584,0.359768,0.038648,0.512911286964
337000,0.601584,0.360008,0.038408,0.513952519783
338000,0.601448,0.360392,0.03816,0.511037067888
339000,0.601608,0.360488,0.037904,0.511870054144
340000,0.601824,0.360504,0.037672,0.511870054144
341000,0.602088,0.360504,0.037408,0.513536026656
342000,0.601952,0.360992,0.037056,0.516451478551
343000,0.601832,0.361344,0.036824,0.516243231987
344000,0.601912,0.36152,0.036568,0.516451478551
345000,0.601624,0.361984,0.036392,0.515618492295
346000,0.60184,0.362008,0.036152,0.51749271137
347000,0.601816,0.362224,0.03596,0.519783423574
348000,0.60164,0.362688,0.035672,0.51749271137
349000,0.601568,0.363024,0.035408,0.519366930446
350000,0.601384,0.363408,0.035208,0.518325697626
351000,0.602056,0.36308,0.034864,0.517284464806
352000,0.602136,0.363264,0.0346,0.515618492295
353000,0.602072,0.36356,0.034368,0.516451478551
354000,0.602088,0.363824,0.034088,0.517909204498
355000,0.60212,0.364088,0.033792,0.517076218242
356000,0.602288,0.364128,0.033584,0.517076218242
357000,0.602312,0.3644,0.033288,0.517284464806
358000,0.602296,0.364608,0.033096,0.519366930446
359000,0.60224,0.364896,0.032864,0.519991670137
360000,0.6024,0.364976,0.032624,0.519991670137
361000,0.602592,0.364992,0.032416,0.51957517701
362000,0.602512,0.365352,0.032136,0.517284464806
363000,0.602568,0.365416,0.032016,0.516659725115
364000,0.602456,0.36568,0.031864,0.515826738859
365000,0.602616,0.365752,0.031632,0.515618492295
366000,0.602792,0.36576,0.031448,0.514577259475
367000,0.602784,0.36592,0.031296,0.514369012911
368000,0.602808,0.366104,0.031088,0.514993752603
369000,0.602744,0.366464,0.030792,0.512911286964
370000,0.602896,0.366496,0.030608,0.514369012911
371000,0.602856,0.366672,0.030472,0.514993752603
372000,0.602672,0.367048,0.03028,0.514577259475
373000,0.602688,0.36736,0.029952,0.514577259475
374000,0.602608,0.367632,0.02976,0.515618492295
375000,0.602648,0.367768,0.029584,0.516034985423
376000,0.602608,0.368016,0.029376,0.515410245731
377000,0.602544,0.368328,0.029128,0.517284464806
378000,0.602688,0.368352,0.02896,0.518117451062
379000,0.602824,0.368448,0.028728,0.51853394419
380000,0.602608,0.368928,0.028464,0.518950437318
381000,0.602504,0.369272,0.028224,0.521241149521
382000,0.602616,0.36936,0.028024,0.519158683882
383000,0.602392,0.3698,0.027808,0.518742190754
384000,0.602424,0.369896,0.02768,0.518325697626
385000,0.602592,0.370024,0.027384,0.520199916701
386000,0.602712,0.370096,0.027192,0.519158683882
387000,0.603072,0.369936,0.026992,0.517284464806
388000,0.603264,0.369976,0.02676,0.51957517701
389000,0.603624,0.369736,0.02664,0.522698875469
390000,0.603576,0.369928,0.026496,0.524573094544
391000,0.603776,0.369912,0.026312,0.525614327364
392000,0.603384,0.370528,0.026088,0.527072053311
393000,0.6034,0.370704,0.025896,0.524573094544
394000,0.603368,0.370928,0.025704,0.52332361516
395000,0.603528,0.370896,0.025576,0.52332361516
396000,0.603544,0.371064,0.025392,0.522074135777
397000,0.603608,0.37116,0.025232,0.521032902957
398000,0.603416,0.371488,0.025096,0.522074135777
399000,0.60304,0.372024,0.024936,0.523531861724
400000,0.603016,0.372272,0.024712,0.520408163265
401000,0.603136,0.372376,0.024488,0.518950437318
402000,0.602912,0.372712,0.024376,0.518950437318
403000,0.603128,0.372672,0.0242,0.520616409829
404000,0.603024,0.372952,0.024024,0.522698875469
405000,0.602904,0.373232,0.023864,0.522907122032
406000,0.602872,0.373448,0.02368,0.524573094544
407000,0.602856,0.373688,0.023456,0.524989587672
408000,0.60292,0.373792,0.023288,0.525822573928
409000,0.602576,0.37424,0.023184,0.5254060808
410000,0.602304,0.374744,0.022952,0.525822573928
411000,0.602408,0.374832,0.02276,0.527280299875
412000,0.602432,0.374968,0.0226,0.527905039567
413000,0.602192,0.375352,0.022456,0.527280299875
414000,0.602576,0.375128,0.022296,0.526863806747
415000,0.60264,0.375184,0.022176,0.528946272387
416000,0.602512,0.375504,0.021984,0.528113286131
417000,0.602568,0.375608,0.021824,0.527905039567
418000,0.602296,0.376072,0.021632,0.528738025823
419000,0.602008,0.376504,0.021488,0.530820491462
420000,0.602128,0.37656,0.021312,0.53123698459
421000,0.602072,0.376696,0.021232,0.529779258642
422000,0.602088,0.37688,0.021032,0.532278217409
423000,0.602048,0.377016,0.020936,0.533944189921
424000,0.602048,0.377136,0.020816,0.534360683049
425000,0.601936,0.377384,0.02068,0.531028738026
426000,0.602016,0.377416,0.020568,0.533319450229
427000,0.602264,0.377328,0.020408,0.532902957101
428000,0.602056,0.377688,0.020256,0.531861724282
429000,0.602136,0.377752,0.020112,0.529779258642
430000,0.602104,0.37792,0.019976,0.529362765514
431000,0.601936,0.378168,0.019896,0.529779258642
432000,0.601688,0.378552,0.01976,0.532278217409
433000,0.601912,0.378424,0.019664,0.533944189921
434000,0.601928,0.3786,0.019472,0.532694710537
435000,0.60188,0.378856,0.019264,0.532694710537
436000,0.601984,0.378896,0.01912,0.531653477718
437000,0.601952,0.379064,0.018984,0.530403998334
438000,0.602032,0.379088,0.01888,0.53019575177
439000,0.602,0.379216,0.018784,0.529779258642
440000,0.602088,0.37928,0.018632,0.527488546439
441000,0.601816,0.379608,0.018576,0.53019575177
442000,0.601776,0.379848,0.018376,0.531861724282
443000,0.601936,0.379816,0.018248,0.530612244898
444000,0.602104,0.379816,0.01808,0.53019575177
445000,0.601776,0.380184,0.01804,0.53019575177
446000,0.601864,0.380184,0.017952,0.528529779259
447000,0.601928,0.380184,0.017888,0.526447313619
448000,0.6018,0.380424,0.017776,0.526863806747
449000,0.6018,0.380544,0.017656,0.527280299875
450000,0.601632,0.380896,0.017472,0.527696793003
451000,0.601352,0.38128,0.017368,0.527072053311
452000,0.601184,0.381544,0.017272,0.5254060808
453000,0.601088,0.38176,0.017152,0.524989587672
454000,0.601224,0.38172,0.017056,0.524781341108
455000,0.601104,0.381944,0.016952,0.526239067055
456000,0.600968,0.382176,0.016856,0.526030820491
457000,0.600976,0.38224,0.016784,0.526030820491
458000,0.600768,0.382536,0.016696,0.524573094544
459000,0.600912,0.38248,0.016608,0.526239067055
460000,0.60096,0.38256,0.01648,0.526239067055
461000,0.600888,0.382768,0.016344,0.524989587672
462000,0.600696,0.383064,0.01624,0.526239067055
463000,0.601008,0.382856,0.016136,0.526863806747
464000,0.600872,0.383072,0.016056,0.526447313619
465000,0.601024,0.383064,0.015912,0.526447313619
466000,0.601192,0.383,0.015808,0.526030820491
467000,0.601224,0.383096,0.01568,0.527280299875
468000,0.601128,0.38328,0.015592,0.527072053311
469000,0.600928,0.383568,0.015504,0.526863806747
470000,0.600904,0.38368,0.015416,0.527696793003
471000,0.600776,0.38388,0.015344,0.527696793003
472000,0.600504,0.384232,0.015264,0.528738025823
473000,0.600312,0.384536,0.015152,0.527072053311
474000,0.600088,0.38484,0.015072,0.526239067055
475000,0.599856,0.38512,0.015024,0.526239067055
476000,0.599816,0.385264,0.01492,0.525197834236
477000,0.600088,0.385088,0.014824,0.523115368596
478000,0.59992,0.385352,0.014728,0.527072053311
479000,0.60028,0.385072,0.014648,0.527696793003
480000,0.600288,0.38516,0.014552,0.527488546439
481000,0.600264,0.385288,0.014448,0.529571012078
482000,0.600304,0.385344,0.014352,0.528529779259
483000,0.600128,0.38568,0.014192,0.527280299875
484000,0.599952,0.385912,0.014136,0.526030820491
485000,0.600136,0.385832,0.014032,0.525197834236
486000,0.599992,0.386056,0.013952,0.525614327364
487000,0.600232,0.385912,0.013856,0.526447313619
488000,0.600064,0.38624,0.013696,0.526863806747
489000,0.600144,0.38628,0.013576,0.527280299875
490000,0.599928,0.386592,0.01348,0.52915451895
491000,0.599832,0.3868,0.013368,0.528113286131
492000,0.599976,0.38672,0.013304,0.528738025823
493000,0.599904,0.386856,0.01324,0.533527696793
494000,0.600024,0.386832,0.013144,0.533735943357
495000,0.599992,0.386944,0.013064,0.535610162432
496000,0.600152,0.386888,0.01296,0.53706788838
497000,0.60016,0.386968,0.012872,0.536859641816
498000,0.600392,0.386808,0.0128,0.536651395252
499000,0.600152,0.387136,0.012712,0.536651395252
500000,0.599912,0.387448,0.01264,0.537276134944
