1000,0.336664,0.333136,0.3302,0.325905872553
2000,0.337856,0.333064,0.32908,0.324864639733
3000,0.339472,0.332568,0.32796,0.324239900042
4000,0.340824,0.332432,0.326744,0.326530612245
5000,0.342344,0.332464,0.325192,0.326947105373
6000,0.343568,0.332608,0.323824,0.324864639733
7000,0.344952,0.332304,0.322744,0.324239900042
8000,0.346248,0.33216,0.321592,0.321949187838
9000,0.347848,0.3318,0.320352,0.321116201583
10000,0.348872,0.331912,0.319216,0.321949187838
11000,0.350384,0.331776,0.31784,0.321532694711
12000,0.351752,0.331832,0.316416,0.322990420658
13000,0.353184,0.331696,0.31512,0.323198667222
14000,0.354896,0.331432,0.313672,0.322157434402
15000,0.356304,0.33156,0.312136,0.322782174094
16000,0.357944,0.331336,0.31072,0.324239900042
17000,0.359328,0.331496,0.309176,0.323406913786
18000,0.3606,0.331704,0.307696,0.32361516035
19000,0.36192,0.331592,0.306488,0.323406913786
20000,0.36352,0.33104,0.30544,0.323823406914
21000,0.364856,0.331056,0.304088,0.324864639733
22000,0.366352,0.330664,0.302984,0.327155351937
23000,0.367504,0.330608,0.301888,0.328196584756
24000,0.368424,0.330976,0.3006,0.330279050396
25000,0.369848,0.330968,0.299184,0.330695543524
26000,0.371208,0.330952,0.29784,0.332778009163
27000,0.372448,0.330976,0.296576,0.333610995419
28000,0.374184,0.3308,0.295016,0.333819241983
29000,0.375488,0.330808,0.293704,0.334860474802
30000,0.376888,0.330624,0.292488,0.33423573511
31000,0.378096,0.33064,0.291264,0.334027488546
32000,0.379496,0.330616,0.289888,0.335901707622
33000,0.38068,0.330776,0.288544,0.336734693878
34000,0.382256,0.330408,0.287336,0.336526447314
35000,0.383736,0.330128,0.286136,0.338608912953
36000,0.385152,0.330056,0.284792,0.338817159517
37000,0.386472,0.329896,0.283632,0.338608912953
38000,0.387416,0.330232,0.282352,0.339233652645
39000,0.388608,0.330368,0.281024,0.338817159517
40000,0.389784,0.330232,0.279984,0.339650145773
41000,0.391272,0.329992,0.278736,0.340691378592
42000,0.392584,0.32992,0.277496,0.34110787172
43000,0.393904,0.329856,0.27624,0.341940857976
44000,0.39492,0.330112,0.274968,0.343398583923
45000,0.396168,0.32984,0.273992,0.342773844232
46000,0.3972,0.329776,0.273024,0.344023323615
47000,0.398512,0.329528,0.27196,0.344439816743
48000,0.399568,0.329616,0.270816,0.344231570179
49000,0.400704,0.329608,0.269688,0.343190337359
50000,0.402184,0.329376,0.26844,0.344439816743
51000,0.403328,0.32952,0.267152,0.342565597668
52000,0.404504,0.329592,0.265904,0.341940857976
53000,0.405736,0.329464,0.2648,0.342565597668
54000,0.406952,0.329384,0.263664,0.34110787172
55000,0.408048,0.329568,0.262384,0.342773844232
56000,0.409512,0.329448,0.26104,0.342357351104
57000,0.410856,0.32896,0.260184,0.345897542691
58000,0.41224,0.328864,0.258896,0.345481049563
59000,0.413376,0.329016,0.257608,0.347355268638
60000,0.414624,0.329,0.256376,0.347355268638
61000,0.41608,0.32876,0.25516,0.348396501458
62000,0.417392,0.32872,0.253888,0.349854227405
63000,0.418456,0.328752,0.252792,0.348604748022
64000,0.419624,0.328744,0.251632,0.34798000833
65000,0.420816,0.328728,0.250456,0.348188254894
66000,0.422192,0.328616,0.249192,0.347771761766
67000,0.4234,0.328488,0.248112,0.348396501458
68000,0.424608,0.328488,0.246904,0.348604748022
69000,0.42584,0.328496,0.245664,0.349854227405
70000,0.426896,0.32864,0.244464,0.350270720533
71000,0.428176,0.328544,0.24328,0.349854227405
72000,0.42964,0.328424,0.241936,0.349854227405
73000,0.4306,0.328416,0.240984,0.353186172428
74000,0.431568,0.328608,0.239824,0.354019158684
75000,0.432912,0.328352,0.238736,0.353602665556
76000,0.434328,0.328288,0.237384,0.354643898376
77000,0.435416,0.328488,0.236096,0.356101624323
78000,0.436456,0.328584,0.23496,0.35485214494
79000,0.437744,0.328576,0.23368,0.355685131195
80000,0.43896,0.328424,0.232616,0.357351103707
81000,0.440104,0.32856,0.231336,0.359225322782
82000,0.441448,0.328472,0.23008,0.36068304873
83000,0.442248,0.328704,0.229048,0.360891295294
84000,0.443384,0.328848,0.227768,0.360266555602
85000,0.444536,0.328816,0.226648,0.361099541858
86000,0.445448,0.329232,0.22532,0.35964181591
87000,0.446536,0.329152,0.224312,0.360474802166
88000,0.447448,0.329184,0.223368,0.357767596835
89000,0.448624,0.328856,0.22252,0.359225322782
90000,0.44988,0.32884,0.22128,0.360474802166
91000,0.451032,0.328872,0.220096,0.360266555602
92000,0.45192,0.32912,0.21896,0.363390254061
93000,0.452952,0.329256,0.217792,0.365680966264
94000,0.45388,0.329304,0.216816,0.366722199084
95000,0.455112,0.329056,0.215832,0.367138692212
96000,0.456296,0.328968,0.214736,0.368596418159
97000,0.457584,0.328896,0.21352,0.371720116618
98000,0.458696,0.328864,0.21244,0.37234485631
99000,0.460272,0.328432,0.211296,0.370887130362
100000,0.461192,0.32856,0.210248,0.371928363182
101000,0.461976,0.328896,0.209128,0.373802582257
102000,0.46272,0.329128,0.208152,0.374219075385
103000,0.463272,0.329552,0.207176,0.374635568513
104000,0.464024,0.329728,0.206248,0.376509787589
105000,0.46484,0.329752,0.205408,0.376509787589
106000,0.465712,0.329992,0.204296,0.376718034152
107000,0.466544,0.33012,0.203336,0.37713452728
108000,0.467488,0.330344,0.202168,0.375676801333
109000,0.468648,0.330216,0.201136,0.373802582257
110000,0.46968,0.330176,0.200144,0.375468554769
111000,0.470496,0.330456,0.199048,0.374219075385
112000,0.471408,0.330584,0.198008,0.374635568513
113000,0.472056,0.330792,0.197152,0.375260308205
114000,0.472904,0.330872,0.196224,0.376093294461
115000,0.473696,0.33112,0.195184,0.375468554769
116000,0.47468,0.33132,0.194,0.375468554769
117000,0.47564,0.331232,0.193128,0.373802582257
118000,0.4768,0.33104,0.19216,0.371511870054
119000,0.477776,0.33124,0.190984,0.373594335693
120000,0.478392,0.331616,0.189992,0.374219075385
121000,0.479336,0.331632,0.189032,0.376301541025
122000,0.480176,0.331728,0.188096,0.377967513536
123000,0.48096,0.33184,0.1872,0.380049979175
124000,0.481712,0.332096,0.186192,0.381091211995
125000,0.48256,0.332296,0.185144,0.384631403582
126000,0.483488,0.332432,0.18408,0.384631403582
127000,0.48424,0.332768,0.182992,0.384214910454
128000,0.485472,0.332728,0.1818,0.385672636401
129000,0.486376,0.33272,0.180904,0.38504789671
130000,0.486984,0.332984,0.180032,0.385880882965
131000,0.487616,0.333208,0.179176,0.384631403582
132000,0.48844,0.333272,0.178288,0.385672636401
133000,0.489136,0.333424,0.17744,0.383381924198
134000,0.489856,0.333448,0.176696,0.383173677634
135000,0.491072,0.333384,0.175544,0.383798417326
136000,0.491768,0.333592,0.17464,0.384631403582
137000,0.492384,0.333712,0.173904,0.383381924198
138000,0.492904,0.334016,0.17308,0.383381924198
139000,0.494104,0.333776,0.17212,0.38400666389
140000,0.494912,0.333824,0.171264,0.382548937943
141000,0.495808,0.33396,0.170232,0.380882965431
142000,0.496392,0.334136,0.169472,0.381715951687
143000,0.497216,0.334104,0.16868,0.381507705123
144000,0.498024,0.33424,0.167736,0.382340691379
145000,0.498872,0.333992,0.167136,0.382757184506
146000,0.499536,0.334312,0.166152,0.384423157018
147000,0.500408,0.334392,0.1652,0.384839650146
148000,0.50136,0.334456,0.164184,0.384214910454
149000,0.502392,0.33432,0.163288,0.386713869221
150000,0.502936,0.334648,0.162416,0.387546855477
151000,0.503544,0.335024,0.161432,0.387338608913
152000,0.5044,0.335,0.1606,0.387755102041
153000,0.505112,0.335096,0.159792,0.38983756768
154000,0.505952,0.335096,0.158952,0.391711786756
155000,0.50672,0.33532,0.15796,0.395043731778
156000,0.507336,0.335608,0.157056,0.394627238651
157000,0.508256,0.335616,0.156128,0.394418992087
158000,0.50908,0.335664,0.155256,0.394835485214
159000,0.509592,0.335984,0.154424,0.394835485214
160000,0.510192,0.336176,0.153632,0.395876718034
161000,0.510912,0.336088,0.153,0.396293211162
162000,0.511656,0.336224,0.15212,0.396084964598
163000,0.512376,0.33624,0.151384,0.399208663057
164000,0.513304,0.336064,0.150632,0.398583923365
165000,0.513952,0.336144,0.149904,0.401082882132
166000,0.514488,0.336296,0.149216,0.400666389005
167000,0.515128,0.336496,0.148376,0.401082882132
168000,0.515976,0.3364,0.147624,0.402748854644
169000,0.5168,0.336384,0.146816,0.403165347772
170000,0.517368,0.336656,0.145976,0.404623073719
171000,0.518056,0.336712,0.145232,0.406289046231
172000,0.518752,0.336824,0.144424,0.405456059975
173000,0.519232,0.337272,0.143496,0.404414827155
174000,0.519904,0.337568,0.142528,0.404206580591
175000,0.520088,0.338048,0.141864,0.403998334027
176000,0.520696,0.338192,0.141112,0.405456059975
177000,0.521216,0.338432,0.140352,0.406705539359
178000,0.52164,0.33872,0.13964,0.406913785923
179000,0.522304,0.338736,0.13896,0.406705539359
180000,0.522792,0.338968,0.13824,0.407538525614
181000,0.523384,0.33908,0.137536,0.405664306539
182000,0.524168,0.339104,0.136728,0.405872553103
183000,0.524768,0.33924,0.135992,0.405872553103
184000,0.52528,0.339504,0.135216,0.406080799667
185000,0.52576,0.339784,0.134456,0.405247813411
186000,0.526592,0.339768,0.13364,0.407122032486
187000,0.52724,0.33972,0.13304,0.409204498126
188000,0.528104,0.339648,0.132248,0.410662224073
189000,0.528992,0.339408,0.1316,0.412119950021
190000,0.529456,0.339808,0.130736,0.412952936277
191000,0.529912,0.339992,0.130096,0.412744689713
192000,0.530688,0.33984,0.129472,0.412328196585
193000,0.531344,0.339888,0.128768,0.414410662224
194000,0.531904,0.340008,0.128088,0.417950853811
195000,0.532296,0.340288,0.127416,0.418783840067
196000,0.532832,0.340328,0.12684,0.419616826322
197000,0.533504,0.340264,0.126232,0.418992086631
198000,0.53392,0.340536,0.125544,0.42003331945
199000,0.534344,0.340776,0.12488,0.42107455227
200000,0.534752,0.341048,0.1242,0.42107455227
201000,0.535392,0.341168,0.12344,0.420449812578
202000,0.536016,0.341176,0.122808,0.421491045398
203000,0.536488,0.341264,0.122248,0.423157017909
204000,0.537208,0.341176,0.121616,0.422740524781
205000,0.537528,0.341448,0.121024,0.424406497293
206000,0.538048,0.34156,0.120392,0.425031236985
207000,0.53836,0.341784,0.119856,0.426280716368
208000,0.53864,0.342048,0.119312,0.423990004165
209000,0.53892,0.342376,0.118704,0.423573511037
210000,0.53924,0.342768,0.117992,0.423365264473
211000,0.539648,0.343024,0.117328,0.425447730112
212000,0.540232,0.343176,0.116592,0.426280716368
213000,0.540432,0.343488,0.11608,0.426697209496
214000,0.540984,0.343552,0.115464,0.42794668888
215000,0.541208,0.343792,0.115,0.429404414827
216000,0.541648,0.343944,0.114408,0.428779675135
217000,0.54228,0.34392,0.1138,0.428779675135
218000,0.54264,0.344168,0.113192,0.430445647647
219000,0.543128,0.344336,0.112536,0.433361099542
220000,0.543752,0.3444,0.111848,0.434194085798
221000,0.54408,0.3446,0.11132,0.431903373594
222000,0.544632,0.344728,0.11064,0.434194085798
223000,0.545256,0.344688,0.110056,0.433569346106
224000,0.54564,0.344872,0.109488,0.436693044565
225000,0.545912,0.345072,0.109016,0.438359017076
226000,0.5462,0.34544,0.10836,0.43960849646
227000,0.546464,0.34568,0.107856,0.440441482716
228000,0.546936,0.345656,0.107408,0.441899208663
229000,0.547232,0.345968,0.1068,0.440649729279
230000,0.54784,0.34616,0.106,0.441482715535
231000,0.548376,0.346224,0.1054,0.440233236152
232000,0.548712,0.346416,0.104872,0.442732194919
233000,0.549328,0.346224,0.104448,0.443981674302
234000,0.54976,0.346408,0.103832,0.443148688047
235000,0.550408,0.346312,0.10328,0.443773427738
236000,0.550776,0.346512,0.102712,0.444814660558
237000,0.551608,0.346352,0.10204,0.447938359017
238000,0.552112,0.346496,0.101392,0.448979591837
239000,0.55268,0.34644,0.10088,0.449187838401
240000,0.553048,0.346576,0.100376,0.449604331529
241000,0.553368,0.34668,0.099952,0.449604331529
242000,0.553792,0.346896,0.099312,0.448146605581
243000,0.55424,0.346912,0.098848,0.448771345273
244000,0.55456,0.347096,0.098344,0.448354852145
245000,0.554984,0.347192,0.097824,0.449396084965
246000,0.555432,0.347296,0.097272,0.45127030404
247000,0.5556,0.347584,0.096816,0.452936276551
248000,0.556232,0.347592,0.096176,0.453561016243
249000,0.55664,0.347744,0.095616,0.453144523115
250000,0.55704,0.347856,0.095104,0.45231153686
251000,0.557408,0.347888,0.094704,0.452936276551
252000,0.557936,0.347952,0.094112,0.452519783424
253000,0.558224,0.3482,0.093576,0.451686797168
254000,0.55884,0.34808,0.09308,0.450020824656
255000,0.55932,0.347936,0.092744,0.448979591837
256000,0.55964,0.34816,0.0922,0.451478550604
257000,0.559888,0.348408,0.091704,0.451895043732
258000,0.560656,0.348184,0.09116,0.450437317784
259000,0.560944,0.348352,0.090704,0.450645564348
260000,0.561144,0.34852,0.090336,0.450020824656
261000,0.561552,0.348632,0.089816,0.452936276551
262000,0.561944,0.34868,0.089376,0.45127030404
263000,0.562312,0.348768,0.08892,0.453352769679
264000,0.562816,0.348704,0.08848,0.454394002499
265000,0.562992,0.349064,0.087944,0.451895043732
266000,0.563256,0.349264,0.08748,0.454185755935
267000,0.563368,0.349672,0.08696,0.454602249063
268000,0.564016,0.349696,0.086288,0.454810495627
269000,0.564352,0.349912,0.085736,0.456268221574
270000,0.564944,0.349696,0.08536,0.455018742191
271000,0.565032,0.350008,0.08496,0.457725947522
272000,0.565168,0.350272,0.08456,0.457309454394
273000,0.565568,0.350344,0.084088,0.457725947522
274000,0.565864,0.350376,0.08376,0.458350687214
275000,0.566112,0.350656,0.083232,0.455643481883
276000,0.566504,0.35072,0.082776,0.45605997501
277000,0.566432,0.35124,0.082328,0.453352769679
278000,0.566624,0.351528,0.081848,0.455226988755
279000,0.566816,0.351736,0.081448,0.454394002499
280000,0.567272,0.351712,0.081016,0.455643481883
281000,0.56748,0.351888,0.080632,0.456268221574
282000,0.56748,0.35228,0.08024,0.458558933778
283000,0.567696,0.352552,0.079752,0.460016659725
284000,0.567912,0.352816,0.079272,0.460433152853
285000,0.567944,0.353216,0.07884,0.461057892545
286000,0.56852,0.353072,0.078408,0.461057892545
287000,0.569072,0.353016,0.077912,0.46293211162
288000,0.56936,0.353048,0.077592,0.46397334444
289000,0.569768,0.353168,0.077064,0.465431070387
290000,0.570232,0.353008,0.07676,0.465431070387
291000,0.57052,0.353056,0.076424,0.464389837568
292000,0.570688,0.3532,0.076112,0.46397334444
293000,0.570976,0.353232,0.075792,0.46397334444
294000,0.571224,0.3532,0.075576,0.46293211162
295000,0.57152,0.35328,0.0752,0.465847563515
296000,0.571664,0.353672,0.074664,0.465847563515
297000,0.571768,0.353904,0.074328,0.466888796335
298000,0.572032,0.354128,0.07384,0.465222823823
299000,0.572376,0.354168,0.073456,0.465639316951
300000,0.572504,0.354464,0.073032,0.468138275718
301000,0.572592,0.354808,0.0726,0.466680549771
302000,0.57288,0.354864,0.072256,0.466055810079
303000,0.57312,0.354976,0.071904,0.467305289463
304000,0.57332,0.355392,0.071288,0.470012494794
305000,0.573504,0.35564,0.070856,0.46876301541
306000,0.573824,0.355744,0.070432,0.46876301541
307000,0.574184,0.355704,0.070112,0.467721782591
308000,0.574256,0.355968,0.069776,0.466888796335
309000,0.574576,0.355968,0.069456,0.466055810079
310000,0.57488,0.35604,0.06908,0.467930029155
311000,0.575176,0.356168,0.068656,0.468346522282
312000,0.575576,0.356232,0.068192,0.468554768846
313000,0.57564,0.356592,0.067768,0.469596001666
314000,0.575752,0.35688,0.067368,0.46876301541
315000,0.575976,0.357128,0.066896,0.469596001666
316000,0.576432,0.357064,0.066504,0.46980424823
317000,0.576888,0.356952,0.06616,0.471053727613
318000,0.577272,0.356968,0.06576,0.473344439817
319000,0.577312,0.357216,0.065472,0.473344439817
320000,0.577968,0.357024,0.065008,0.476259891712
321000,0.578512,0.356904,0.064584,0.475010412328
322000,0.578608,0.357232,0.06416,0.473969179509
323000,0.579016,0.357352,0.063632,0.475843398584
324000,0.57956,0.357216,0.063224,0.473136193253
325000,0.57972,0.3574,0.06288,0.473969179509
326000,0.579432,0.358008,0.06256,0.476259891712
327000,0.579432,0.358288,0.06228,0.477925864223
328000,0.579856,0.35812,0.062024,0.479175343607
329000,0.580232,0.358104,0.061664,0.480841316118
330000,0.580584,0.358232,0.061184,0.480633069554
331000,0.580784,0.358488,0.060728,0.481049562682
332000,0.58092,0.358568,0.060512,0.483340274885
333000,0.580912,0.358904,0.060184,0.483340274885
334000,0.581312,0.358872,0.059816,0.483965014577
335000,0.581496,0.359,0.059504,0.48250728863
336000,0.581784,0.359072,0.059144,0.482090795502
337000,0.58188,0.359288,0.058832,0.482923781758
338000,0.582,0.3594,0.0586,0.48250728863
339000,0.582056,0.359664,0.05828,0.482090795502
340000,0.582,0.359936,0.058064,0.480841316118
341000,0.581984,0.36036,0.057656,0.480841316118
342000,0.582248,0.3604,0.057352,0.482090795502
343000,0.582512,0.36036,0.057128,0.483132028322
344000,0.582776,0.360344,0.05688,0.484798000833
345000,0.583064,0.360184,0.056752,0.484381507705
346000,0.583408,0.360232,0.05636,0.482923781758
347000,0.583704,0.360144,0.056152,0.483340274885
348000,0.583968,0.360304,0.055728,0.482923781758
349000,0.583936,0.360616,0.055448,0.481882548938
350000,0.58408,0.360728,0.055192,0.482090795502
351000,0.584232,0.360888,0.05488,0.481882548938
352000,0.584336,0.36112,0.054544,0.482299042066
353000,0.584768,0.361008,0.054224,0.483340274885
354000,0.584776,0.361368,0.053856,0.485006247397
355000,0.58488,0.361536,0.053584,0.485422740525
356000,0.584984,0.36176,0.053256,0.485006247397
357000,0.584904,0.362224,0.052872,0.485422740525
358000,0.5848,0.362632,0.052568,0.484589754269
359000,0.584936,0.362824,0.05224,0.487505206164
360000,0.584896,0.363144,0.05196,0.484589754269
361000,0.585168,0.363056,0.051776,0.484798000833
362000,0.58536,0.363152,0.051488,0.48833819242
363000,0.58544,0.363264,0.051296,0.489587671803
364000,0.585616,0.363496,0.050888,0.490837151187
365000,0.586088,0.363312,0.0506,0.490212411495
366000,0.58644,0.363224,0.050336,0.491670137443
367000,0.586696,0.363216,0.050088,0.492711370262
368000,0.58688,0.363344,0.049776,0.492711370262
369000,0.58716,0.363376,0.049464,0.493960849646
370000,0.5874,0.36336,0.04924,0.493752603082
371000,0.587344,0.363768,0.048888,0.495418575594
372000,0.587664,0.363744,0.048592,0.497084548105
373000,0.587824,0.363928,0.048248,0.497084548105
374000,0.588248,0.363656,0.048096,0.498750520616
375000,0.588616,0.363664,0.04772,0.49895876718
376000,0.588624,0.363992,0.047384,0.497501041233
377000,0.588456,0.364456,0.047088,0.497917534361
378000,0.588536,0.364608,0.046856,0.498334027489
379000,0.588584,0.364856,0.04656,0.498334027489
380000,0.588752,0.365016,0.046232,0.49521032903
381000,0.58852,0.365448,0.046032,0.496251561849
382000,0.588456,0.365688,0.045856,0.496876301541
383000,0.588712,0.365688,0.0456,0.496668054977
384000,0.588912,0.365696,0.045392,0.496251561849
385000,0.58884,0.365968,0.045192,0.495626822157
386000,0.588776,0.366232,0.044992,0.496876301541
387000,0.588712,0.36656,0.044728,0.497084548105
388000,0.589056,0.366568,0.044376,0.499791753436
389000,0.589336,0.366584,0.04408,0.500416493128
390000,0.589448,0.366696,0.043856,0.502498958767
391000,0.589424,0.36688,0.043696,0.50104123282
392000,0.589664,0.36688,0.043456,0.500208246564
393000,0.589592,0.3672,0.043208,0.500208246564
394000,0.589744,0.36736,0.042896,0.501874219075
395000,0.58992,0.367456,0.042624,0.502915451895
396000,0.589776,0.367736,0.042488,0.503123698459
397000,0.589592,0.368088,0.04232,0.501665972511
398000,0.589696,0.368256,0.042048,0.502082465639
399000,0.589712,0.368488,0.0418,0.500832986256
400000,0.589608,0.368696,0.041696,0.501874219075
401000,0.590016,0.368536,0.041448,0.500832986256
402000,0.590048,0.368704,0.041248,0.500208246564
403000,0.590112,0.368888,0.041,0.501249479384
404000,0.590272,0.368944,0.040784,0.498542274052
405000,0.590168,0.369152,0.04068,0.496668054977
406000,0.589936,0.369536,0.040528,0.497501041233
407000,0.590032,0.369616,0.040352,0.496459808413
408000,0.590312,0.369592,0.040096,0.496043315285
409000,0.590752,0.369344,0.039904,0.496459808413
410000,0.590928,0.369344,0.039728,0.496251561849
411000,0.590872,0.36968,0.039448,0.497501041233
412000,0.590992,0.369808,0.0392,0.499375260308
413000,0.591488,0.3696,0.038912,0.499791753436
414000,0.591608,0.36972,0.038672,0.500624739692
415000,0.591632,0.369848,0.03852,0.5
416000,0.591744,0.369888,0.038368,0.49895876718
417000,0.59204,0.369784,0.038176,0.498334027489
418000,0.592048,0.37008,0.037872,0.499167013744
419000,0.592304,0.369984,0.037712,0.49895876718
420000,0.592512,0.370072,0.037416,0.499791753436
421000,0.592464,0.370304,0.037232,0.50104123282
422000,0.592584,0.370464,0.036952,0.499791753436
423000,0.592816,0.370416,0.036768,0.500416493128
424000,0.592992,0.370544,0.036464,0.499791753436
425000,0.592808,0.370784,0.036408,0.499167013744
426000,0.59292,0.370888,0.036192,0.499791753436
427000,0.592744,0.37128,0.035976,0.501457725948
428000,0.592936,0.371264,0.0358,0.501457725948
429000,0.59284,0.371536,0.035624,0.503123698459
430000,0.592944,0.37156,0.035496,0.503331945023
431000,0.59304,0.371712,0.035248,0.504373177843
432000,0.592968,0.371904,0.035128,0.503540191587
433000,0.592808,0.372232,0.03496,0.503331945023
434000,0.592912,0.372288,0.0348,0.505622657226
435000,0.59276,0.372544,0.034696,0.505414410662
436000,0.592792,0.372688,0.03452,0.50478967097
437000,0.592688,0.372896,0.034416,0.504581424406
438000,0.592512,0.373304,0.034184,0.502707205331
439000,0.592392,0.373704,0.033904,0.502707205331
440000,0.592736,0.373552,0.033712,0.506039150354
441000,0.592648,0.37384,0.033512,0.506039150354
442000,0.592816,0.373808,0.033376,0.505414410662
443000,0.592872,0.373928,0.0332,0.506247396918
444000,0.592968,0.374,0.033032,0.506663890046
445000,0.593136,0.37404,0.032824,0.508538109121
446000,0.593552,0.373856,0.032592,0.508954602249
447000,0.593312,0.374336,0.032352,0.509579341941
448000,0.593504,0.374328,0.032168,0.509995835069
449000,0.593728,0.374184,0.032088,0.51166180758
450000,0.594024,0.374064,0.031912,0.514785506039
451000,0.59376,0.374464,0.031776,0.513327780092
452000,0.593944,0.374416,0.03164,0.516034985423
453000,0.593928,0.374632,0.03144,0.517284464806
454000,0.594392,0.374336,0.031272,0.518325697626
455000,0.594176,0.374736,0.031088,0.51957517701
456000,0.594184,0.374992,0.030824,0.518325697626
457000,0.594264,0.375064,0.030672,0.51853394419
458000,0.594664,0.374888,0.030448,0.51957517701
459000,0.594592,0.375144,0.030264,0.520824656393
460000,0.594752,0.375072,0.030176,0.521657642649
461000,0.59472,0.375208,0.030072,0.521865889213
462000,0.594824,0.375224,0.029952,0.522282382341
463000,0.595072,0.375256,0.029672,0.522907122032
464000,0.595264,0.375192,0.029544,0.521449396085
465000,0.595408,0.375208,0.029384,0.524573094544
466000,0.59528,0.375536,0.029184,0.526655560183
467000,0.594976,0.376032,0.028992,0.525614327364
468000,0.59508,0.37604,0.02888,0.523531861724
469000,0.595016,0.37632,0.028664,0.523948354852
470000,0.595152,0.376376,0.028472,0.524573094544
471000,0.595064,0.376576,0.02836,0.526447313619
472000,0.59508,0.376672,0.028248,0.527280299875
473000,0.595192,0.376696,0.028112,0.526030820491
474000,0.5952,0.376872,0.027928,0.526447313619
475000,0.595464,0.37672,0.027816,0.526447313619
476000,0.595248,0.37708,0.027672,0.526239067055
477000,0.595336,0.377176,0.027488,0.523531861724
478000,0.59516,0.377496,0.027344,0.522698875469
479000,0.59536,0.377504,0.027136,0.523531861724
480000,0.595328,0.377704,0.026968,0.525197834236
481000,0.595456,0.37776,0.026784,0.526655560183
482000,0.595112,0.37832,0.026568,0.528321532695
483000,0.59524,0.378288,0.026472,0.529987505206
484000,0.595208,0.378408,0.026384,0.530820491462
485000,0.595584,0.378232,0.026184,0.530612244898
486000,0.595624,0.378344,0.026032,0.531861724282
487000,0.595728,0.378408,0.025864,0.533111203665
488000,0.595864,0.378432,0.025704,0.533527696793
489000,0.595864,0.378576,0.02556,0.533527696793
490000,0.595664,0.378904,0.025432,0.532486463973
491000,0.595672,0.378976,0.025352,0.530403998334
492000,0.595816,0.378992,0.025192,0.530820491462
493000,0.595656,0.379264,0.02508,0.528738025823
494000,0.59564,0.37944,0.02492,0.528946272387
495000,0.595864,0.37932,0.024816,0.527905039567
496000,0.595872,0.379456,0.024672,0.526655560183
497000,0.59576,0.379728,0.024512,0.528529779259
498000,0.595824,0.379808,0.024368,0.527280299875
499000,0.595696,0.380072,0.024232,0.526655560183
500000,0.59584,0.380064,0.024096,0.526447313619
501000,0.596056,0.379976,0.023968,0.52332361516
502000,0.596096,0.379968,0.023936,0.523740108288
503000,0.59608,0.380096,0.023824,0.525822573928
504000,0.59596,0.380392,0.023648,0.526863806747
505000,0.595832,0.380736,0.023432,0.526863806747
506000,0.595992,0.380744,0.023264,0.526239067055
507000,0.595848,0.380976,0.023176,0.524156601416
508000,0.595944,0.381032,0.023024,0.527072053311
509000,0.595664,0.38144,0.022896,0.526863806747
510000,0.596104,0.38112,0.022776,0.524781341108
511000,0.59616,0.381208,0.022632,0.525197834236
512000,0.596232,0.381256,0.022512,0.525614327364
513000,0.596512,0.381128,0.02236,0.527696793003
514000,0.596672,0.381104,0.022224,0.528738025823
515000,0.596728,0.3812,0.022072,0.530403998334
516000,0.596928,0.381104,0.021968,0.528738025823
517000,0.597168,0.381008,0.021824,0.528738025823
518000,0.597416,0.380944,0.02164,0.527905039567
519000,0.597176,0.381312,0.021512,0.525822573928
520000,0.59728,0.381312,0.021408,0.524573094544
521000,0.597376,0.381392,0.021232,0.524573094544
522000,0.59768,0.381176,0.021144,0.525822573928
523000,0.597744,0.381168,0.021088,0.526030820491
524000,0.59784,0.381192,0.020968,0.525197834236
525000,0.598,0.381112,0.020888,0.527280299875
526000,0.598208,0.381056,0.020736,0.528321532695
527000,0.598208,0.381192,0.0206,0.526863806747
528000,0.598168,0.381384,0.020448,0.523740108288
529000,0.598152,0.381504,0.020344,0.525614327364
530000,0.598272,0.381512,0.020216,0.525197834236
531000,0.598336,0.381528,0.020136,0.525614327364
532000,0.598528,0.38144,0.020032,0.524989587672
533000,0.598448,0.381648,0.019904,0.524573094544
534000,0.598552,0.381672,0.019776,0.52436484798
535000,0.598784,0.381592,0.019624,0.525197834236
536000,0.598952,0.38156,0.019488,0.52436484798
537000,0.59888,0.381752,0.019368,0.524989587672
538000,0.598816,0.38192,0.019264,0.526030820491
539000,0.599,0.381864,0.019136,0.528113286131
540000,0.599216,0.381784,0.019,0.527072053311
541000,0.599256,0.38196,0.018784,0.527280299875
542000,0.599216,0.382144,0.01864,0.525822573928
543000,0.59936,0.38208,0.01856,0.526239067055
544000,0.599376,0.382216,0.018408,0.5254060808
545000,0.599272,0.38244,0.018288,0.526030820491
546000,0.599176,0.382664,0.01816,0.527696793003
547000,0.599152,0.382776,0.018072,0.527072053311
548000,0.599176,0.382904,0.01792,0.528738025823
549000,0.598984,0.383192,0.017824,0.528113286131
550000,0.599136,0.383152,0.017712,0.528321532695
551000,0.599088,0.383256,0.017656,0.52915451895
552000,0.598848,0.383544,0.017608,0.528321532695
553000,0.598504,0.384,0.017496,0.528321532695
554000,0.598104,0.384488,0.017408,0.528946272387
555000,0.598208,0.384416,0.017376,0.53123698459
556000,0.59788,0.384832,0.017288,0.532486463973
557000,0.5982,0.384632,0.017168,0.534360683049
558000,0.598072,0.384832,0.017096,0.533527696793
559000,0.597656,0.385344,0.017,0.531861724282
560000,0.597536,0.385576,0.016888,0.531445231154
561000,0.597736,0.385512,0.016752,0.531653477718
562000,0.597536,0.385768,0.016696,0.529571012078
563000,0.597704,0.38572,0.016576,0.530612244898
564000,0.597744,0.385792,0.016464,0.527072053311
565000,0.59788,0.385752,0.016368,0.526239067055
566000,0.5978,0.385904,0.016296,0.526239067055
567000,0.597984,0.385792,0.016224,0.526030820491
568000,0.597832,0.386016,0.016152,0.527072053311
569000,0.597952,0.385976,0.016072,0.527696793003
570000,0.597792,0.386248,0.01596,0.532069970845
571000,0.598168,0.38596,0.015872,0.533111203665
572000,0.5982,0.38604,0.01576,0.533735943357
573000,0.598632,0.385672,0.015696,0.534152436485
574000,0.598528,0.385888,0.015584,0.537484381508
575000,0.598104,0.386352,0.015544,0.537484381508
576000,0.598328,0.386232,0.01544,0.536234902124
577000,0.598456,0.386176,0.015368,0.535818408996
578000,0.598288,0.38644,0.015272,0.536859641816
579000,0.598272,0.386616,0.015112,0.540191586839
580000,0.598632,0.386384,0.014984,0.541232819658
581000,0.598952,0.386056,0.014992,0.537692628072
582000,0.598792,0.386288,0.01492,0.536651395252
583000,0.598832,0.386328,0.01484,0.536234902124
584000,0.599,0.386224,0.014776,0.538317367763
585000,0.599,0.38628,0.01472,0.538942107455
586000,0.599032,0.386336,0.014632,0.540399833403
587000,0.599176,0.386328,0.014496,0.540608079967
588000,0.59928,0.38636,0.01436,0.541232819658
589000,0.599264,0.386464,0.014272,0.541649312786
590000,0.599248,0.386544,0.014208,0.540399833403
591000,0.59936,0.386552,0.014088,0.542482299042
592000,0.599512,0.386464,0.014024,0.541649312786
593000,0.599496,0.386576,0.013928,0.541232819658
594000,0.59916,0.387,0.01384,0.539983340275
595000,0.599096,0.387152,0.013752,0.538942107455
596000,0.598968,0.387392,0.01364,0.537484381508
597000,0.59872,0.387688,0.013592,0.535818408996
598000,0.59876,0.387728,0.013512,0.534568929613
599000,0.598776,0.387824,0.0134,0.534777176177
600000,0.598952,0.387752,0.013296,0.532278217409
601000,0.598824,0.387952,0.013224,0.528738025823
602000,0.598824,0.388056,0.01312,0.529571012078
603000,0.598872,0.388144,0.012984,0.530612244898
604000,0.599048,0.38808,0.012872,0.532278217409
605000,0.599288,0.387928,0.012784,0.532694710537
606000,0.599096,0.3882,0.012704,0.530403998334
607000,0.599224,0.388096,0.01268,0.529779258642
608000,0.599152,0.388208,0.01264,0.527696793003
609000,0.599472,0.387992,0.012536,0.528113286131
610000,0.599096,0.388416,0.012488,0.528113286131
611000,0.598952,0.3886,0.012448,0.528113286131
612000,0.599056,0.388472,0.012472,0.527696793003
613000,0.599016,0.388584,0.0124,0.527072053311
614000,0.599168,0.388512,0.01232,0.527280299875
615000,0.5992,0.38852,0.01228,0.526447313619
616000,0.598904,0.388888,0.012208,0.527696793003
617000,0.598904,0.388968,0.012128,0.528321532695
618000,0.598952,0.38892,0.012128,0.527905039567
619000,0.598976,0.388912,0.012112,0.52915451895
620000,0.599136,0.388848,0.012016,0.528529779259
621000,0.599024,0.38904,0.011936,0.531028738026
622000,0.599032,0.389032,0.011936,0.531445231154
623000,0.599168,0.388944,0.011888,0.532278217409
624000,0.59936,0.38884,0.0118,0.530612244898
625000,0.59936,0.388952,0.011688,0.529362765514
626000,0.599608,0.388712,0.01168,0.528738025823
627000,0.599776,0.388608,0.011616,0.527072053311
628000,0.599672,0.388776,0.011552,0.528738025823
629000,0.599584,0.38892,0.011496,0.528529779259
630000,0.599608,0.388944,0.011448,0.528529779259
631000,0.599728,0.388888,0.011384,0.53019575177
632000,0.599672,0.389016,0.011312,0.53019575177
633000,0.59972,0.389016,0.011264,0.530612244898
634000,0.599456,0.389344,0.0112,0.52915451895
635000,0.599664,0.389208,0.011128,0.529571012078
636000,0.599672,0.389272,0.011056,0.53019575177
637000,0.59972,0.389288,0.010992,0.532278217409
638000,0.599824,0.389224,0.010952,0.531028738026
639000,0.59984,0.38928,0.01088,0.530612244898
640000,0.599832,0.389312,0.010856,0.532902957101
641000,0.59996,0.389272,0.010768,0.533111203665
642000,0.599824,0.38944,0.010736,0.531861724282
643000,0.59972,0.389576,0.010704,0.531028738026
644000,0.59952,0.3898,0.01068,0.532069970845
645000,0.599384,0.390008,0.010608,0.533111203665
646000,0.599432,0.39,0.010568,0.533735943357
647000,0.5992,0.39028,0.01052,0.534152436485
648000,0.599368,0.390192,0.01044,0.536234902124
649000,0.59964,0.390024,0.010336,0.538525614327
650000,0.59952,0.390152,0.010328,0.539358600583
651000,0.599848,0.389952,0.0102,0.541649312786
652000,0.599808,0.390048,0.010144,0.541232819658
653000,0.599816,0.39008,0.010104,0.540399833403
654000,0.59988,0.390072,0.010048,0.542065805914
655000,0.599952,0.390064,0.009984,0.539983340275
656000,0.600056,0.389984,0.00996,0.538942107455
657000,0.600112,0.390008,0.00988,0.540816326531
658000,0.60008,0.390096,0.009824,0.542274052478
659000,0.600008,0.3902,0.009792,0.542482299042
660000,0.60008,0.390192,0.009728,0.544564764681
661000,0.600272,0.39008,0.009648,0.544981257809
662000,0.60032,0.39004,0.00964,0.543731778426
663000,0.600272,0.390112,0.009616,0.540608079967
664000,0.600376,0.39004,0.009584,0.540191586839
665000,0.600552,0.389912,0.009536,0.539566847147
666000,0.60044,0.39004,0.00952,0.540399833403
667000,0.600584,0.389952,0.009464,0.540191586839
668000,0.600568,0.390008,0.009424,0.540608079967
669000,0.600496,0.390112,0.009392,0.540399833403
670000,0.600552,0.390104,0.009344,0.541649312786
671000,0.600776,0.389952,0.009272,0.541232819658
672000,0.600904,0.389872,0.009224,0.543107038734
673000,0.60084,0.389968,0.009192,0.543315285298
674000,0.600656,0.390192,0.009152,0.542690545606
675000,0.600856,0.390064,0.00908,0.543107038734
676000,0.600624,0.390304,0.009072,0.54185755935
677000,0.600488,0.390472,0.00904,0.539150354019
678000,0.600528,0.390488,0.008984,0.538525614327
679000,0.600624,0.390432,0.008944,0.539566847147
680000,0.60092,0.390168,0.008912,0.539983340275
681000,0.601072,0.39004,0.008888,0.54185755935
682000,0.60108,0.390072,0.008848,0.543107038734
683000,0.60108,0.39012,0.0088,0.542274052478
684000,0.60092,0.39032,0.00876,0.543107038734
685000,0.601048,0.390192,0.00876,0.542482299042
686000,0.600952,0.390328,0.00872,0.54185755935
687000,0.60092,0.390392,0.008688,0.54289879217
688000,0.600656,0.390712,0.008632,0.541649312786
689000,0.600728,0.390696,0.008576,0.544148271554
690000,0.600568,0.390872,0.00856,0.543731778426
691000,0.60052,0.390976,0.008504,0.546022490629
692000,0.600592,0.39096,0.008448,0.545605997501
693000,0.600472,0.391144,0.008384,0.545814244065
694000,0.600376,0.391264,0.00836,0.545189504373
695000,0.600304,0.391352,0.008344,0.54768846314
696000,0.600232,0.391488,0.00828,0.547271970012
697000,0.600392,0.39144,0.008168,0.547271970012
698000,0.600632,0.391248,0.00812,0.546855476885
699000,0.600928,0.390992,0.00808,0.546647230321
700000,0.600984,0.39096,0.008056,0.545605997501
701000,0.600992,0.391016,0.007992,0.545814244065
702000,0.600864,0.39116,0.007976,0.547896709704
703000,0.600776,0.391264,0.00796,0.548104956268
704000,0.600528,0.3916,0.007872,0.546647230321
705000,0.60064,0.391552,0.007808,0.546855476885
706000,0.600736,0.391496,0.007768,0.546022490629
707000,0.600656,0.391624,0.00772,0.546438983757
708000,0.600608,0.391736,0.007656,0.546230737193
709000,0.600904,0.391496,0.0076,0.547271970012
710000,0.600792,0.391632,0.007576,0.542690545606
711000,0.600736,0.391696,0.007568,0.542274052478
712000,0.600968,0.391512,0.00752,0.540608079967
713000,0.601096,0.391408,0.007496,0.540816326531
714000,0.601112,0.39144,0.007448,0.54289879217
715000,0.601272,0.391336,0.007392,0.544564764681
716000,0.601296,0.391344,0.00736,0.547063723449
717000,0.600992,0.39168,0.007328,0.547480216576
718000,0.600984,0.39172,0.007296,0.548313202832
719000,0.600672,0.392024,0.007304,0.548937942524
720000,0.600872,0.391896,0.007232,0.550812161599
721000,0.600856,0.39196,0.007184,0.549979175344
722000,0.600832,0.392,0.007168,0.54977092878
723000,0.601008,0.391888,0.007104,0.550187421908
724000,0.600808,0.392104,0.007088,0.548521449396
725000,0.60068,0.392264,0.007056,0.547896709704
726000,0.60056,0.392448,0.006992,0.546230737193
727000,0.60056,0.392472,0.006968,0.547480216576
728000,0.600472,0.392592,0.006936,0.546647230321
729000,0.600376,0.39272,0.006904,0.546438983757
730000,0.600592,0.392536,0.006872,0.542690545606
731000,0.600856,0.39232,0.006824,0.544981257809
732000,0.600888,0.392328,0.006784,0.543523531862
733000,0.601064,0.39224,0.006696,0.545605997501
734000,0.601016,0.392344,0.00664,0.546438983757
735000,0.600952,0.392472,0.006576,0.547271970012
736000,0.601,0.39244,0.00656,0.54977092878
737000,0.600928,0.392576,0.006496,0.549146189088
738000,0.601008,0.392504,0.006488,0.54872969596
739000,0.60092,0.392592,0.006488,0.548104956268
740000,0.600872,0.392672,0.006456,0.546230737193
741000,0.60092,0.392704,0.006376,0.546855476885
742000,0.601048,0.392632,0.00632,0.547271970012
743000,0.60108,0.392664,0.006256,0.547896709704
744000,0.601072,0.392696,0.006232,0.546230737193
745000,0.600832,0.392952,0.006216,0.546438983757
746000,0.600456,0.393384,0.00616,0.546022490629
747000,0.600256,0.39364,0.006104,0.546438983757
748000,0.600152,0.39376,0.006088,0.546855476885
749000,0.600296,0.393648,0.006056,0.544981257809
750000,0.60036,0.393616,0.006024,0.545814244065
751000,0.60004,0.393952,0.006008,0.546855476885
752000,0.599952,0.394056,0.005992,0.54768846314
753000,0.599688,0.39436,0.005952,0.548521449396
754000,0.599784,0.394296,0.00592,0.54977092878
755000,0.599672,0.394472,0.005856,0.549354435652
756000,0.59964,0.394528,0.005832,0.549354435652
757000,0.599744,0.394416,0.00584,0.54872969596
758000,0.599784,0.394392,0.005824,0.550603915035
759000,0.599528,0.394672,0.0058,0.550395668471
760000,0.599576,0.394688,0.005736,0.550187421908
761000,0.599664,0.394608,0.005728,0.551645147855
762000,0.599872,0.394408,0.00572,0.553311120367
763000,0.599784,0.394528,0.005688,0.551228654727
764000,0.599776,0.394576,0.005648,0.552478134111
765000,0.599784,0.394624,0.005592,0.551436901291
766000,0.599736,0.394696,0.005568,0.553102873803
767000,0.599592,0.394856,0.005552,0.552269887547
768000,0.599568,0.394936,0.005496,0.553311120367
769000,0.599736,0.394808,0.005456,0.554144106622
770000,0.599496,0.395072,0.005432,0.554977092878
771000,0.599304,0.395304,0.005392,0.554352353186
772000,0.599232,0.395392,0.005376,0.554352353186
773000,0.599112,0.39552,0.005368,0.553102873803
774000,0.59884,0.395824,0.005336,0.552269887547
775000,0.598688,0.396024,0.005288,0.551436901291
776000,0.598712,0.396024,0.005264,0.549354435652
777000,0.598512,0.396272,0.005216,0.54977092878
778000,0.598336,0.396504,0.00516,0.54872969596
779000,0.598464,0.3964,0.005136,0.54872969596
780000,0.59848,0.396424,0.005096,0.545814244065
781000,0.598472,0.396448,0.00508,0.546438983757
782000,0.59856,0.396384,0.005056,0.54768846314
783000,0.5982,0.39676,0.00504,0.548104956268
784000,0.598344,0.396648,0.005008,0.548521449396
785000,0.5982,0.396808,0.004992,0.550187421908
786000,0.59812,0.396944,0.004936,0.550187421908
787000,0.597816,0.397272,0.004912,0.549979175344
788000,0.598064,0.397056,0.00488,0.550395668471
789000,0.598184,0.396968,0.004848,0.552061640983
790000,0.598288,0.396912,0.0048,0.550395668471
791000,0.5984,0.396856,0.004744,0.549562682216
792000,0.598384,0.396904,0.004712,0.551228654727
793000,0.598128,0.397184,0.004688,0.549354435652
794000,0.598328,0.396992,0.00468,0.54977092878
795000,0.598208,0.397152,0.00464,0.547271970012
796000,0.598216,0.397144,0.00464,0.545814244065
797000,0.597968,0.397424,0.004608,0.545814244065
798000,0.597952,0.397496,0.004552,0.547271970012
799000,0.597904,0.397616,0.00448,0.548521449396
800000,0.597952,0.397584,0.004464,0.547271970012
801000,0.598168,0.397432,0.0044,0.546022490629
802000,0.598248,0.397368,0.004384,0.544148271554
803000,0.59844,0.397192,0.004368,0.544356518117
804000,0.598344,0.397304,0.004352,0.542274052478
805000,0.598504,0.397176,0.00432,0.544564764681
806000,0.59848,0.397216,0.004304,0.542482299042
807000,0.59844,0.397288,0.004272,0.544981257809
808000,0.59852,0.397232,0.004248,0.546647230321
809000,0.598296,0.397488,0.004216,0.54768846314
810000,0.598552,0.397248,0.0042,0.546022490629
811000,0.598616,0.397216,0.004168,0.546855476885
812000,0.598592,0.39728,0.004128,0.549979175344
813000,0.598408,0.397496,0.004096,0.548521449396
814000,0.598336,0.397608,0.004056,0.54768846314
815000,0.598416,0.397552,0.004032,0.546855476885
816000,0.598328,0.397648,0.004024,0.548104956268
817000,0.598336,0.397664,0.004,0.54872969596
818000,0.598584,0.397464,0.003952,0.548937942524
819000,0.598736,0.397384,0.00388,0.54977092878
820000,0.598704,0.39744,0.003856,0.548521449396
821000,0.598736,0.397392,0.003872,0.54768846314
822000,0.598568,0.3976,0.003832,0.546855476885
823000,0.598456,0.397768,0.003776,0.547271970012
824000,0.598304,0.39792,0.003776,0.546230737193
825000,0.598312,0.397912,0.003776,0.544564764681
826000,0.598272,0.397984,0.003744,0.543731778426
827000,0.598392,0.39792,0.003688,0.544773011245
828000,0.598448,0.39788,0.003672,0.546022490629
829000,0.598064,0.398304,0.003632,0.546022490629
830000,0.598,0.398392,0.003608,0.545814244065
831000,0.598008,0.398368,0.003624,0.546647230321
832000,0.597856,0.39856,0.003584,0.548104956268
833000,0.597496,0.398928,0.003576,0.548104956268
