1000,0.335592,0.333824,0.330584,0.335693461058
2000,0.336984,0.332896,0.33012,0.335068721366
3000,0.338296,0.332384,0.32932,0.336942940441
4000,0.339656,0.331712,0.328632,0.336734693878
5000,0.341104,0.33076,0.328136,0.337984173261
6000,0.342592,0.330096,0.327312,0.336734693878
7000,0.343792,0.329328,0.32688,0.338608912953
8000,0.345016,0.328688,0.326296,0.339233652645
9000,0.34624,0.327864,0.325896,0.337359433569
10000,0.347616,0.327152,0.325232,0.337984173261
11000,0.348808,0.326344,0.324848,0.336734693878
12000,0.35028,0.325776,0.323944,0.336526447314
13000,0.35132,0.325272,0.323408,0.338400666389
14000,0.352536,0.324632,0.322832,0.337359433569
15000,0.353728,0.324232,0.32204,0.337567680133
16000,0.354592,0.323632,0.321776,0.337359433569
17000,0.3558,0.323184,0.321016,0.337359433569
18000,0.35684,0.32252,0.32064,0.336526447314
19000,0.357952,0.321808,0.32024,0.3400666389
20000,0.35912,0.321368,0.319512,0.338817159517
21000,0.360328,0.320728,0.318944,0.337775926697
22000,0.361712,0.319992,0.318296,0.337151187005
23000,0.362856,0.319464,0.31768,0.337775926697
24000,0.36408,0.31876,0.31716,0.338192419825
25000,0.365272,0.318104,0.316624,0.335693461058
26000,0.3662,0.317808,0.315992,0.334860474802
27000,0.367544,0.317184,0.315272,0.337151187005
28000,0.368488,0.316608,0.314904,0.335901707622
29000,0.369552,0.315944,0.314504,0.336734693878
30000,0.370632,0.315248,0.31412,0.336526447314
31000,0.371904,0.314672,0.313424,0.33631820075
32000,0.372952,0.314152,0.312896,0.337775926697
33000,0.374248,0.31352,0.312232,0.339441899209
34000,0.3752,0.31296,0.31184,0.338817159517
35000,0.37656,0.312256,0.311184,0.339233652645
36000,0.377632,0.31156,0.310808,0.339650145773
37000,0.37892,0.310752,0.310328,0.340483132028
38000,0.379888,0.310296,0.309816,0.340691378592
39000,0.380936,0.30976,0.309304,0.341940857976
40000,0.381984,0.309272,0.308744,0.341940857976
41000,0.383192,0.308536,0.308272,0.34214910454
42000,0.384288,0.308032,0.30768,0.346105789254
43000,0.385432,0.307632,0.306936,0.347355268638
44000,0.386776,0.306896,0.306328,0.348812994586
45000,0.3876,0.30636,0.30604,0.350062473969
46000,0.388472,0.305848,0.30568,0.351103706789
47000,0.389648,0.305456,0.304896,0.350687213661
48000,0.390584,0.305216,0.3042,0.350062473969
49000,0.39148,0.304888,0.303632,0.348812994586
50000,0.392448,0.304384,0.303168,0.350687213661
51000,0.393704,0.303928,0.302368,0.352353186172
52000,0.39476,0.303424,0.301816,0.351520199917
53000,0.395888,0.30284,0.301272,0.350062473969
54000,0.397272,0.301952,0.300776,0.350687213661
55000,0.398344,0.301472,0.300184,0.350895460225
56000,0.399296,0.301,0.299704,0.351728446481
57000,0.400408,0.300736,0.298856,0.351311953353
58000,0.4014,0.300264,0.298336,0.351311953353
59000,0.402096,0.29972,0.298184,0.352353186172
60000,0.403024,0.299304,0.297672,0.351936693045
61000,0.40372,0.299256,0.297024,0.352977925864
62000,0.40472,0.29888,0.2964,0.352144939608
63000,0.40568,0.29872,0.2956,0.351520199917
64000,0.406848,0.298264,0.294888,0.351936693045
65000,0.407952,0.297584,0.294464,0.353186172428
66000,0.408984,0.297384,0.293632,0.35485214494
67000,0.409928,0.296536,0.293536,0.354227405248
68000,0.41072,0.296008,0.293272,0.354019158684
69000,0.411936,0.2956,0.292464,0.356726364015
70000,0.412552,0.295296,0.292152,0.357142857143
71000,0.413776,0.294624,0.2916,0.358392336526
72000,0.414696,0.294072,0.291232,0.359017076218
73000,0.415304,0.293752,0.290944,0.359017076218
74000,0.41616,0.2934,0.29044,0.359433569346
75000,0.41672,0.293128,0.290152,0.36068304873
76000,0.417728,0.292688,0.289584,0.361516034985
77000,0.418384,0.292424,0.289192,0.362349021241
78000,0.419136,0.291952,0.288912,0.363806747189
79000,0.420104,0.291632,0.288264,0.363390254061
80000,0.421016,0.290952,0.288032,0.36068304873
81000,0.421896,0.290664,0.28744,0.365264473136
82000,0.422848,0.29028,0.286872,0.363598500625
83000,0.423912,0.289656,0.286432,0.364847980008
84000,0.424696,0.28908,0.286224,0.365264473136
85000,0.425304,0.288744,0.285952,0.364223240317
86000,0.426016,0.288192,0.285792,0.36651395252
87000,0.426744,0.287896,0.28536,0.367763431903
88000,0.427104,0.28784,0.285056,0.366305705956
89000,0.428152,0.287376,0.284472,0.367555185339
90000,0.42892,0.287016,0.284064,0.366097459392
91000,0.43004,0.286568,0.283392,0.365056226572
92000,0.43068,0.286248,0.283072,0.366722199084
93000,0.43132,0.285856,0.282824,0.367763431903
94000,0.432272,0.285392,0.282336,0.367555185339
95000,0.432864,0.285016,0.28212,0.366722199084
96000,0.433768,0.284736,0.281496,0.366097459392
97000,0.434504,0.284416,0.28108,0.366722199084
98000,0.43524,0.284112,0.280648,0.366305705956
99000,0.436136,0.28364,0.280224,0.366097459392
100000,0.436928,0.2834,0.279672,0.367555185339
101000,0.437672,0.28308,0.279248,0.370470637234
102000,0.438344,0.282752,0.278904,0.370678883798
103000,0.439064,0.282312,0.278624,0.371095376926
104000,0.4398,0.281976,0.278224,0.370470637234
105000,0.440664,0.281544,0.277792,0.373177842566
106000,0.441224,0.281472,0.277304,0.37130362349
107000,0.441872,0.281,0.277128,0.371511870054
108000,0.442448,0.280784,0.276768,0.371095376926
109000,0.443128,0.280496,0.276376,0.370054144107
110000,0.444072,0.280088,0.27584,0.370262390671
111000,0.444832,0.279728,0.27544,0.372553102874
112000,0.445504,0.279384,0.275112,0.374427321949
113000,0.446464,0.279008,0.274528,0.372136609746
114000,0.446936,0.278848,0.274216,0.371720116618
115000,0.4476,0.27864,0.27376,0.370470637234
116000,0.448504,0.278168,0.273328,0.370887130362
117000,0.449552,0.277616,0.272832,0.370887130362
118000,0.450456,0.277096,0.272448,0.370470637234
119000,0.451376,0.276528,0.272096,0.37130362349
120000,0.45232,0.276112,0.271568,0.372136609746
121000,0.453096,0.275688,0.271216,0.372969596002
122000,0.453856,0.275224,0.27092,0.37338608913
123000,0.454616,0.275056,0.270328,0.375052061641
124000,0.455304,0.274904,0.269792,0.374635568513
125000,0.455712,0.274776,0.269512,0.374010828821
126000,0.456496,0.274464,0.26904,0.375676801333
127000,0.457416,0.274,0.268584,0.375885047897
128000,0.45796,0.273888,0.268152,0.376509787589
129000,0.458576,0.2736,0.267824,0.377342773844
130000,0.459256,0.273368,0.267376,0.379008746356
131000,0.460056,0.27288,0.267064,0.379633486047
132000,0.46056,0.272904,0.266536,0.380674718867
133000,0.46072,0.272904,0.266376,0.380049979175
134000,0.461584,0.272424,0.265992,0.381299458559
135000,0.462168,0.27188,0.265952,0.381924198251
136000,0.46252,0.271704,0.265776,0.382132444815
137000,0.463064,0.27132,0.265616,0.384423157018
138000,0.463584,0.271136,0.26528,0.38400666389
139000,0.46436,0.270632,0.265008,0.383590170762
140000,0.464944,0.270432,0.264624,0.383590170762
141000,0.465504,0.270096,0.2644,0.383381924198
142000,0.46628,0.269832,0.263888,0.382340691379
143000,0.466848,0.2698,0.263352,0.38400666389
144000,0.467456,0.269408,0.263136,0.38504789671
145000,0.468224,0.269088,0.262688,0.386089129529
146000,0.468744,0.268784,0.262472,0.386505622657
147000,0.469072,0.268848,0.26208,0.385672636401
148000,0.469568,0.2686,0.261832,0.386505622657
149000,0.46976,0.268696,0.261544,0.389004581424
150000,0.4704,0.2684,0.2612,0.388171595169
151000,0.47116,0.268216,0.260624,0.388379841733
152000,0.471776,0.267928,0.260296,0.388379841733
153000,0.472456,0.267576,0.259968,0.390254060808
154000,0.473072,0.267472,0.259456,0.391711786756
155000,0.473792,0.267336,0.258872,0.3908788005
156000,0.474168,0.267224,0.258608,0.391503540192
157000,0.47468,0.266944,0.258376,0.392128279883
158000,0.475304,0.26672,0.257976,0.3908788005
159000,0.475936,0.266472,0.257592,0.390462307372
160000,0.476392,0.266312,0.257296,0.392128279883
161000,0.476776,0.266056,0.257168,0.390254060808
162000,0.477488,0.265632,0.25688,0.389421074552
163000,0.478064,0.265216,0.25672,0.388588088297
164000,0.478296,0.265248,0.256456,0.389629321116
165000,0.478976,0.264584,0.25644,0.389212827988
166000,0.479336,0.264416,0.256248,0.3908788005
167000,0.479856,0.26408,0.256064,0.388588088297
168000,0.480272,0.263704,0.256024,0.390462307372
169000,0.480552,0.263496,0.255952,0.389629321116
170000,0.480912,0.263336,0.255752,0.390462307372
171000,0.481432,0.26312,0.255448,0.391295293628
172000,0.48212,0.262584,0.255296,0.393377759267
173000,0.482568,0.262232,0.2552,0.394002498959
174000,0.483264,0.261944,0.254792,0.394835485214
175000,0.483824,0.261584,0.254592,0.395251978342
176000,0.484464,0.261288,0.254248,0.395876718034
177000,0.48524,0.260944,0.253816,0.398375676801
178000,0.486024,0.260536,0.25344,0.398792169929
179000,0.486312,0.260328,0.25336,0.399208663057
180000,0.486872,0.25976,0.253368,0.40149937526
181000,0.487336,0.259584,0.25308,0.404206580591
182000,0.487672,0.259168,0.25316,0.404206580591
183000,0.487968,0.259096,0.252936,0.403373594336
184000,0.488568,0.258888,0.252544,0.404206580591
185000,0.489224,0.258296,0.25248,0.401707621824
186000,0.489536,0.258064,0.2524,0.401291128696
187000,0.489936,0.257912,0.252152,0.401915868388
188000,0.490216,0.257696,0.252088,0.402332361516
189000,0.490736,0.257224,0.25204,0.401707621824
190000,0.491408,0.25688,0.251712,0.403165347772
191000,0.492056,0.256416,0.251528,0.405872553103
192000,0.492552,0.256232,0.251216,0.40733027905
193000,0.492944,0.256088,0.250968,0.408788004998
194000,0.49336,0.256128,0.250512,0.408163265306
195000,0.494048,0.25556,0.250392,0.408163265306
196000,0.49456,0.25532,0.25012,0.408788004998
197000,0.495168,0.255072,0.24976,0.406705539359
198000,0.495736,0.254568,0.249696,0.406497292795
199000,0.496264,0.254296,0.24944,0.404831320283
200000,0.496664,0.254176,0.24916,0.404206580591
201000,0.497168,0.25384,0.248992,0.404831320283
202000,0.497656,0.2538,0.248544,0.404414827155
203000,0.498144,0.253376,0.24848,0.4035818409
204000,0.49828,0.253328,0.248392,0.405456059975
205000,0.498768,0.253192,0.24804,0.408163265306
206000,0.499296,0.252816,0.247888,0.407746772178
207000,0.499664,0.252648,0.247688,0.408163265306
208000,0.50008,0.252456,0.247464,0.409204498126
209000,0.500832,0.252,0.247168,0.408579758434
210000,0.501424,0.251736,0.24684,0.408996251562
211000,0.501944,0.251424,0.246632,0.408788004998
212000,0.50208,0.251408,0.246512,0.408996251562
213000,0.502528,0.25124,0.246232,0.410037484382
214000,0.502648,0.250896,0.246456,0.410245730945
215000,0.502992,0.250784,0.246224,0.408163265306
216000,0.503384,0.250304,0.246312,0.406289046231
217000,0.503816,0.250256,0.245928,0.409620991254
218000,0.504416,0.249952,0.245632,0.410870470637
219000,0.504808,0.249824,0.245368,0.411703456893
220000,0.505392,0.2496,0.245008,0.41316118284
221000,0.506104,0.24912,0.244776,0.41524364848
222000,0.506136,0.24928,0.244584,0.415868388172
223000,0.5064,0.249072,0.244528,0.414410662224
224000,0.506872,0.248864,0.244264,0.416076634736
225000,0.507168,0.248624,0.244208,0.416284881299
226000,0.507472,0.248392,0.244136,0.415660141608
227000,0.507912,0.24816,0.243928,0.417534360683
228000,0.508216,0.24828,0.243504,0.417534360683
229000,0.508544,0.24824,0.243216,0.419200333195
230000,0.509096,0.248056,0.242848,0.420241566014
231000,0.509336,0.248104,0.24256,0.420866305706
232000,0.510296,0.247464,0.24224,0.421699291962
233000,0.51056,0.247392,0.242048,0.424822990421
234000,0.51108,0.24712,0.2418,0.423157017909
235000,0.511368,0.246752,0.24188,0.422740524781
236000,0.511928,0.246528,0.241544,0.421282798834
237000,0.51208,0.246568,0.241352,0.421699291962
238000,0.51228,0.246376,0.241344,0.421282798834
239000,0.512584,0.246088,0.241328,0.42107455227
240000,0.512832,0.246048,0.24112,0.419408579758
241000,0.513344,0.245744,0.240912,0.420241566014
242000,0.513904,0.245368,0.240728,0.42211578509
243000,0.514264,0.245224,0.240512,0.422948771345
244000,0.515,0.244648,0.240352,0.423157017909
245000,0.51556,0.244296,0.240144,0.421699291962
246000,0.515864,0.244264,0.239872,0.420866305706
247000,0.516528,0.243992,0.23948,0.419825072886
248000,0.516648,0.243776,0.239576,0.419408579758
249000,0.516968,0.243528,0.239504,0.418783840067
250000,0.517424,0.243488,0.239088,0.420241566014
251000,0.517744,0.24324,0.239016,0.421491045398
252000,0.518008,0.243024,0.238968,0.420658059142
253000,0.51816,0.242848,0.238992,0.419200333195
254000,0.518752,0.242672,0.238576,0.420241566014
255000,0.519024,0.24252,0.238456,0.42107455227
256000,0.51928,0.242264,0.238456,0.42211578509
257000,0.51972,0.242032,0.238248,0.422532278217
258000,0.520256,0.241616,0.238128,0.425031236985
259000,0.52116,0.241192,0.237648,0.427530195752
260000,0.521664,0.240728,0.237608,0.427321949188
261000,0.522,0.24044,0.23756,0.427738442316
262000,0.52264,0.240032,0.237328,0.428154935444
263000,0.52272,0.240016,0.237264,0.427530195752
264000,0.522816,0.239944,0.23724,0.427738442316
265000,0.523256,0.239536,0.237208,0.426697209496
266000,0.52384,0.239232,0.236928,0.428154935444
267000,0.524408,0.238856,0.236736,0.426697209496
268000,0.525048,0.23844,0.236512,0.42586422324
269000,0.525464,0.2382,0.236336,0.42586422324
270000,0.52588,0.237968,0.236152,0.426280716368
271000,0.52604,0.23788,0.23608,0.426280716368
272000,0.52652,0.237592,0.235888,0.424614743857
273000,0.526888,0.237376,0.235736,0.423573511037
274000,0.52696,0.237296,0.235744,0.424822990421
275000,0.527224,0.23696,0.235816,0.425655976676
276000,0.527744,0.236632,0.235624,0.425031236985
277000,0.527936,0.236464,0.2356,0.423157017909
278000,0.528184,0.23624,0.235576,0.425447730112
279000,0.528256,0.236168,0.235576,0.427321949188
280000,0.528632,0.236216,0.235152,0.425655976676
281000,0.528936,0.236216,0.234848,0.427113702624
282000,0.529488,0.235856,0.234656,0.42794668888
283000,0.53016,0.235544,0.234296,0.426072469804
284000,0.530704,0.235232,0.234064,0.426072469804
285000,0.530872,0.235096,0.234032,0.427321949188
286000,0.531336,0.234784,0.23388,0.427113702624
287000,0.531664,0.234768,0.233568,0.428571428571
288000,0.532248,0.234552,0.2332,0.431070387339
289000,0.532608,0.234408,0.232984,0.430237401083
290000,0.533056,0.234152,0.232792,0.431278633903
291000,0.533432,0.234064,0.232504,0.434194085798
292000,0.533664,0.234072,0.232264,0.432111620158
293000,0.534136,0.2338,0.232064,0.432319866722
294000,0.534608,0.233592,0.2318,0.430445647647
295000,0.535312,0.233104,0.231584,0.431278633903
296000,0.535664,0.232952,0.231384,0.428987921699
297000,0.53576,0.23272,0.23152,0.429196168263
298000,0.536096,0.23232,0.231584,0.428571428571
299000,0.536272,0.232144,0.231584,0.427113702624
300000,0.536592,0.232024,0.231384,0.427530195752
301000,0.53664,0.232112,0.231248,0.427530195752
302000,0.537272,0.231896,0.230832,0.427321949188
303000,0.53788,0.23164,0.23048,0.424614743857
304000,0.53864,0.23132,0.23004,0.427530195752
305000,0.538824,0.231272,0.229904,0.429820907955
306000,0.539072,0.230984,0.229944,0.431278633903
307000,0.539248,0.230888,0.229864,0.430653894211
308000,0.539952,0.230704,0.229344,0.430445647647
309000,0.540232,0.230616,0.229152,0.431070387339
310000,0.540336,0.23036,0.229304,0.430653894211
311000,0.540728,0.23024,0.229032,0.431903373594
312000,0.541384,0.229696,0.22892,0.430445647647
313000,0.54192,0.229352,0.228728,0.432111620158
314000,0.542248,0.229256,0.228496,0.432319866722
315000,0.5426,0.228936,0.228464,0.435235318617
316000,0.54276,0.229096,0.228144,0.436693044565
317000,0.543224,0.229,0.227776,0.436901291129
318000,0.543376,0.229136,0.227488,0.439400249896
319000,0.543656,0.229112,0.227232,0.437942523948
320000,0.543952,0.228936,0.227112,0.438983756768
321000,0.54428,0.22856,0.22716,0.439816743024
322000,0.544768,0.228416,0.226816,0.440233236152
323000,0.54508,0.228176,0.226744,0.440441482716
324000,0.545496,0.227888,0.226616,0.440441482716
325000,0.546008,0.227608,0.226384,0.439816743024
326000,0.546608,0.227336,0.226056,0.439400249896
327000,0.54696,0.227168,0.225872,0.440649729279
328000,0.547112,0.22708,0.225808,0.441899208663
329000,0.547352,0.227112,0.225536,0.441274468971
330000,0.547584,0.227136,0.22528,0.440649729279
331000,0.54776,0.227088,0.225152,0.442107455227
332000,0.548384,0.226712,0.224904,0.445022907122
333000,0.548576,0.226584,0.22484,0.445855893378
334000,0.54928,0.22644,0.22428,0.44543940025
335000,0.549648,0.226232,0.22412,0.44543940025
336000,0.550344,0.225992,0.223664,0.446897126197
337000,0.5508,0.225712,0.223488,0.444189920866
338000,0.55124,0.22556,0.2232,0.444189920866
339000,0.551528,0.225504,0.222968,0.444606413994
340000,0.55184,0.225416,0.222744,0.443356934611
341000,0.552392,0.22508,0.222528,0.443356934611
342000,0.552792,0.224808,0.2224,0.444189920866
343000,0.553008,0.224664,0.222328,0.442315701791
344000,0.55324,0.224496,0.222264,0.443981674302
345000,0.553624,0.224224,0.222152,0.444606413994
346000,0.554184,0.224064,0.221752,0.443356934611
347000,0.554384,0.223968,0.221648,0.444606413994
348000,0.554648,0.223824,0.221528,0.446064139942
349000,0.554888,0.223712,0.2214,0.443356934611
350000,0.555048,0.223632,0.22132,0.443565181175
351000,0.55556,0.223464,0.220976,0.446272386506
352000,0.555624,0.223392,0.220984,0.447730112453
353000,0.555752,0.223208,0.22104,0.448563098709
354000,0.556216,0.222912,0.220872,0.448771345273
355000,0.556416,0.22276,0.220824,0.449396084965
356000,0.55652,0.222896,0.220584,0.45022907122
357000,0.557368,0.22264,0.219992,0.449604331529
358000,0.557968,0.22232,0.219712,0.451895043732
359000,0.558392,0.222024,0.219584,0.452519783424
360000,0.5584,0.221808,0.219792,0.450645564348
361000,0.558776,0.22156,0.219664,0.451062057476
362000,0.558816,0.221576,0.219608,0.451895043732
363000,0.559152,0.221368,0.21948,0.451478550604
364000,0.55944,0.221112,0.219448,0.450853810912
365000,0.559584,0.221088,0.219328,0.450020824656
366000,0.5598,0.220936,0.219264,0.450853810912
367000,0.560216,0.220696,0.219088,0.449396084965
368000,0.560352,0.220656,0.218992,0.450437317784
369000,0.560672,0.22072,0.218608,0.45231153686
370000,0.560752,0.220592,0.218656,0.451686797168
371000,0.560984,0.220392,0.218624,0.45022907122
372000,0.561552,0.220216,0.218232,0.449396084965
373000,0.561936,0.220048,0.218016,0.451062057476
374000,0.562384,0.219752,0.217864,0.452728029988
375000,0.562152,0.21996,0.217888,0.45231153686
376000,0.5626,0.21984,0.21756,0.453769262807
377000,0.562688,0.219744,0.217568,0.456684714702
378000,0.563152,0.219504,0.217344,0.455435235319
379000,0.56356,0.219472,0.216968,0.455851728446
380000,0.563976,0.21948,0.216544,0.458975426905
381000,0.564248,0.219408,0.216344,0.457934194086
382000,0.564624,0.219232,0.216144,0.457517700958
383000,0.565016,0.218696,0.216288,0.456268221574
384000,0.565328,0.218664,0.216008,0.457934194086
385000,0.565448,0.21872,0.215832,0.45710120783
386000,0.565624,0.21868,0.215696,0.45605997501
387000,0.565808,0.218608,0.215584,0.455643481883
388000,0.566128,0.218456,0.215416,0.454602249063
389000,0.566608,0.21812,0.215272,0.456268221574
390000,0.566872,0.21804,0.215088,0.453769262807
391000,0.567408,0.217704,0.214888,0.45231153686
392000,0.567792,0.217496,0.214712,0.452519783424
393000,0.568336,0.217232,0.214432,0.455018742191
394000,0.568368,0.217232,0.2144,0.456476468138
395000,0.568728,0.216952,0.21432,0.457517700958
396000,0.568968,0.217048,0.213984,0.457725947522
397000,0.568944,0.217,0.214056,0.457934194086
398000,0.569344,0.216552,0.214104,0.456892961266
399000,0.56972,0.216344,0.213936,0.457309454394
400000,0.57008,0.216088,0.213832,0.456892961266
401000,0.570336,0.215888,0.213776,0.456476468138
402000,0.570696,0.215632,0.213672,0.454602249063
403000,0.57084,0.215448,0.213712,0.45231153686
404000,0.57112,0.21532,0.21356,0.452103290296
405000,0.571416,0.215136,0.213448,0.453769262807
406000,0.571568,0.21508,0.213352,0.455018742191
407000,0.571624,0.215368,0.213008,0.453352769679
408000,0.57228,0.21496,0.21276,0.454602249063
409000,0.572392,0.21488,0.212728,0.45710120783
410000,0.572504,0.2148,0.212696,0.457725947522
411000,0.57288,0.2146,0.21252,0.455643481883
412000,0.573112,0.214624,0.212264,0.455018742191
413000,0.573208,0.214624,0.212168,0.453977509371
414000,0.57356,0.21452,0.21192,0.453769262807
415000,0.573896,0.214328,0.211776,0.452728029988
416000,0.574104,0.214144,0.211752,0.453561016243
417000,0.574328,0.21408,0.211592,0.454185755935
418000,0.574944,0.213632,0.211424,0.453769262807
419000,0.574768,0.213776,0.211456,0.454394002499
420000,0.575264,0.213472,0.211264,0.454394002499
421000,0.575552,0.213216,0.211232,0.455018742191
422000,0.575952,0.212936,0.211112,0.456684714702
423000,0.576584,0.212608,0.210808,0.455435235319
424000,0.577024,0.212216,0.21076,0.455018742191
425000,0.577336,0.212104,0.21056,0.453769262807
426000,0.577936,0.211896,0.210168,0.457309454394
427000,0.578208,0.211904,0.209888,0.459808413161
428000,0.578336,0.211816,0.209848,0.458558933778
429000,0.578544,0.211584,0.209872,0.460641399417
430000,0.579008,0.211288,0.209704,0.45814244065
431000,0.579016,0.211272,0.209712,0.460016659725
432000,0.579072,0.210896,0.210032,0.460849645981
433000,0.57936,0.210736,0.209904,0.461474385673
434000,0.579448,0.210912,0.20964,0.461474385673
435000,0.579544,0.21084,0.209616,0.460433152853
436000,0.579728,0.21072,0.209552,0.460433152853
437000,0.580136,0.210392,0.209472,0.463556851312
438000,0.580496,0.210272,0.209232,0.461682632237
439000,0.580656,0.210192,0.209152,0.461266139109
440000,0.580888,0.21,0.209112,0.4618908788
441000,0.581248,0.20976,0.208992,0.46293211162
442000,0.581456,0.20988,0.208664,0.464181591004
443000,0.581696,0.209888,0.208416,0.46293211162
444000,0.582056,0.20948,0.208464,0.461057892545
445000,0.582248,0.209272,0.20848,0.459808413161
446000,0.582816,0.209136,0.208048,0.458975426905
447000,0.583056,0.209152,0.207792,0.461057892545
448000,0.583544,0.208992,0.207464,0.458975426905
449000,0.583976,0.208584,0.20744,0.462515618492
450000,0.584384,0.208336,0.20728,0.461057892545
451000,0.584832,0.207976,0.207192,0.46293211162
452000,0.5852,0.208008,0.206792,0.4618908788
453000,0.585656,0.207824,0.20652,0.462307371928
454000,0.58576,0.207752,0.206488,0.462515618492
455000,0.58604,0.207616,0.206344,0.462723865056
456000,0.58652,0.207256,0.206224,0.463765097876
457000,0.586976,0.207064,0.20596,0.462307371928
458000,0.587056,0.20704,0.205904,0.464598084132
459000,0.587128,0.207064,0.205808,0.463765097876
460000,0.587432,0.20696,0.205608,0.462723865056
461000,0.587632,0.206752,0.205616,0.462723865056
462000,0.588032,0.206384,0.205584,0.463140358184
463000,0.588168,0.206384,0.205448,0.463765097876
464000,0.588136,0.206392,0.205472,0.463765097876
465000,0.588544,0.20628,0.205176,0.465014577259
466000,0.58884,0.205928,0.205232,0.467513536027
467000,0.589224,0.205912,0.204864,0.466472303207
468000,0.589352,0.205584,0.205064,0.465847563515
469000,0.589432,0.205624,0.204944,0.464389837568
470000,0.589576,0.205744,0.20468,0.463348604748
471000,0.590016,0.205368,0.204616,0.462723865056
472000,0.590336,0.205424,0.20424,0.466264056643
473000,0.590408,0.205448,0.204144,0.466680549771
474000,0.590496,0.205376,0.204128,0.467721782591
475000,0.590792,0.205272,0.203936,0.467721782591
476000,0.590984,0.205216,0.2038,0.46876301541
477000,0.59144,0.205032,0.203528,0.465639316951
478000,0.591888,0.204832,0.20328,0.464598084132
479000,0.592272,0.204672,0.203056,0.464598084132
480000,0.59252,0.20452,0.20296,0.467513536027
481000,0.59284,0.204264,0.202896,0.465222823823
482000,0.59308,0.204224,0.202696,0.465431070387
483000,0.593464,0.203992,0.202544,0.466680549771
484000,0.59404,0.20372,0.20224,0.467513536027
485000,0.594336,0.203424,0.20224,0.465222823823
486000,0.594408,0.203552,0.20204,0.465014577259
487000,0.59464,0.203608,0.201752,0.467513536027
488000,0.594888,0.203464,0.201648,0.470428987922
489000,0.59516,0.203392,0.201448,0.47084548105
490000,0.59544,0.203168,0.201392,0.473136193253
491000,0.595752,0.20296,0.201288,0.473760932945
492000,0.59592,0.203,0.20108,0.475426905456
493000,0.596088,0.202944,0.200968,0.476468138276
494000,0.596296,0.20268,0.201024,0.473760932945
495000,0.5964,0.20272,0.20088,0.471678467305
496000,0.596344,0.202808,0.200848,0.472511453561
497000,0.5966,0.202512,0.200888,0.472511453561
498000,0.596552,0.202712,0.200736,0.469387755102
499000,0.596888,0.202528,0.200584,0.46980424823
500000,0.596984,0.202424,0.200592,0.468971261974
501000,0.596848,0.202544,0.200608,0.467721782591
502000,0.597312,0.202456,0.200232,0.467930029155
503000,0.597416,0.20256,0.200024,0.468346522282
504000,0.597632,0.20252,0.199848,0.469387755102
505000,0.59764,0.202624,0.199736,0.468554768846
506000,0.598168,0.20236,0.199472,0.46980424823
507000,0.597944,0.202664,0.199392,0.468346522282
508000,0.598624,0.202248,0.199128,0.468138275718
509000,0.5988,0.20232,0.19888,0.467513536027
510000,0.59924,0.20212,0.19864,0.467097042899
511000,0.599584,0.201856,0.19856,0.466680549771
512000,0.599832,0.201736,0.198432,0.466055810079
513000,0.599936,0.201648,0.198416,0.467721782591
514000,0.600328,0.201328,0.198344,0.46876301541
515000,0.600536,0.201168,0.198296,0.469596001666
516000,0.601016,0.200992,0.197992,0.470428987922
517000,0.6012,0.200816,0.197984,0.46980424823
518000,0.601632,0.200616,0.197752,0.471678467305
519000,0.602088,0.200432,0.19748,0.472094960433
520000,0.602088,0.200736,0.197176,0.471470220741
521000,0.602176,0.200816,0.197008,0.471470220741
522000,0.602496,0.200536,0.196968,0.472303206997
523000,0.60276,0.200448,0.196792,0.469596001666
524000,0.60288,0.20032,0.1968,0.46980424823
525000,0.60316,0.200072,0.196768,0.471470220741
526000,0.603336,0.19996,0.196704,0.472094960433
527000,0.603744,0.199792,0.196464,0.472511453561
528000,0.603776,0.19972,0.196504,0.472719700125
529000,0.603792,0.1998,0.196408,0.472303206997
530000,0.604104,0.199592,0.196304,0.471470220741
531000,0.604432,0.199408,0.19616,0.472927946689
532000,0.604776,0.199328,0.195896,0.473344439817
533000,0.605168,0.199152,0.19568,0.472719700125
534000,0.605136,0.199216,0.195648,0.473344439817
535000,0.605208,0.199192,0.1956,0.47084548105
536000,0.60524,0.199264,0.195496,0.471470220741
537000,0.605552,0.198992,0.195456,0.470428987922
538000,0.605664,0.198976,0.19536,0.470637234486
539000,0.605968,0.198976,0.195056,0.472094960433
540000,0.606056,0.198888,0.195056,0.473344439817
541000,0.606472,0.198904,0.194624,0.472719700125
542000,0.606736,0.198864,0.1944,0.472303206997
543000,0.606936,0.198752,0.194312,0.475218658892
544000,0.607184,0.19856,0.194256,0.476468138276
545000,0.607528,0.198384,0.194088,0.477509371095
546000,0.60756,0.19832,0.19412,0.479591836735
547000,0.607904,0.198072,0.194024,0.480841316118
548000,0.607976,0.198376,0.193648,0.478758850479
549000,0.6084,0.19816,0.19344,0.478967097043
550000,0.60876,0.197888,0.193352,0.478758850479
551000,0.608864,0.197784,0.193352,0.478342357351
552000,0.60892,0.197688,0.193392,0.478134110787
553000,0.609456,0.19744,0.193104,0.478550603915
554000,0.60964,0.19736,0.193,0.479383590171
555000,0.61004,0.197072,0.192888,0.477925864223
556000,0.61036,0.197,0.19264,0.477301124531
557000,0.610576,0.196928,0.192496,0.477301124531
558000,0.610712,0.196824,0.192464,0.477509371095
559000,0.610784,0.196704,0.192512,0.480841316118
560000,0.611112,0.196504,0.192384,0.480008329863
561000,0.611232,0.196368,0.1924,0.479383590171
562000,0.611432,0.196288,0.19228,0.479591836735
563000,0.611792,0.196008,0.1922,0.479591836735
564000,0.612112,0.195584,0.192304,0.480216576426
565000,0.612216,0.195568,0.192216,0.481049562682
566000,0.612456,0.1956,0.191944,0.480008329863
567000,0.612608,0.195496,0.191896,0.480008329863
568000,0.612744,0.195416,0.19184,0.481257809246
569000,0.613176,0.19508,0.191744,0.480008329863
570000,0.61324,0.195008,0.191752,0.481882548938
571000,0.613472,0.194888,0.19164,0.479383590171
572000,0.613776,0.194752,0.191472,0.480633069554
573000,0.614104,0.1946,0.191296,0.481882548938
574000,0.614136,0.194584,0.19128,0.481674302374
575000,0.614512,0.194248,0.19124,0.48250728863
576000,0.614648,0.194144,0.191208,0.48146605581
577000,0.615144,0.193872,0.190984,0.482715535194
578000,0.615256,0.1938,0.190944,0.482715535194
579000,0.61532,0.193792,0.190888,0.483756768013
580000,0.615424,0.193808,0.190768,0.484173261141
581000,0.615768,0.193632,0.1906,0.482715535194
582000,0.615992,0.19352,0.190488,0.482923781758
583000,0.61632,0.193448,0.190232,0.483548521449
584000,0.616592,0.193144,0.190264,0.486463973344
585000,0.616504,0.193152,0.190344,0.486463973344
586000,0.61652,0.193256,0.190224,0.485630987089
587000,0.616656,0.193312,0.190032,0.488546438984
588000,0.616712,0.193296,0.189992,0.48833819242
589000,0.616848,0.193256,0.189896,0.489795918367
590000,0.617072,0.19304,0.189888,0.492294877135
591000,0.61752,0.192912,0.189568,0.494793835902
592000,0.617528,0.192744,0.189728,0.492294877135
593000,0.617936,0.1924,0.189664,0.491461890879
594000,0.61808,0.192248,0.189672,0.489795918367
595000,0.618416,0.192128,0.189456,0.489795918367
596000,0.61856,0.191976,0.189464,0.488962932112
597000,0.618856,0.191864,0.18928,0.492294877135
598000,0.619248,0.19152,0.189232,0.492919616826
599000,0.619256,0.191688,0.189056,0.494377342774
600000,0.619672,0.191552,0.188776,0.496668054977
601000,0.619968,0.191232,0.1888,0.496043315285
602000,0.620472,0.191056,0.188472,0.49416909621
603000,0.620608,0.191064,0.188328,0.494585589338
604000,0.620624,0.190896,0.18848,0.49416909621
605000,0.620656,0.190952,0.188392,0.491878384007
606000,0.620704,0.190872,0.188424,0.492294877135
607000,0.62092,0.190808,0.188272,0.492711370262
608000,0.621304,0.19048,0.188216,0.492711370262
609000,0.621496,0.190504,0.188,0.49312786339
610000,0.621576,0.19064,0.187784,0.491878384007
611000,0.622104,0.190264,0.187632,0.491045397751
612000,0.622296,0.190184,0.18752,0.494377342774
613000,0.622456,0.190128,0.187416,0.493544356518
614000,0.62256,0.190184,0.187256,0.495418575594
615000,0.62272,0.19004,0.18724,0.495002082466
616000,0.623112,0.18976,0.187128,0.494377342774
617000,0.623408,0.189576,0.187016,0.494793835902
618000,0.623656,0.189304,0.18704,0.496668054977
619000,0.624,0.18928,0.18672,0.497917534361
620000,0.624448,0.18884,0.186712,0.498542274052
621000,0.624544,0.188816,0.18664,0.498125780925
622000,0.624648,0.18868,0.186672,0.497709287797
623000,0.624744,0.188712,0.186544,0.497709287797
624000,0.625,0.188576,0.186424,0.497501041233
625000,0.62548,0.188456,0.186064,0.497292794669
626000,0.625744,0.188328,0.185928,0.496251561849
627000,0.626168,0.188368,0.185464,0.496668054977
628000,0.626432,0.188272,0.185296,0.496043315285
629000,0.626464,0.188176,0.18536,0.497501041233
630000,0.626664,0.188112,0.185224,0.498334027489
631000,0.626648,0.188008,0.185344,0.498334027489
632000,0.626952,0.187984,0.185064,0.5
633000,0.627264,0.187712,0.185024,0.50104123282
634000,0.627384,0.187608,0.185008,0.5
635000,0.627608,0.187432,0.18496,0.502498958767
636000,0.627744,0.187168,0.185088,0.504997917534
637000,0.627888,0.186992,0.18512,0.505206164098
638000,0.628336,0.186768,0.184896,0.504581424406
639000,0.628336,0.186784,0.18488,0.504164931279
640000,0.628648,0.186752,0.1846,0.503748438151
641000,0.628904,0.186672,0.184424,0.503123698459
642000,0.62924,0.186464,0.184296,0.504581424406
643000,0.629656,0.186224,0.18412,0.507288629738
644000,0.629592,0.186424,0.183984,0.506455643482
645000,0.629632,0.186496,0.183872,0.504164931279
646000,0.629432,0.186456,0.184112,0.504997917534
647000,0.629544,0.186352,0.184104,0.503748438151
648000,0.629616,0.186344,0.18404,0.503331945023
649000,0.62948,0.18636,0.18416,0.503748438151
650000,0.629504,0.18628,0.184216,0.506247396918
651000,0.62964,0.186184,0.184176,0.508538109121
652000,0.630072,0.185824,0.184104,0.50583090379
653000,0.630584,0.185568,0.183848,0.50687213661
654000,0.631024,0.185304,0.183672,0.50583090379
655000,0.631352,0.185,0.183648,0.505622657226
656000,0.631608,0.184824,0.183568,0.506039150354
657000,0.63156,0.184992,0.183448,0.507705122865
658000,0.631664,0.18484,0.183496,0.507080383174
659000,0.631712,0.184936,0.183352,0.503956684715
660000,0.631856,0.1848,0.183344,0.503540191587
661000,0.63216,0.184512,0.183328,0.504373177843
662000,0.63276,0.184312,0.182928,0.506663890046
663000,0.632408,0.184672,0.18292,0.506247396918
664000,0.632688,0.184544,0.182768,0.506663890046
665000,0.63292,0.184512,0.182568,0.504997917534
666000,0.633096,0.18424,0.182664,0.502290712203
667000,0.63328,0.18428,0.18244,0.502915451895
668000,0.633568,0.184048,0.182384,0.504164931279
669000,0.633552,0.184032,0.182416,0.503956684715
670000,0.6336,0.18404,0.18236,0.506663890046
671000,0.63396,0.183848,0.182192,0.507913369429
672000,0.634,0.183824,0.182176,0.507496876302
673000,0.634248,0.183816,0.181936,0.507705122865
674000,0.634632,0.18368,0.181688,0.510412328197
675000,0.634896,0.183472,0.181632,0.510412328197
676000,0.635104,0.183304,0.181592,0.511453561016
677000,0.635248,0.183368,0.181384,0.512286547272
678000,0.635632,0.183256,0.181112,0.516034985423
679000,0.636064,0.183096,0.18084,0.515201999167
680000,0.636096,0.182872,0.181032,0.515826738859
681000,0.636272,0.18276,0.180968,0.514993752603
682000,0.636352,0.18268,0.180968,0.514785506039
683000,0.636344,0.182592,0.181064,0.517076218242
684000,0.636408,0.182456,0.181136,0.517076218242
685000,0.636472,0.182416,0.181112,0.518742190754
686000,0.636408,0.182472,0.18112,0.51749271137
687000,0.636768,0.182264,0.180968,0.517909204498
688000,0.636896,0.182208,0.180896,0.517909204498
689000,0.637296,0.182016,0.180688,0.51749271137
690000,0.6374,0.182104,0.180496,0.516659725115
691000,0.637696,0.181904,0.1804,0.517284464806
692000,0.63776,0.18212,0.18012,0.514993752603
693000,0.638008,0.182096,0.179896,0.515618492295
694000,0.638216,0.181976,0.179808,0.517076218242
695000,0.638552,0.181728,0.17972,0.515618492295
696000,0.63892,0.181648,0.179432,0.516659725115
697000,0.639312,0.18152,0.179168,0.519783423574
698000,0.639368,0.181592,0.17904,0.516659725115
699000,0.639544,0.181784,0.178672,0.518117451062
700000,0.64004,0.181352,0.178608,0.519158683882
701000,0.640232,0.181136,0.178632,0.518950437318
702000,0.64032,0.181096,0.178584,0.520199916701
703000,0.64064,0.181,0.17836,0.521241149521
704000,0.640864,0.180912,0.178224,0.51957517701
705000,0.641136,0.180736,0.178128,0.521657642649
706000,0.641216,0.180632,0.178152,0.521657642649
707000,0.64148,0.180488,0.178032,0.520199916701
708000,0.641264,0.180648,0.178088,0.521032902957
709000,0.641328,0.180752,0.17792,0.520408163265
710000,0.641608,0.180656,0.177736,0.51957517701
711000,0.641744,0.18052,0.177736,0.521865889213
712000,0.641744,0.180648,0.177608,0.521865889213
713000,0.641944,0.180408,0.177648,0.521449396085
714000,0.642256,0.180344,0.1774,0.521449396085
715000,0.6426,0.180272,0.177128,0.521032902957
716000,0.642608,0.180368,0.177024,0.522074135777
717000,0.642936,0.180248,0.176816,0.523115368596
718000,0.64324,0.179984,0.176776,0.523531861724
719000,0.64316,0.179848,0.176992,0.5254060808
720000,0.643312,0.179744,0.176944,0.524989587672
721000,0.643688,0.179784,0.176528,0.525614327364
722000,0.64384,0.179712,0.176448,0.526239067055
723000,0.64392,0.179696,0.176384,0.528113286131
724000,0.643912,0.1796,0.176488,0.528113286131
725000,0.64412,0.179432,0.176448,0.526447313619
726000,0.644144,0.17944,0.176416,0.525822573928
727000,0.644488,0.179184,0.176328,0.528113286131
728000,0.644592,0.179176,0.176232,0.528113286131
729000,0.644824,0.179056,0.17612,0.53123698459
730000,0.644872,0.178888,0.17624,0.530612244898
731000,0.645176,0.178656,0.176168,0.530612244898
732000,0.645424,0.178504,0.176072,0.531445231154
733000,0.645528,0.178256,0.176216,0.530612244898
734000,0.645464,0.178232,0.176304,0.530612244898
735000,0.645968,0.177904,0.176128,0.531653477718
736000,0.646152,0.177664,0.176184,0.532069970845
737000,0.646312,0.177448,0.17624,0.531653477718
738000,0.64652,0.177336,0.176144,0.53123698459
739000,0.646472,0.177288,0.17624,0.531861724282
740000,0.646712,0.177176,0.176112,0.532069970845
741000,0.646808,0.177176,0.176016,0.529987505206
742000,0.646776,0.177328,0.175896,0.528946272387
743000,0.647224,0.17712,0.175656,0.53019575177
744000,0.647272,0.177184,0.175544,0.528738025823
745000,0.647376,0.177088,0.175536,0.528529779259
746000,0.647432,0.17692,0.175648,0.528321532695
747000,0.647384,0.176872,0.175744,0.529362765514
748000,0.647792,0.176592,0.175616,0.527488546439
749000,0.648224,0.176288,0.175488,0.527280299875
750000,0.648544,0.176088,0.175368,0.528321532695
751000,0.648848,0.175904,0.175248,0.526655560183
752000,0.648984,0.1758,0.175216,0.525197834236
753000,0.649392,0.175576,0.175032,0.527072053311
754000,0.649704,0.175648,0.174648,0.527905039567
755000,0.649864,0.17544,0.174696,0.524989587672
756000,0.650064,0.175416,0.17452,0.524573094544
757000,0.650312,0.1752,0.174488,0.524989587672
758000,0.650224,0.175104,0.174672,0.523531861724
759000,0.650344,0.175104,0.174552,0.523948354852
760000,0.650432,0.175224,0.174344,0.52436484798
761000,0.6506,0.175232,0.174168,0.523948354852
762000,0.650616,0.175032,0.174352,0.521657642649
763000,0.650656,0.175112,0.174232,0.51957517701
764000,0.650728,0.174928,0.174344,0.521657642649
765000,0.650848,0.174744,0.174408,0.521032902957
766000,0.651104,0.174776,0.17412,0.521241149521
767000,0.65124,0.174856,0.173904,0.520616409829
768000,0.651312,0.175,0.173688,0.520824656393
769000,0.651752,0.174888,0.17336,0.522490628905
770000,0.651832,0.174944,0.173224,0.522074135777
771000,0.652232,0.174808,0.17296,0.520199916701
772000,0.652408,0.174536,0.173056,0.518742190754
773000,0.652616,0.174552,0.172832,0.518742190754
774000,0.652688,0.174592,0.17272,0.51957517701
775000,0.652992,0.174696,0.172312,0.519366930446
776000,0.652768,0.174808,0.172424,0.516451478551
777000,0.652528,0.174912,0.17256,0.517909204498
778000,0.652904,0.174816,0.17228,0.520199916701
779000,0.652744,0.174896,0.17236,0.51957517701
780000,0.652864,0.1748,0.172336,0.518742190754
781000,0.65292,0.174872,0.172208,0.519366930446
782000,0.65304,0.174776,0.172184,0.519366930446
783000,0.653272,0.174768,0.17196,0.519158683882
784000,0.653384,0.174688,0.171928,0.521865889213
785000,0.653616,0.17444,0.171944,0.524156601416
786000,0.653696,0.17428,0.172024,0.523531861724
787000,0.653904,0.1742,0.171896,0.522907122032
788000,0.654312,0.173952,0.171736,0.520824656393
789000,0.654752,0.17364,0.171608,0.522490628905
790000,0.655032,0.173544,0.171424,0.521449396085
791000,0.65548,0.173392,0.171128,0.523948354852
792000,0.655488,0.173344,0.171168,0.522282382341
793000,0.655408,0.173296,0.171296,0.522698875469
794000,0.65512,0.173432,0.171448,0.52332361516
795000,0.655288,0.173376,0.171336,0.522282382341
796000,0.655432,0.173352,0.171216,0.523948354852
797000,0.655552,0.173312,0.171136,0.522698875469
798000,0.656,0.173336,0.170664,0.523531861724
799000,0.65596,0.173336,0.170704,0.522490628905
800000,0.656208,0.173096,0.170696,0.522074135777
801000,0.656488,0.172904,0.170608,0.521241149521
802000,0.656656,0.17288,0.170464,0.522490628905
803000,0.656744,0.172792,0.170464,0.52332361516
804000,0.656936,0.172888,0.170176,0.5254060808
805000,0.657032,0.172816,0.170152,0.524156601416
806000,0.657152,0.172728,0.17012,0.521865889213
807000,0.657104,0.1726,0.170296,0.522074135777
808000,0.65712,0.172656,0.170224,0.521865889213
809000,0.65736,0.172648,0.169992,0.522490628905
810000,0.65736,0.17248,0.17016,0.520408163265
811000,0.65736,0.172544,0.170096,0.521032902957
812000,0.657552,0.172376,0.170072,0.523740108288
813000,0.657624,0.172544,0.169832,0.52436484798
814000,0.657688,0.172696,0.169616,0.523740108288
815000,0.657696,0.172696,0.169608,0.524573094544
816000,0.657912,0.172744,0.169344,0.527488546439
817000,0.658,0.172856,0.169144,0.527488546439
818000,0.657952,0.172832,0.169216,0.526655560183
819000,0.657976,0.172728,0.169296,0.52436484798
820000,0.658264,0.17256,0.169176,0.522698875469
821000,0.658392,0.172376,0.169232,0.521449396085
822000,0.658552,0.172288,0.16916,0.521657642649
823000,0.658656,0.172224,0.16912,0.52436484798
824000,0.658752,0.172216,0.169032,0.522907122032
825000,0.65884,0.17212,0.16904,0.522907122032
826000,0.658784,0.17212,0.169096,0.522907122032
827000,0.65888,0.172016,0.169104,0.523531861724
828000,0.658904,0.172072,0.169024,0.523115368596
829000,0.6588,0.17204,0.16916,0.522074135777
830000,0.659128,0.171856,0.169016,0.522282382341
831000,0.659544,0.171696,0.16876,0.524573094544
832000,0.659592,0.171608,0.1688,0.5254060808
833000,0.659808,0.1716,0.168592,0.525822573928
834000,0.659896,0.171656,0.168448,0.526239067055
