1000,0.333875,0.333489,0.332636,0.334404652586
2000,0.334037,0.333463,0.3325,0.334659728599
3000,0.334197,0.333425,0.332378,0.334812774207
4000,0.334356,0.333395,0.332249,0.335067850219
5000,0.334511,0.333364,0.332125,0.334761759004
6000,0.334653,0.333359,0.331988,0.335118865422
7000,0.3348,0.333341,0.331859,0.334914804612
8000,0.334987,0.333288,0.331725,0.334965819814
9000,0.335111,0.333279,0.33161,0.334914804612
10000,0.335285,0.333226,0.331489,0.334965819814
11000,0.335488,0.333152,0.33136,0.335016835017
12000,0.335664,0.333072,0.331264,0.335016835017
13000,0.335819,0.33302,0.331161,0.335373941435
14000,0.335983,0.332968,0.331049,0.335424956637
15000,0.336111,0.332944,0.330945,0.335322926232
16000,0.336258,0.332922,0.33082,0.335220895827
17000,0.336432,0.332881,0.330687,0.335169880624
18000,0.336607,0.332857,0.330536,0.335169880624
19000,0.336738,0.332835,0.330427,0.335067850219
20000,0.336886,0.33283,0.330284,0.335016835017
21000,0.337029,0.332794,0.330177,0.334914804612
22000,0.337188,0.332743,0.330069,0.334761759004
23000,0.337347,0.332723,0.32993,0.334914804612
24000,0.337505,0.332685,0.32981,0.335424956637
25000,0.337645,0.332641,0.329714,0.335118865422
26000,0.337849,0.332579,0.329572,0.334965819814
27000,0.338034,0.332549,0.329417,0.334914804612
28000,0.338211,0.33251,0.329279,0.334761759004
29000,0.338396,0.33246,0.329144,0.334812774207
30000,0.338568,0.33243,0.329002,0.334965819814
31000,0.338718,0.332391,0.328891,0.334965819814
32000,0.338885,0.332377,0.328738,0.335118865422
33000,0.339076,0.332336,0.328588,0.335169880624
34000,0.339215,0.332339,0.328446,0.335424956637
35000,0.33938,0.332332,0.328288,0.335629017447
36000,0.339545,0.332291,0.328164,0.33588409346
37000,0.339668,0.332303,0.328029,0.335935108662
38000,0.339785,0.33233,0.327885,0.33588409346
39000,0.339947,0.332298,0.327755,0.335629017447
40000,0.340099,0.332268,0.327633,0.335322926232
41000,0.340253,0.332238,0.327509,0.335322926232
42000,0.3404,0.332225,0.327375,0.335118865422
43000,0.340549,0.332187,0.327264,0.334965819814
44000,0.340706,0.332118,0.327176,0.335118865422
45000,0.340844,0.332079,0.327077,0.335271911029
46000,0.341019,0.332023,0.326958,0.335169880624
47000,0.341195,0.331977,0.326828,0.335220895827
48000,0.341348,0.331936,0.326716,0.335169880624
49000,0.34153,0.331897,0.326573,0.335169880624
50000,0.341715,0.331866,0.326419,0.334965819814
51000,0.341903,0.33183,0.326267,0.335271911029
52000,0.342101,0.331809,0.32609,0.335322926232
53000,0.342257,0.33178,0.325963,0.335271911029
54000,0.342433,0.331739,0.325828,0.335220895827
55000,0.342644,0.331716,0.32564,0.335526987042
56000,0.3428,0.331707,0.325493,0.33568003265
57000,0.342954,0.331689,0.325357,0.335833078257
58000,0.343143,0.331624,0.325233,0.335935108662
59000,0.343299,0.331637,0.325064,0.335833078257
60000,0.343439,0.33162,0.324941,0.336241199878
61000,0.343567,0.331609,0.324824,0.336598306295
62000,0.343714,0.331592,0.324694,0.336751351903
63000,0.343894,0.331539,0.324567,0.336955412713
64000,0.344046,0.331544,0.32441,0.33690439751
65000,0.344181,0.331522,0.324297,0.337006427916
66000,0.3443,0.33152,0.32418,0.337108458321
67000,0.344419,0.331511,0.32407,0.337822671156
68000,0.34461,0.331454,0.323936,0.337618610346
69000,0.344728,0.33144,0.323832,0.337669625548
70000,0.344866,0.331431,0.323703,0.337618610346
71000,0.345045,0.331412,0.323543,0.337771655953
72000,0.34522,0.331361,0.323419,0.337669625548
73000,0.345371,0.331372,0.323257,0.337873686359
74000,0.345491,0.331353,0.323156,0.337720640751
75000,0.345685,0.331295,0.32302,0.337771655953
76000,0.345838,0.331277,0.322885,0.337924701561
77000,0.345988,0.331254,0.322758,0.338026731966
78000,0.346105,0.331268,0.322627,0.338179777574
79000,0.346288,0.331226,0.322486,0.338230792776
80000,0.346437,0.331208,0.322355,0.338332823181
81000,0.346593,0.331171,0.322236,0.338587899194
82000,0.346723,0.331147,0.32213,0.339149066422
83000,0.346904,0.331091,0.322005,0.339251096827
84000,0.34704,0.331068,0.321892,0.33950617284
85000,0.347141,0.331102,0.321757,0.339608203245
86000,0.347303,0.331053,0.321644,0.340220385675
87000,0.347454,0.331013,0.321533,0.340373431283
88000,0.347625,0.330962,0.321413,0.34032241608
89000,0.347783,0.330948,0.321269,0.340373431283
90000,0.347959,0.33092,0.321121,0.340424446485
91000,0.348139,0.330887,0.320974,0.340373431283
92000,0.34835,0.330817,0.320833,0.340271400877
93000,0.3485,0.330806,0.320694,0.340067340067
94000,0.348629,0.330781,0.32059,0.34011835527
95000,0.348801,0.330722,0.320477,0.34032241608
96000,0.348975,0.330658,0.320367,0.34032241608
97000,0.349145,0.330639,0.320216,0.340883583308
98000,0.349286,0.330648,0.320066,0.340628507295
99000,0.349417,0.330618,0.319965,0.340577492093
100000,0.349604,0.330568,0.319828,0.340883583308
101000,0.349772,0.330533,0.319695,0.3407305377
102000,0.349925,0.330518,0.319557,0.3407305377
103000,0.350097,0.330488,0.319415,0.340373431283
104000,0.350209,0.330495,0.319296,0.340220385675
105000,0.350327,0.330512,0.319161,0.340220385675
106000,0.350467,0.330517,0.319016,0.340373431283
107000,0.350601,0.330533,0.318866,0.340271400877
108000,0.350721,0.330564,0.318715,0.340373431283
109000,0.350884,0.330532,0.318584,0.34011835527
110000,0.351005,0.330515,0.31848,0.340016324865
111000,0.351182,0.330493,0.318325,0.34011835527
112000,0.351312,0.330493,0.318195,0.34032241608
113000,0.351475,0.330475,0.31805,0.340271400877
114000,0.351604,0.330466,0.31793,0.340679522498
115000,0.351717,0.330454,0.317829,0.341087644118
116000,0.351877,0.330418,0.317705,0.340832568105
117000,0.352062,0.330341,0.317597,0.3407305377
118000,0.35221,0.330309,0.317481,0.3407305377
119000,0.352361,0.330273,0.317366,0.3407305377
120000,0.352475,0.330284,0.317241,0.34052647689
121000,0.352645,0.330226,0.317129,0.34032241608
122000,0.352819,0.330159,0.317022,0.340424446485
123000,0.352942,0.33014,0.316918,0.34032241608
124000,0.353084,0.330113,0.316803,0.340679522498
125000,0.353214,0.330106,0.31668,0.34032241608
126000,0.353348,0.330107,0.316545,0.340475461688
127000,0.353498,0.330072,0.31643,0.34052647689
128000,0.353672,0.33004,0.316288,0.340628507295
129000,0.353822,0.330004,0.316174,0.340628507295
130000,0.353963,0.329975,0.316062,0.3407305377
131000,0.354119,0.329915,0.315966,0.340679522498
132000,0.354293,0.329883,0.315824,0.340628507295
133000,0.354409,0.3299,0.315691,0.34052647689
134000,0.354527,0.329862,0.315611,0.34032241608
135000,0.354662,0.329867,0.315471,0.340373431283
136000,0.354805,0.329849,0.315346,0.340424446485
137000,0.354934,0.329825,0.315241,0.340475461688
138000,0.355049,0.32984,0.315111,0.340424446485
139000,0.355181,0.329825,0.314994,0.339761248852
140000,0.355343,0.329782,0.314875,0.339659218447
141000,0.355483,0.329776,0.314741,0.339812264055
142000,0.355647,0.329751,0.314602,0.339404142434
143000,0.355819,0.329751,0.31443,0.339251096827
144000,0.355993,0.32973,0.314277,0.338945005612
145000,0.356127,0.329723,0.31415,0.338434853586
146000,0.35625,0.329718,0.314032,0.338689929599
147000,0.356395,0.329686,0.313919,0.338485868789
148000,0.35652,0.329685,0.313795,0.338230792776
149000,0.356649,0.329656,0.313695,0.338077747169
150000,0.356796,0.32963,0.313574,0.338638914396
151000,0.356951,0.329614,0.313435,0.338791960004
152000,0.357105,0.329595,0.3133,0.338434853586
153000,0.357239,0.329558,0.313203,0.338383838384
154000,0.357411,0.329506,0.313083,0.338587899194
155000,0.357524,0.329533,0.312943,0.338485868789
156000,0.357705,0.329513,0.312782,0.338587899194
157000,0.357869,0.329465,0.312666,0.338587899194
158000,0.358031,0.329431,0.312538,0.338281807979
159000,0.358198,0.329418,0.312384,0.338230792776
160000,0.358339,0.329389,0.312272,0.338638914396
161000,0.358482,0.329358,0.31216,0.338842975207
162000,0.35865,0.329345,0.312005,0.338791960004
163000,0.358771,0.329325,0.311904,0.338536883991
164000,0.358909,0.329329,0.311762,0.338740944802
165000,0.359082,0.329267,0.311651,0.338791960004
166000,0.359252,0.329217,0.311531,0.338945005612
167000,0.359399,0.329194,0.311407,0.339149066422
168000,0.359575,0.32914,0.311285,0.339149066422
169000,0.359727,0.329116,0.311157,0.339455157637
170000,0.359901,0.329062,0.311037,0.339812264055
171000,0.360025,0.329033,0.310942,0.339965309662
172000,0.360137,0.32903,0.310833,0.339965309662
173000,0.360321,0.328997,0.310682,0.340271400877
174000,0.360468,0.328966,0.310566,0.340577492093
175000,0.36061,0.328937,0.310453,0.340577492093
176000,0.360799,0.328898,0.310303,0.340628507295
177000,0.360975,0.328846,0.310179,0.340373431283
178000,0.361121,0.328835,0.310044,0.340628507295
179000,0.361279,0.328778,0.309943,0.340679522498
180000,0.361392,0.32877,0.309838,0.340424446485
181000,0.361522,0.328759,0.309719,0.340220385675
182000,0.361674,0.328755,0.309571,0.340271400877
183000,0.361828,0.328737,0.309435,0.340271400877
184000,0.361981,0.328704,0.309315,0.340373431283
185000,0.362154,0.328643,0.309203,0.340271400877
186000,0.362295,0.32862,0.309085,0.340373431283
187000,0.362438,0.328577,0.308985,0.340271400877
188000,0.362565,0.328591,0.308844,0.340373431283
189000,0.362663,0.328612,0.308725,0.340271400877
190000,0.362803,0.328593,0.308604,0.340781552903
191000,0.362953,0.328575,0.308472,0.340985613713
192000,0.363094,0.328566,0.30834,0.340679522498
193000,0.363286,0.328515,0.308199,0.341036628915
194000,0.363461,0.32846,0.308079,0.34113865932
195000,0.363591,0.328426,0.307983,0.341240689726
196000,0.363775,0.328397,0.307828,0.341087644118
197000,0.363974,0.328367,0.307659,0.341342720131
198000,0.364101,0.328366,0.307533,0.341597796143
199000,0.364239,0.328359,0.307402,0.341699826548
200000,0.364388,0.32832,0.307292,0.341801856953
201000,0.364556,0.328297,0.307147,0.341750841751
202000,0.364711,0.328272,0.307017,0.341954902561
203000,0.36486,0.328258,0.306882,0.341903887358
204000,0.364981,0.32824,0.306779,0.341750841751
205000,0.365121,0.32824,0.306639,0.341852872156
206000,0.365256,0.328244,0.3065,0.341852872156
207000,0.365411,0.32823,0.306359,0.342056932966
208000,0.365554,0.328236,0.30621,0.342209978574
209000,0.365685,0.328237,0.306078,0.342056932966
210000,0.365798,0.328229,0.305973,0.342005917763
211000,0.365997,0.32816,0.305843,0.341954902561
212000,0.366109,0.328139,0.305752,0.342056932966
213000,0.366238,0.328125,0.305637,0.342107948169
214000,0.366371,0.328112,0.305517,0.342516069789
215000,0.366534,0.328104,0.305362,0.342158963371
216000,0.366669,0.32813,0.305201,0.342158963371
217000,0.366835,0.328131,0.305034,0.342516069789
218000,0.366937,0.328154,0.304909,0.342414039384
219000,0.36709,0.328139,0.304771,0.342158963371
220000,0.36726,0.328091,0.304649,0.342618100194
221000,0.367412,0.328067,0.304521,0.342669115396
222000,0.367563,0.328037,0.3044,0.342669115396
223000,0.367689,0.328012,0.304299,0.342873176207
224000,0.367836,0.327993,0.304171,0.343026221814
225000,0.367999,0.327952,0.304049,0.343332313029
226000,0.368183,0.327877,0.30394,0.343536373839
227000,0.368304,0.32787,0.303826,0.343638404244
228000,0.368483,0.32782,0.303697,0.343842465055
229000,0.368646,0.32778,0.303574,0.344046525865
230000,0.368749,0.327789,0.303462,0.34414855627
231000,0.368863,0.327777,0.30336,0.344199571472
232000,0.369025,0.327766,0.303209,0.344454647485
233000,0.369128,0.327759,0.303113,0.34455667789
234000,0.36928,0.327753,0.302967,0.344607693093
235000,0.369403,0.327779,0.302818,0.344607693093
236000,0.369594,0.327729,0.302677,0.34496479951
237000,0.369712,0.327717,0.302571,0.344862769105
238000,0.369877,0.327676,0.302447,0.34496479951
239000,0.370022,0.327656,0.302322,0.344913784308
240000,0.37017,0.327658,0.302172,0.345270890725
241000,0.370312,0.327676,0.302012,0.34516886032
242000,0.370462,0.327658,0.30188,0.345321905928
243000,0.370601,0.327615,0.301784,0.345066829915
244000,0.370734,0.327597,0.301669,0.345219875523
245000,0.370869,0.327612,0.301519,0.34537292113
246000,0.370993,0.327601,0.301406,0.345627997143
247000,0.371148,0.327563,0.301289,0.34537292113
248000,0.371276,0.327554,0.30117,0.34537292113
249000,0.371433,0.32752,0.301047,0.345576981941
250000,0.371591,0.327493,0.300916,0.345627997143
251000,0.371753,0.327477,0.30077,0.345576981941
252000,0.371906,0.32747,0.300624,0.345525966738
253000,0.372042,0.327469,0.300489,0.345730027548
254000,0.372209,0.327433,0.300358,0.345985103561
255000,0.372369,0.327408,0.300223,0.345679012346
256000,0.372519,0.327407,0.300074,0.345832057953
257000,0.372693,0.327356,0.299951,0.345832057953
258000,0.372826,0.327342,0.299832,0.345883073156
259000,0.372987,0.327326,0.299687,0.346087133966
260000,0.373112,0.327323,0.299565,0.346036118763
261000,0.373244,0.327289,0.299467,0.346087133966
262000,0.373387,0.327306,0.299307,0.346087133966
263000,0.373529,0.327324,0.299147,0.346087133966
264000,0.373679,0.327331,0.29899,0.345934088358
265000,0.373827,0.327339,0.298834,0.345781042751
266000,0.373985,0.327311,0.298704,0.345832057953
267000,0.37414,0.327288,0.298572,0.345525966738
268000,0.374254,0.327286,0.29846,0.345934088358
269000,0.374396,0.327283,0.298321,0.346342209979
270000,0.37454,0.327254,0.298206,0.346138149168
271000,0.374703,0.32723,0.298067,0.345934088358
272000,0.374868,0.327209,0.297923,0.345679012346
273000,0.375005,0.327228,0.297767,0.345321905928
274000,0.375134,0.327201,0.297665,0.34516886032
275000,0.37528,0.3272,0.29752,0.34516886032
276000,0.375415,0.327183,0.297402,0.34516886032
277000,0.375559,0.327172,0.297269,0.345321905928
278000,0.375726,0.327135,0.297139,0.34516886032
279000,0.375881,0.327127,0.296992,0.345015814713
280000,0.376029,0.327124,0.296847,0.34496479951
281000,0.376206,0.327094,0.2967,0.34516886032
282000,0.376343,0.327073,0.296584,0.345015814713
283000,0.37651,0.327045,0.296445,0.345117845118
284000,0.376657,0.327068,0.296275,0.345066829915
285000,0.376771,0.327083,0.296146,0.345015814713
286000,0.376922,0.327069,0.296009,0.34516886032
287000,0.377026,0.327092,0.295882,0.34537292113
288000,0.377179,0.327075,0.295746,0.345321905928
289000,0.377326,0.327059,0.295615,0.345219875523
290000,0.377475,0.327021,0.295504,0.345015814713
291000,0.377632,0.327019,0.295349,0.345117845118
292000,0.3778,0.326991,0.295209,0.34516886032
293000,0.377962,0.327005,0.295033,0.34516886032
294000,0.378109,0.32701,0.294881,0.34496479951
295000,0.378249,0.327029,0.294722,0.344658708295
296000,0.378407,0.326945,0.294648,0.3447607387
297000,0.37851,0.326954,0.294536,0.345219875523
298000,0.378656,0.326948,0.294396,0.34516886032
299000,0.37878,0.326941,0.294279,0.34516886032
300000,0.378912,0.326905,0.294183,0.345219875523
301000,0.379028,0.326898,0.294074,0.345321905928
302000,0.379168,0.326895,0.293937,0.345832057953
303000,0.37928,0.326908,0.293812,0.345730027548
304000,0.37941,0.326881,0.293709,0.345576981941
305000,0.379583,0.326849,0.293568,0.345730027548
306000,0.379728,0.32681,0.293462,0.346291194776
307000,0.379886,0.326828,0.293286,0.346342209979
308000,0.380013,0.326822,0.293165,0.346291194776
309000,0.380171,0.326801,0.293028,0.346240179574
310000,0.380309,0.326777,0.292914,0.346036118763
311000,0.380456,0.326782,0.292762,0.346342209979
312000,0.380599,0.326762,0.292639,0.346036118763
313000,0.380734,0.326722,0.292544,0.346342209979
314000,0.380859,0.326745,0.292396,0.345985103561
315000,0.381035,0.326727,0.292238,0.345832057953
316000,0.381147,0.326718,0.292135,0.346036118763
317000,0.381295,0.326723,0.291982,0.345730027548
318000,0.38145,0.326709,0.291841,0.346036118763
319000,0.38162,0.326708,0.291672,0.346087133966
320000,0.381742,0.326715,0.291543,0.345832057953
321000,0.381912,0.32668,0.291408,0.345679012346
322000,0.382032,0.326709,0.291259,0.345679012346
323000,0.382175,0.326711,0.291114,0.345781042751
324000,0.38232,0.326682,0.290998,0.345474951536
325000,0.382489,0.326687,0.290824,0.345321905928
326000,0.382645,0.326658,0.290697,0.345525966738
327000,0.38279,0.326636,0.290574,0.345679012346
328000,0.382926,0.326627,0.290447,0.345934088358
329000,0.383035,0.326642,0.290323,0.346138149168
330000,0.383166,0.326649,0.290185,0.346291194776
331000,0.383327,0.326645,0.290028,0.346342209979
332000,0.383508,0.326574,0.289918,0.346444240384
333000,0.383642,0.326565,0.289793,0.346648301194
334000,0.383769,0.32655,0.289681,0.346342209979
335000,0.383912,0.326523,0.289565,0.346291194776
336000,0.384033,0.326491,0.289476,0.346189164371
337000,0.384142,0.326493,0.289365,0.346240179574
338000,0.384293,0.326468,0.289239,0.346240179574
339000,0.384427,0.326467,0.289106,0.346240179574
340000,0.384555,0.326454,0.288991,0.345730027548
341000,0.384713,0.326429,0.288858,0.345985103561
342000,0.384836,0.326408,0.288756,0.346087133966
343000,0.385,0.326402,0.288598,0.346546270789
344000,0.385118,0.326422,0.28846,0.346852362004
345000,0.385257,0.326432,0.288311,0.347362514029
346000,0.385404,0.326399,0.288197,0.34797469646
347000,0.385564,0.326362,0.288074,0.348127742067
348000,0.385684,0.32634,0.287976,0.348076726865
349000,0.385856,0.326302,0.287842,0.348229772472
350000,0.386007,0.326321,0.287672,0.348127742067
351000,0.386138,0.326296,0.287566,0.347923681257
352000,0.386292,0.326276,0.287432,0.347923681257
353000,0.386472,0.326231,0.287297,0.347566574839
354000,0.386635,0.326188,0.287177,0.348076726865
355000,0.386769,0.326172,0.287059,0.348433833282
356000,0.386931,0.326156,0.286913,0.348688909295
357000,0.387046,0.326182,0.286772,0.348688909295
358000,0.387185,0.326172,0.286643,0.348892970105
359000,0.387286,0.326161,0.286553,0.348943985308
360000,0.387416,0.326163,0.286421,0.34919906132
361000,0.387522,0.32618,0.286298,0.348841954903
362000,0.387711,0.326136,0.286153,0.348739924498
363000,0.387852,0.326141,0.286007,0.34858687889
364000,0.387978,0.326141,0.285881,0.348484848485
365000,0.388091,0.326117,0.285792,0.34838281808
366000,0.388168,0.326162,0.28567,0.3487909397
367000,0.388281,0.326204,0.285515,0.348892970105
368000,0.388443,0.326171,0.285386,0.348739924498
369000,0.388581,0.326186,0.285233,0.348433833282
370000,0.388759,0.326121,0.28512,0.348076726865
371000,0.388925,0.326088,0.284987,0.347770635649
372000,0.389057,0.326097,0.284846,0.347719620447
373000,0.389168,0.326115,0.284717,0.347515559637
374000,0.389285,0.326094,0.284621,0.347770635649
375000,0.38945,0.32608,0.28447,0.347923681257
376000,0.389592,0.326075,0.284333,0.347566574839
377000,0.389758,0.326045,0.284197,0.347770635649
378000,0.389878,0.326058,0.284064,0.347923681257
379000,0.389988,0.326061,0.283951,0.347872666054
380000,0.390116,0.326076,0.283808,0.347566574839
381000,0.390257,0.326069,0.283674,0.347617590042
382000,0.390368,0.326093,0.283539,0.347668605244
383000,0.39049,0.326082,0.283428,0.347362514029
384000,0.390649,0.326072,0.283279,0.346903377206
385000,0.390816,0.326039,0.283145,0.346852362004
386000,0.390945,0.326037,0.283018,0.347056422814
387000,0.391092,0.326017,0.282891,0.347413529232
388000,0.39123,0.326016,0.282754,0.347209468422
389000,0.391357,0.326014,0.282629,0.347056422814
390000,0.39149,0.326017,0.282493,0.347413529232
391000,0.391634,0.325996,0.28237,0.347923681257
392000,0.391748,0.326011,0.282241,0.348127742067
393000,0.391891,0.326024,0.282085,0.34817875727
394000,0.392013,0.326004,0.281983,0.347566574839
395000,0.39214,0.326032,0.281828,0.347668605244
396000,0.392271,0.326022,0.281707,0.348076726865
397000,0.392379,0.326054,0.281567,0.348280787675
398000,0.39254,0.326027,0.281433,0.348331802877
399000,0.39269,0.326023,0.281287,0.348127742067
400000,0.3928,0.326032,0.281168,0.347821650852
401000,0.392931,0.326033,0.281036,0.347872666054
402000,0.393056,0.326032,0.280912,0.348229772472
403000,0.39317,0.326039,0.280791,0.348637894092
404000,0.393295,0.326019,0.280686,0.348331802877
405000,0.39343,0.326039,0.280531,0.348025711662
406000,0.393538,0.326056,0.280406,0.348025711662
407000,0.393702,0.326037,0.280261,0.348127742067
408000,0.393836,0.326016,0.280148,0.348484848485
409000,0.393946,0.326038,0.280016,0.349250076523
410000,0.394085,0.326016,0.279899,0.349250076523
411000,0.394213,0.326002,0.279785,0.348943985308
412000,0.394301,0.326037,0.279662,0.349148046118
413000,0.394465,0.326033,0.279502,0.3487909397
414000,0.3946,0.326045,0.279355,0.34899500051
415000,0.39476,0.326053,0.279187,0.34940312213
416000,0.394896,0.326073,0.279031,0.34919906132
417000,0.395012,0.326071,0.278917,0.349250076523
418000,0.395193,0.326042,0.278765,0.350015304561
419000,0.395323,0.326052,0.278625,0.350066319763
420000,0.395434,0.326037,0.278529,0.349913274156
421000,0.395567,0.326018,0.278415,0.349505152535
422000,0.395671,0.326032,0.278297,0.34919906132
423000,0.395769,0.326064,0.278167,0.349250076523
424000,0.395921,0.326027,0.278052,0.349505152535
425000,0.396074,0.326004,0.277922,0.349301091725
426000,0.396228,0.325998,0.277774,0.349301091725
427000,0.396389,0.325983,0.277628,0.34919906132
428000,0.396513,0.325992,0.277495,0.34919906132
429000,0.396649,0.325977,0.277374,0.349556167738
430000,0.396789,0.325945,0.277266,0.349913274156
431000,0.396914,0.325929,0.277157,0.349505152535
432000,0.397033,0.325918,0.277049,0.349250076523
433000,0.397182,0.325895,0.276923,0.349148046118
434000,0.397304,0.325892,0.276804,0.349148046118
435000,0.397438,0.325869,0.276693,0.34919906132
436000,0.397591,0.325859,0.27655,0.349352106928
437000,0.397708,0.325861,0.276431,0.349556167738
438000,0.397812,0.325885,0.276303,0.349352106928
439000,0.397943,0.325896,0.276161,0.34919906132
440000,0.39811,0.32586,0.27603,0.349250076523
441000,0.398196,0.325837,0.275967,0.349454137333
442000,0.398291,0.32585,0.275859,0.349505152535
443000,0.398415,0.325825,0.27576,0.349658198143
444000,0.398559,0.325838,0.275603,0.349658198143
445000,0.398691,0.325827,0.275482,0.349862258953
446000,0.398813,0.325835,0.275352,0.349964289358
447000,0.398954,0.325858,0.275188,0.349709213346
448000,0.399111,0.325863,0.275026,0.349709213346
449000,0.399265,0.325839,0.274896,0.349760228548
450000,0.399399,0.325855,0.274746,0.349811243751
451000,0.399518,0.325863,0.274619,0.349658198143
452000,0.399629,0.325863,0.274508,0.349811243751
453000,0.39975,0.325841,0.274409,0.350321395776
454000,0.39987,0.325831,0.274299,0.350219365371
455000,0.399969,0.325851,0.27418,0.350678502194
456000,0.400143,0.325816,0.274041,0.351188654219
457000,0.400266,0.325826,0.273908,0.351596775839
458000,0.400396,0.325818,0.273786,0.352055912662
459000,0.400533,0.325818,0.273649,0.351851851852
460000,0.400639,0.32582,0.273541,0.351902867054
461000,0.400781,0.325792,0.273427,0.351545760637
462000,0.400909,0.325792,0.273299,0.351239669421
463000,0.401044,0.325794,0.273162,0.351239669421
464000,0.401195,0.325763,0.273042,0.351341699827
465000,0.401335,0.325775,0.27289,0.351188654219
466000,0.401495,0.325751,0.272754,0.351341699827
467000,0.401633,0.325766,0.272601,0.351035608611
468000,0.401764,0.325767,0.272469,0.351290684624
469000,0.401884,0.325797,0.272319,0.351545760637
470000,0.402017,0.325802,0.272181,0.351851851852
471000,0.402139,0.325816,0.272045,0.352259973472
472000,0.402277,0.32581,0.271913,0.352566064687
473000,0.40241,0.325793,0.271797,0.35241301908
474000,0.402554,0.325786,0.27166,0.352464034282
475000,0.402695,0.325786,0.271519,0.352259973472
476000,0.402778,0.325804,0.271418,0.352310988675
477000,0.402927,0.325824,0.271249,0.352310988675
478000,0.403059,0.3258,0.271141,0.352106927865
479000,0.403195,0.325812,0.270993,0.35241301908
480000,0.403331,0.325785,0.270884,0.351851851852
481000,0.403459,0.325787,0.270754,0.351800836649
482000,0.403635,0.325792,0.270573,0.351953882257
483000,0.403811,0.325757,0.270432,0.35241301908
484000,0.403927,0.325789,0.270284,0.35220895827
485000,0.404096,0.325768,0.270136,0.35220895827
486000,0.404223,0.325787,0.26999,0.351902867054
487000,0.404387,0.325757,0.269856,0.352157943067
488000,0.404509,0.32576,0.269731,0.352464034282
489000,0.404645,0.325737,0.269618,0.352668095092
490000,0.404767,0.325754,0.269479,0.352668095092
491000,0.404878,0.325768,0.269354,0.352668095092
492000,0.404991,0.325766,0.269243,0.352464034282
493000,0.405109,0.325784,0.269107,0.352259973472
494000,0.405231,0.325769,0.269,0.352668095092
495000,0.405367,0.325717,0.268916,0.352923171105
496000,0.405544,0.325689,0.268767,0.353178247118
497000,0.405649,0.325702,0.268649,0.352974186308
498000,0.405782,0.325687,0.268531,0.353076216713
499000,0.405914,0.325674,0.268412,0.353076216713
500000,0.406027,0.325691,0.268282,0.353178247118
501000,0.406134,0.3257,0.268166,0.353076216713
502000,0.406252,0.325692,0.268056,0.35322926232
503000,0.406407,0.325679,0.267914,0.353484338333
504000,0.406537,0.325666,0.267797,0.353382307928
505000,0.406648,0.325662,0.26769,0.353382307928
506000,0.406778,0.325661,0.267561,0.353535353535
507000,0.406889,0.325672,0.267439,0.353280277523
508000,0.407016,0.325664,0.26732,0.353586368738
509000,0.407117,0.325684,0.267199,0.353688399143
510000,0.407236,0.325708,0.267056,0.353841444751
511000,0.407367,0.325739,0.266894,0.353943475156
512000,0.407522,0.325704,0.266774,0.354300581573
513000,0.407655,0.325706,0.266639,0.354606672788
514000,0.407739,0.325758,0.266503,0.354912764004
515000,0.407879,0.325752,0.266369,0.355269870421
516000,0.408,0.325775,0.266225,0.355167840016
517000,0.40808,0.325813,0.266107,0.355269870421
518000,0.408194,0.32584,0.265966,0.355320885624
519000,0.408295,0.325861,0.265844,0.355473931232
520000,0.408423,0.32587,0.265707,0.355626976839
521000,0.40857,0.325837,0.265593,0.355984083257
522000,0.408682,0.325834,0.265484,0.356137128864
523000,0.408752,0.325854,0.265394,0.35644322008
524000,0.408854,0.325881,0.265265,0.356545250485
525000,0.408999,0.325889,0.265112,0.35664728089
526000,0.409144,0.325866,0.26499,0.356902356902
527000,0.409269,0.325856,0.264875,0.356800326497
528000,0.40939,0.325867,0.264743,0.356749311295
529000,0.409512,0.325868,0.26462,0.35664728089
530000,0.409656,0.325873,0.264471,0.356698296092
531000,0.409775,0.325876,0.264349,0.35664728089
532000,0.409899,0.325903,0.264198,0.356494235282
533000,0.410027,0.325883,0.26409,0.35664728089
534000,0.41019,0.325874,0.263936,0.356596265687
535000,0.410354,0.325881,0.263765,0.356800326497
536000,0.410439,0.325912,0.263649,0.356290174472
537000,0.410577,0.325922,0.263501,0.35644322008
538000,0.410714,0.325925,0.263361,0.356290174472
539000,0.410869,0.325912,0.263219,0.356137128864
540000,0.411015,0.325931,0.263054,0.356239159269
541000,0.411122,0.32596,0.262918,0.356137128864
542000,0.411283,0.325915,0.262802,0.355984083257
543000,0.411437,0.325892,0.262671,0.355780022447
544000,0.411567,0.325891,0.262542,0.355882052852
545000,0.411708,0.325862,0.26243,0.355729007244
546000,0.411804,0.32586,0.262336,0.355677992042
547000,0.411933,0.325847,0.26222,0.355626976839
548000,0.412074,0.32586,0.262066,0.355831037649
549000,0.412215,0.325842,0.261943,0.355882052852
550000,0.412338,0.325821,0.261841,0.355677992042
551000,0.412432,0.32582,0.261748,0.355729007244
552000,0.412574,0.325815,0.261611,0.355984083257
553000,0.41271,0.325808,0.261482,0.356137128864
554000,0.412825,0.325813,0.261362,0.356188144067
555000,0.412923,0.325833,0.261244,0.356290174472
556000,0.413056,0.325812,0.261132,0.356239159269
557000,0.413185,0.325813,0.261002,0.356035098459
558000,0.413266,0.325854,0.26088,0.356290174472
559000,0.413376,0.325876,0.260748,0.356239159269
560000,0.413502,0.325898,0.2606,0.356392204877
561000,0.413634,0.325905,0.260461,0.356392204877
562000,0.413756,0.325905,0.260339,0.356392204877
563000,0.413888,0.325906,0.260206,0.356392204877
564000,0.41401,0.325876,0.260114,0.356188144067
565000,0.414137,0.325869,0.259994,0.356035098459
566000,0.41427,0.325866,0.259864,0.356188144067
567000,0.414378,0.32588,0.259742,0.35644322008
568000,0.414488,0.325909,0.259603,0.3568513417
569000,0.414612,0.325942,0.259446,0.356800326497
570000,0.414731,0.325941,0.259328,0.356800326497
571000,0.414875,0.325915,0.25921,0.35644322008
572000,0.414945,0.325959,0.259096,0.356239159269
573000,0.415037,0.325985,0.258978,0.355984083257
574000,0.415178,0.325976,0.258846,0.356188144067
575000,0.415298,0.325953,0.258749,0.356239159269
576000,0.415442,0.325936,0.258622,0.356188144067
577000,0.415542,0.325953,0.258505,0.356290174472
578000,0.41568,0.325947,0.258373,0.356341189675
579000,0.415813,0.325933,0.258254,0.356596265687
580000,0.415962,0.325941,0.258097,0.356698296092
581000,0.416051,0.325962,0.257987,0.3568513417
582000,0.416162,0.325982,0.257856,0.3568513417
583000,0.416306,0.325966,0.257728,0.357004387307
584000,0.416424,0.325969,0.257607,0.357004387307
585000,0.416556,0.32598,0.257464,0.357106417712
586000,0.416645,0.325992,0.257363,0.35705540251
587000,0.416779,0.325959,0.257262,0.357310478523
588000,0.416895,0.325983,0.257122,0.357310478523
589000,0.416987,0.326015,0.256998,0.35725946332
590000,0.417083,0.326071,0.256846,0.357769615345
591000,0.417237,0.32605,0.256713,0.357769615345
592000,0.417399,0.326012,0.256589,0.358024691358
593000,0.417477,0.326046,0.256477,0.358483828181
594000,0.417613,0.326049,0.256338,0.358585858586
595000,0.417748,0.326041,0.256211,0.358228752168
596000,0.417899,0.326017,0.256084,0.358126721763
597000,0.41802,0.326028,0.255952,0.358024691358
598000,0.418128,0.326039,0.255833,0.358075706561
599000,0.418264,0.326047,0.255689,0.358228752168
600000,0.418398,0.326039,0.255563,0.358534843383
601000,0.41851,0.326041,0.255449,0.358432812978
602000,0.418608,0.326091,0.255301,0.358330782573
603000,0.418741,0.326103,0.255156,0.358279767371
604000,0.418855,0.326139,0.255006,0.358381797776
605000,0.418956,0.326134,0.25491,0.358228752168
606000,0.419073,0.326141,0.254786,0.358585858586
607000,0.419185,0.326159,0.254656,0.358942965004
608000,0.419345,0.326157,0.254498,0.358942965004
609000,0.419495,0.326136,0.254369,0.358687888991
610000,0.419621,0.326132,0.254247,0.358840934599
611000,0.419753,0.326121,0.254126,0.358687888991
612000,0.419869,0.326111,0.25402,0.358840934599
613000,0.420004,0.326129,0.253867,0.359198041016
614000,0.420146,0.32612,0.253734,0.359453117029
615000,0.420261,0.326131,0.253608,0.359300071421
616000,0.42039,0.326133,0.253477,0.359402101826
617000,0.420512,0.326136,0.253352,0.359249056219
618000,0.420617,0.326153,0.25323,0.359453117029
619000,0.420761,0.326157,0.253082,0.359198041016
620000,0.420874,0.326156,0.25297,0.359402101826
621000,0.421,0.326167,0.252833,0.359402101826
622000,0.421137,0.326164,0.252699,0.359708193042
623000,0.421244,0.326162,0.252594,0.359912253852
624000,0.421391,0.326171,0.252438,0.360014284257
625000,0.421495,0.326205,0.2523,0.360269360269
626000,0.421575,0.326235,0.25219,0.360524436282
627000,0.421711,0.326247,0.252042,0.360728497092
628000,0.421798,0.32627,0.251932,0.3608815427
629000,0.421898,0.32627,0.251832,0.360830527497
630000,0.422036,0.326247,0.251717,0.361238649117
631000,0.422145,0.326237,0.251618,0.361340679522
632000,0.422252,0.32622,0.251528,0.361340679522
633000,0.422358,0.326242,0.2514,0.361544740333
634000,0.422458,0.326246,0.251296,0.361646770738
635000,0.422593,0.32625,0.251157,0.36149372513
636000,0.422704,0.326252,0.251044,0.361442709928
637000,0.422818,0.326268,0.250914,0.361238649117
638000,0.422972,0.326254,0.250774,0.360932557902
639000,0.423053,0.326297,0.25065,0.360983573105
640000,0.423189,0.326307,0.250504,0.360983573105
641000,0.423284,0.326317,0.250399,0.360932557902
642000,0.423411,0.326322,0.250267,0.361034588307
643000,0.423549,0.326327,0.250124,0.361034588307
644000,0.423617,0.326359,0.250024,0.361034588307
645000,0.423747,0.326356,0.249897,0.36128966432
646000,0.423859,0.326383,0.249758,0.36128966432
647000,0.423986,0.326396,0.249618,0.361340679522
648000,0.424119,0.326397,0.249484,0.36149372513
649000,0.424244,0.326411,0.249345,0.36169778594
650000,0.424332,0.326441,0.249227,0.36190184675
651000,0.424446,0.326459,0.249095,0.361952861953
652000,0.424585,0.326423,0.248992,0.362360983573
653000,0.424683,0.326449,0.248868,0.36190184675
654000,0.424847,0.326426,0.248727,0.362207937966
655000,0.424991,0.326391,0.248618,0.362207937966
656000,0.425092,0.326409,0.248499,0.362565044383
657000,0.425217,0.326413,0.24837,0.362565044383
658000,0.425335,0.326414,0.248251,0.362769105193
659000,0.425454,0.326426,0.24812,0.362820120396
660000,0.425565,0.326427,0.248008,0.363279257219
661000,0.425684,0.326428,0.247888,0.363381287624
662000,0.425769,0.326472,0.247759,0.363432302826
663000,0.425923,0.32645,0.247627,0.363381287624
664000,0.426066,0.326438,0.247496,0.363432302826
665000,0.426153,0.326473,0.247374,0.363075196409
666000,0.426278,0.326469,0.247253,0.363126211611
667000,0.426416,0.326453,0.247131,0.363228242016
668000,0.426546,0.326434,0.24702,0.362871135598
669000,0.426683,0.326436,0.246881,0.362718089991
670000,0.42682,0.326427,0.246753,0.362820120396
671000,0.426975,0.326409,0.246616,0.362871135598
672000,0.427067,0.326443,0.24649,0.362769105193
673000,0.427201,0.326405,0.246394,0.363024181206
674000,0.427302,0.326411,0.246287,0.362820120396
675000,0.427428,0.326401,0.246171,0.363075196409
676000,0.42755,0.326417,0.246033,0.362667074788
677000,0.427629,0.326466,0.245905,0.362514029181
678000,0.427762,0.326458,0.24578,0.362565044383
679000,0.427879,0.326463,0.245658,0.362309968371
680000,0.428002,0.326461,0.245537,0.362207937966
681000,0.428129,0.326464,0.245407,0.362054892358
682000,0.428269,0.32645,0.245281,0.362360983573
683000,0.428425,0.326461,0.245114,0.362514029181
684000,0.428535,0.326442,0.245023,0.362514029181
685000,0.428685,0.32642,0.244895,0.362718089991
686000,0.428798,0.326451,0.244751,0.362820120396
687000,0.42889,0.326459,0.244651,0.363024181206
688000,0.429009,0.326454,0.244537,0.363126211611
689000,0.429118,0.326461,0.244421,0.363432302826
690000,0.429214,0.326462,0.244324,0.363483318029
691000,0.42934,0.326463,0.244197,0.363228242016
692000,0.429492,0.326443,0.244065,0.363483318029
693000,0.42963,0.326448,0.243922,0.364044485257
694000,0.429752,0.326448,0.2438,0.363942454852
695000,0.429854,0.326466,0.24368,0.363687378839
696000,0.429993,0.326481,0.243526,0.363432302826
697000,0.430117,0.326483,0.2434,0.363381287624
698000,0.430243,0.326517,0.24324,0.363534333231
699000,0.43035,0.326529,0.243121,0.363585348434
700000,0.43048,0.326528,0.242992,0.363585348434
701000,0.430608,0.326532,0.24286,0.363840424446
702000,0.430754,0.326517,0.242729,0.364095500459
703000,0.430864,0.32654,0.242596,0.364554637282
704000,0.430996,0.326546,0.242458,0.364758698092
705000,0.431046,0.326592,0.242362,0.364962758902
706000,0.431119,0.326611,0.24227,0.364401591674
707000,0.4312,0.326631,0.242169,0.364299561269
708000,0.431367,0.326631,0.242002,0.364554637282
709000,0.431484,0.32665,0.241866,0.364656667687
710000,0.431612,0.326647,0.241741,0.364401591674
711000,0.431718,0.326674,0.241608,0.364452606877
712000,0.431868,0.326671,0.241461,0.364554637282
713000,0.431973,0.326696,0.241331,0.364809713295
714000,0.432107,0.326715,0.241178,0.36511580451
715000,0.43225,0.326702,0.241048,0.365370880522
716000,0.432373,0.326719,0.240908,0.365625956535
717000,0.432481,0.32675,0.240769,0.365574941333
718000,0.43262,0.326739,0.240641,0.365472910927
719000,0.43269,0.326779,0.240531,0.365370880522
720000,0.432814,0.326767,0.240419,0.365625956535
721000,0.432936,0.326766,0.240298,0.365472910927
722000,0.433071,0.326771,0.240158,0.365574941333
723000,0.433211,0.326772,0.240017,0.365421895725
724000,0.433308,0.326792,0.2399,0.36572798694
725000,0.433407,0.326811,0.239782,0.365779002143
726000,0.433532,0.326807,0.239661,0.365574941333
727000,0.433636,0.326813,0.239551,0.36552392613
728000,0.433761,0.326835,0.239404,0.365779002143
729000,0.433873,0.326825,0.239302,0.36531986532
730000,0.434005,0.326824,0.239171,0.365574941333
731000,0.434126,0.326809,0.239065,0.365268850117
732000,0.434267,0.326793,0.23894,0.365064789307
733000,0.434393,0.326795,0.238812,0.3649117437
734000,0.434494,0.326792,0.238714,0.364554637282
735000,0.434606,0.326798,0.238596,0.364656667687
736000,0.434747,0.326785,0.238468,0.364554637282
737000,0.434853,0.326795,0.238352,0.365166819712
738000,0.434986,0.326796,0.238218,0.36593204775
739000,0.43512,0.326814,0.238066,0.365881032548
740000,0.43522,0.326806,0.237974,0.365983062953
741000,0.435313,0.326822,0.237865,0.365983062953
742000,0.43543,0.326803,0.237767,0.365983062953
743000,0.43552,0.326819,0.237661,0.366289154168
744000,0.435607,0.326828,0.237565,0.366799306193
745000,0.435704,0.326864,0.237432,0.366697275788
746000,0.435823,0.326866,0.237311,0.366748290991
747000,0.43597,0.32684,0.23719,0.366901336598
748000,0.436081,0.326839,0.23708,0.367156412611
749000,0.436201,0.326854,0.236945,0.367207427813
750000,0.436296,0.32687,0.236834,0.367360473421
751000,0.436413,0.326856,0.236731,0.367411488624
752000,0.43654,0.326822,0.236638,0.367666564636
753000,0.436677,0.326821,0.236502,0.367666564636
754000,0.436775,0.326832,0.236393,0.367717579839
755000,0.436881,0.326835,0.236284,0.367819610244
756000,0.437028,0.326825,0.236147,0.368176716662
757000,0.437166,0.326827,0.236007,0.368278747067
758000,0.43724,0.326857,0.235903,0.368074686257
759000,0.437356,0.326859,0.235785,0.368227731864
760000,0.437462,0.32685,0.235688,0.368329762269
761000,0.437536,0.326867,0.235597,0.368278747067
762000,0.437658,0.326854,0.235488,0.368380777472
763000,0.437799,0.32684,0.235361,0.368992959902
764000,0.437905,0.32686,0.235235,0.36914600551
765000,0.438013,0.326873,0.235114,0.368839914294
766000,0.43813,0.32689,0.23498,0.3689419447
767000,0.438259,0.326869,0.234872,0.36935006632
768000,0.438346,0.326908,0.234746,0.36914600551
769000,0.438462,0.326892,0.234646,0.369401081522
770000,0.438588,0.326877,0.234535,0.369503111927
771000,0.438709,0.326884,0.234407,0.369809203143
772000,0.438782,0.326912,0.234306,0.369656157535
773000,0.438851,0.326931,0.234218,0.369911233548
774000,0.438976,0.326907,0.234117,0.370013263953
775000,0.439079,0.326906,0.234015,0.370115294358
776000,0.439165,0.326942,0.233893,0.370268339965
777000,0.439267,0.326946,0.233787,0.370115294358
778000,0.439381,0.326962,0.233657,0.370217324763
779000,0.439538,0.326953,0.233509,0.37037037037
780000,0.439655,0.326958,0.233387,0.37016630956
781000,0.439752,0.326985,0.233263,0.370268339965
782000,0.439831,0.327049,0.23312,0.370268339965
783000,0.439914,0.32707,0.233016,0.370268339965
784000,0.440059,0.327064,0.232877,0.370472400775
785000,0.440166,0.32704,0.232794,0.370472400775
786000,0.440286,0.327051,0.232663,0.370829507193
787000,0.440421,0.327039,0.23254,0.370982552801
788000,0.44051,0.32708,0.23241,0.371237628813
789000,0.440617,0.327092,0.232291,0.370931537598
790000,0.440758,0.327089,0.232153,0.371135598408
791000,0.440845,0.327125,0.23203,0.371237628813
792000,0.440955,0.32715,0.231895,0.371390674421
793000,0.441061,0.32717,0.231769,0.371033568003
794000,0.441153,0.327195,0.231652,0.371186613611
795000,0.441285,0.327181,0.231534,0.370727476788
796000,0.441405,0.327172,0.231423,0.370829507193
797000,0.441508,0.32718,0.231312,0.37057443118
798000,0.441635,0.327192,0.231173,0.370268339965
799000,0.441751,0.327206,0.231043,0.370319355168
800000,0.441825,0.32724,0.230935,0.37057443118
801000,0.441932,0.327265,0.230803,0.37057443118
802000,0.442044,0.327284,0.230672,0.370268339965
803000,0.442138,0.327308,0.230554,0.37037037037
804000,0.442262,0.327317,0.230421,0.370523415978
805000,0.442371,0.327337,0.230292,0.370472400775
806000,0.442488,0.327364,0.230148,0.370472400775
807000,0.442562,0.327381,0.230057,0.370319355168
808000,0.44272,0.32736,0.22992,0.370268339965
809000,0.442837,0.327364,0.229799,0.370421385573
810000,0.442959,0.327369,0.229672,0.370727476788
811000,0.443069,0.327395,0.229536,0.370727476788
812000,0.443168,0.327404,0.229428,0.370778491991
813000,0.44325,0.327443,0.229307,0.370727476788
814000,0.443348,0.327445,0.229207,0.370829507193
815000,0.443436,0.327469,0.229095,0.370472400775
816000,0.443538,0.327468,0.228994,0.370727476788
817000,0.443637,0.32749,0.228873,0.370778491991
818000,0.443762,0.327491,0.228747,0.370676461586
819000,0.44384,0.327504,0.228656,0.370523415978
820000,0.44396,0.327488,0.228552,0.370268339965
821000,0.444085,0.327505,0.22841,0.37037037037
822000,0.444188,0.327533,0.228279,0.370064279155
823000,0.444309,0.327546,0.228145,0.370421385573
824000,0.444413,0.327554,0.228033,0.370523415978
825000,0.444529,0.327544,0.227927,0.370523415978
826000,0.444644,0.327566,0.22779,0.370268339965
827000,0.444746,0.327572,0.227682,0.370319355168
