1000,0.331944,0.333248,0.334808,0.333819241983
2000,0.33312,0.33132,0.33556,0.333819241983
3000,0.334232,0.32964,0.336128,0.33527696793
4000,0.335152,0.327928,0.33692,0.334652228238
5000,0.336312,0.326256,0.337432,0.336526447314
6000,0.337056,0.324672,0.338272,0.337567680133
7000,0.337776,0.323128,0.339096,0.340274885464
8000,0.338648,0.321448,0.339904,0.34214910454
9000,0.339512,0.319816,0.340672,0.341732611412
10000,0.340656,0.317976,0.341368,0.343398583923
11000,0.341656,0.316328,0.342016,0.343606830487
12000,0.342472,0.3146,0.342928,0.346105789254
13000,0.343672,0.312968,0.34336,0.348188254894
14000,0.34452,0.311288,0.344192,0.348188254894
15000,0.345576,0.30964,0.344784,0.348188254894
16000,0.3468,0.307928,0.345272,0.349854227405
17000,0.347848,0.306176,0.345976,0.350895460225
18000,0.34896,0.30452,0.34652,0.351103706789
19000,0.349736,0.3028,0.347464,0.354019158684
20000,0.350896,0.301056,0.348048,0.355685131195
21000,0.352032,0.299544,0.348424,0.356309870887
22000,0.352952,0.297928,0.34912,0.356934610579
23000,0.353712,0.2964,0.349888,0.356934610579
24000,0.354712,0.294656,0.350632,0.357351103707
25000,0.35588,0.292896,0.351224,0.356934610579
26000,0.356632,0.291304,0.352064,0.357142857143
27000,0.357536,0.289616,0.352848,0.356309870887
28000,0.358512,0.288128,0.35336,0.357142857143
29000,0.359256,0.2868,0.353944,0.356726364015
30000,0.359808,0.28544,0.354752,0.355060391504
31000,0.360616,0.283744,0.35564,0.356101624323
32000,0.361688,0.282216,0.356096,0.355476884631
33000,0.362328,0.280888,0.356784,0.355893377759
34000,0.363312,0.279376,0.357312,0.357142857143
35000,0.364208,0.277696,0.358096,0.357559350271
36000,0.365,0.275984,0.359016,0.357975843399
37000,0.365696,0.274504,0.3598,0.358392336526
38000,0.36648,0.272976,0.360544,0.360474802166
39000,0.367032,0.271696,0.361272,0.360266555602
40000,0.367784,0.270152,0.362064,0.364847980008
41000,0.368664,0.268888,0.362448,0.366722199084
42000,0.369584,0.267552,0.362864,0.366305705956
43000,0.370264,0.265712,0.364024,0.368804664723
44000,0.371104,0.264216,0.36468,0.370262390671
45000,0.371864,0.262616,0.36552,0.370054144107
46000,0.372592,0.261008,0.3664,0.372136609746
47000,0.373376,0.259656,0.366968,0.372136609746
48000,0.374392,0.258128,0.36748,0.373594335693
49000,0.37552,0.256592,0.367888,0.374635568513
50000,0.376312,0.25504,0.368648,0.376926280716
51000,0.37704,0.25376,0.3692,0.376301541025
52000,0.37784,0.252456,0.369704,0.375676801333
53000,0.378544,0.25108,0.370376,0.375885047897
54000,0.379584,0.249528,0.370888,0.377759266972
55000,0.380744,0.248072,0.371184,0.378384006664
56000,0.381632,0.246856,0.371512,0.377551020408
57000,0.38228,0.245584,0.372136,0.376509787589
58000,0.383248,0.243992,0.37276,0.376509787589
59000,0.383736,0.242744,0.37352,0.378592253228
60000,0.384368,0.241504,0.374128,0.378800499792
61000,0.38508,0.240248,0.374672,0.37921699292
62000,0.38564,0.239072,0.375288,0.380466472303
63000,0.386536,0.237784,0.37568,0.380674718867
64000,0.38756,0.236328,0.376112,0.381091211995
65000,0.388336,0.23508,0.376584,0.382757184506
66000,0.389112,0.233616,0.377272,0.38504789671
67000,0.390064,0.232024,0.377912,0.383173677634
68000,0.390832,0.230784,0.378384,0.381091211995
69000,0.391496,0.229448,0.379056,0.383381924198
70000,0.39236,0.22804,0.3796,0.380882965431
71000,0.393472,0.226696,0.379832,0.383381924198
72000,0.394208,0.225496,0.380296,0.386505622657
73000,0.39484,0.224256,0.380904,0.386297376093
74000,0.395528,0.222784,0.381688,0.386297376093
75000,0.396168,0.221544,0.382288,0.386922115785
76000,0.39712,0.220056,0.382824,0.386297376093
77000,0.397904,0.218752,0.383344,0.385256143274
78000,0.398656,0.217424,0.38392,0.384839650146
79000,0.399592,0.21592,0.384488,0.387546855477
80000,0.4002,0.214632,0.385168,0.386089129529
81000,0.400776,0.213544,0.38568,0.38879633486
82000,0.401312,0.212376,0.386312,0.388171595169
83000,0.401928,0.211056,0.387016,0.389212827988
84000,0.402552,0.209712,0.387736,0.38879633486
85000,0.403256,0.20836,0.388384,0.3908788005
86000,0.40408,0.207112,0.388808,0.391503540192
87000,0.404816,0.205824,0.38936,0.391920033319
88000,0.40572,0.204616,0.389664,0.392128279883
89000,0.406216,0.203488,0.390296,0.394002498959
90000,0.406776,0.202464,0.39076,0.391295293628
91000,0.407368,0.201296,0.391336,0.391503540192
92000,0.407744,0.200232,0.392024,0.392336526447
93000,0.408408,0.19884,0.392752,0.392961266139
94000,0.409264,0.19752,0.393216,0.393586005831
95000,0.410024,0.196536,0.39344,0.390670553936
96000,0.410704,0.195312,0.393984,0.390670553936
97000,0.411192,0.194024,0.394784,0.391711786756
98000,0.411704,0.192976,0.39532,0.392128279883
99000,0.412352,0.19188,0.395768,0.392336526447
100000,0.412824,0.190416,0.39676,0.393169512703
101000,0.413456,0.189296,0.397248,0.396293211162
102000,0.41424,0.188208,0.397552,0.39670970429
103000,0.415128,0.187032,0.39784,0.397542690546
104000,0.41592,0.185952,0.398128,0.398375676801
105000,0.416424,0.184912,0.398664,0.397959183673
106000,0.417136,0.183696,0.399168,0.399833402749
107000,0.417624,0.182584,0.399792,0.399000416493
108000,0.418296,0.181528,0.400176,0.397542690546
109000,0.418944,0.180464,0.400592,0.397542690546
110000,0.419568,0.179416,0.401016,0.400041649313
111000,0.419888,0.178192,0.40192,0.401915868388
112000,0.420376,0.17716,0.402464,0.40149937526
113000,0.42124,0.176112,0.402648,0.403165347772
114000,0.421672,0.175168,0.40316,0.403165347772
115000,0.422496,0.17408,0.403424,0.405456059975
116000,0.423096,0.173112,0.403792,0.405664306539
117000,0.423696,0.172128,0.404176,0.404206580591
118000,0.4242,0.17104,0.40476,0.406289046231
119000,0.424952,0.169952,0.405096,0.40733027905
120000,0.425536,0.16896,0.405504,0.408579758434
121000,0.426192,0.168088,0.40572,0.411078717201
122000,0.426728,0.167184,0.406088,0.411911703457
123000,0.427408,0.1662,0.406392,0.411495210329
124000,0.427896,0.165296,0.406808,0.411495210329
125000,0.428472,0.164192,0.407336,0.410037484382
126000,0.429152,0.16336,0.407488,0.408579758434
127000,0.429912,0.16232,0.407768,0.408579758434
128000,0.430448,0.161296,0.408256,0.407122032486
129000,0.431024,0.16028,0.408696,0.407538525614
130000,0.431336,0.159312,0.409352,0.40837151187
131000,0.431776,0.158456,0.409768,0.407122032486
132000,0.43264,0.1574,0.40996,0.408163265306
133000,0.433664,0.156208,0.410128,0.408163265306
134000,0.434064,0.155144,0.410792,0.410453977509
135000,0.434712,0.154224,0.411064,0.410662224073
136000,0.435256,0.153264,0.41148,0.412536443149
137000,0.436024,0.152184,0.411792,0.413785922532
138000,0.436696,0.151136,0.412168,0.416076634736
139000,0.437248,0.150448,0.412304,0.416909620991
140000,0.437736,0.149528,0.412736,0.418575593503
141000,0.438448,0.148504,0.413048,0.419200333195
142000,0.439072,0.14764,0.413288,0.422324031653
143000,0.439528,0.146696,0.413776,0.423781757601
144000,0.440072,0.145864,0.414064,0.424198250729
145000,0.440608,0.144984,0.414408,0.423781757601
146000,0.440904,0.144072,0.415024,0.422948771345
147000,0.441464,0.14328,0.415256,0.425655976676
148000,0.442144,0.142376,0.41548,0.425031236985
149000,0.442552,0.14156,0.415888,0.425239483549
150000,0.443024,0.140712,0.416264,0.428987921699
151000,0.4438,0.1398,0.4164,0.430445647647
152000,0.444216,0.138936,0.416848,0.431278633903
153000,0.444896,0.138144,0.41696,0.431486880466
154000,0.44524,0.137256,0.417504,0.43169512703
155000,0.446008,0.136328,0.417664,0.432528113286
156000,0.446248,0.135424,0.418328,0.434194085798
157000,0.446856,0.134688,0.418456,0.434194085798
158000,0.447312,0.133808,0.41888,0.433152852978
159000,0.447736,0.133096,0.419168,0.435027072053
160000,0.44832,0.13236,0.41932,0.435235318617
161000,0.448608,0.13148,0.419912,0.437109537693
162000,0.449336,0.13072,0.419944,0.437734277384
163000,0.449784,0.130008,0.420208,0.43856726364
164000,0.45016,0.129232,0.420608,0.437942523948
165000,0.450568,0.128504,0.420928,0.438775510204
166000,0.451024,0.127688,0.421288,0.438359017076
167000,0.451464,0.127016,0.42152,0.439816743024
168000,0.45212,0.126296,0.421584,0.440233236152
169000,0.452568,0.125496,0.421936,0.438983756768
170000,0.453208,0.124816,0.421976,0.440024989588
171000,0.453456,0.124032,0.422512,0.442523948355
172000,0.454032,0.12332,0.422648,0.443356934611
173000,0.454528,0.12252,0.422952,0.444606413994
174000,0.454776,0.121792,0.423432,0.445647646814
175000,0.455464,0.12108,0.423456,0.448563098709
176000,0.455672,0.120432,0.423896,0.448979591837
177000,0.456072,0.119696,0.424232,0.449396084965
178000,0.45676,0.11884,0.4244,0.449604331529
179000,0.45716,0.118168,0.424672,0.453144523115
180000,0.457784,0.11732,0.424896,0.453144523115
181000,0.458288,0.116576,0.425136,0.451478550604
182000,0.458664,0.116016,0.42532,0.45127030404
183000,0.459104,0.115168,0.425728,0.452519783424
184000,0.460112,0.114264,0.425624,0.452728029988
185000,0.460832,0.113456,0.425712,0.453352769679
186000,0.461472,0.112632,0.425896,0.454185755935
187000,0.462,0.11196,0.42604,0.454810495627
188000,0.462712,0.111144,0.426144,0.454394002499
189000,0.463504,0.110448,0.426048,0.454394002499
190000,0.464216,0.10968,0.426104,0.455851728446
191000,0.464712,0.108928,0.42636,0.455018742191
192000,0.465608,0.108232,0.42616,0.453352769679
193000,0.466032,0.107624,0.426344,0.454394002499
194000,0.466432,0.10692,0.426648,0.455226988755
195000,0.466872,0.10624,0.426888,0.455226988755
196000,0.467304,0.105616,0.42708,0.45605997501
197000,0.467832,0.10484,0.427328,0.456684714702
198000,0.468456,0.104304,0.42724,0.45710120783
199000,0.469136,0.103448,0.427416,0.457309454394
200000,0.469672,0.10276,0.427568,0.457725947522
201000,0.469744,0.1022,0.428056,0.460224906289
202000,0.470416,0.101336,0.428248,0.460641399417
203000,0.47096,0.100688,0.428352,0.460849645981
204000,0.471608,0.100088,0.428304,0.459808413161
205000,0.472152,0.099496,0.428352,0.460224906289
206000,0.47268,0.098928,0.428392,0.458975426905
207000,0.47328,0.0982,0.42852,0.458975426905
208000,0.473704,0.097616,0.42868,0.457725947522
209000,0.474464,0.097112,0.428424,0.456684714702
210000,0.475192,0.096632,0.428176,0.456268221574
211000,0.475568,0.096024,0.428408,0.45710120783
212000,0.4758,0.095552,0.428648,0.45710120783
213000,0.476648,0.094936,0.428416,0.455435235319
214000,0.476984,0.09436,0.428656,0.455851728446
215000,0.477808,0.093528,0.428664,0.458767180342
216000,0.478408,0.092984,0.428608,0.456892961266
217000,0.47904,0.09244,0.42852,0.457725947522
218000,0.479456,0.091832,0.428712,0.45710120783
219000,0.480136,0.091328,0.428536,0.457517700958
220000,0.481016,0.090584,0.4284,0.460224906289
221000,0.481464,0.089856,0.42868,0.461057892545
222000,0.481888,0.08932,0.428792,0.460224906289
223000,0.482664,0.088544,0.428792,0.461474385673
224000,0.483008,0.08812,0.428872,0.461266139109
225000,0.483784,0.087624,0.428592,0.460433152853
226000,0.484024,0.087056,0.42892,0.461057892545
227000,0.484408,0.086568,0.429024,0.462723865056
228000,0.485312,0.085864,0.428824,0.462515618492
229000,0.48592,0.085312,0.428768,0.463765097876
230000,0.486424,0.084736,0.42884,0.463765097876
231000,0.486768,0.084208,0.429024,0.463556851312
232000,0.487448,0.083688,0.428864,0.466680549771
233000,0.488048,0.083216,0.428736,0.466264056643
234000,0.488808,0.082592,0.4286,0.468346522282
235000,0.48928,0.081928,0.428792,0.469596001666
236000,0.489776,0.081456,0.428768,0.469387755102
237000,0.490688,0.08088,0.428432,0.46980424823
238000,0.491144,0.080352,0.428504,0.469179508538
239000,0.491656,0.0798,0.428544,0.470637234486
240000,0.49204,0.079232,0.428728,0.472094960433
241000,0.492672,0.078784,0.428544,0.471886713869
242000,0.49356,0.07816,0.42828,0.471261974177
243000,0.494096,0.077648,0.428256,0.470428987922
244000,0.49448,0.077232,0.428288,0.471470220741
245000,0.495256,0.076672,0.428072,0.473969179509
246000,0.495344,0.076064,0.428592,0.475010412328
247000,0.495936,0.07548,0.428584,0.475426905456
248000,0.496696,0.074968,0.428336,0.474177426072
249000,0.497592,0.074448,0.42796,0.475426905456
250000,0.498184,0.073968,0.427848,0.476051645148
251000,0.498776,0.073488,0.427736,0.477717617659
252000,0.499288,0.072928,0.427784,0.476884631404
253000,0.4996,0.072536,0.427864,0.476884631404
254000,0.499936,0.072136,0.427928,0.477717617659
255000,0.500576,0.071704,0.42772,0.477925864223
256000,0.50116,0.071224,0.427616,0.475843398584
257000,0.501488,0.070688,0.427824,0.476051645148
258000,0.502016,0.070192,0.427792,0.475843398584
259000,0.5024,0.069664,0.427936,0.474802165764
260000,0.503016,0.0692,0.427784,0.474802165764
261000,0.5034,0.068688,0.427912,0.474802165764
262000,0.504064,0.06816,0.427776,0.477301124531
263000,0.504632,0.06772,0.427648,0.476884631404
264000,0.505288,0.067248,0.427464,0.47667638484
265000,0.505816,0.066856,0.427328,0.476468138276
266000,0.506248,0.06648,0.427272,0.477717617659
267000,0.50668,0.065928,0.427392,0.479800083299
268000,0.50728,0.065392,0.427328,0.478342357351
269000,0.507688,0.064968,0.427344,0.477717617659
270000,0.507984,0.064488,0.427528,0.481257809246
271000,0.508704,0.064152,0.427144,0.481049562682
272000,0.508944,0.06376,0.427296,0.48146605581
273000,0.509544,0.063272,0.427184,0.482090795502
274000,0.51016,0.06276,0.42708,0.478967097043
275000,0.5108,0.062264,0.426936,0.480216576426
276000,0.511496,0.061768,0.426736,0.478550603915
277000,0.512176,0.06136,0.426464,0.479175343607
278000,0.512552,0.06096,0.426488,0.479591836735
279000,0.512992,0.060472,0.426536,0.479591836735
280000,0.513528,0.060032,0.42644,0.48146605581
281000,0.514304,0.0596,0.426096,0.483756768013
282000,0.51484,0.059088,0.426072,0.485214493961
283000,0.515616,0.05868,0.425704,0.486255726781
284000,0.51632,0.058232,0.425448,0.486880466472
285000,0.517336,0.05776,0.424904,0.486880466472
286000,0.517992,0.057376,0.424632,0.486880466472
287000,0.51872,0.057008,0.424272,0.486255726781
288000,0.519504,0.056544,0.423952,0.487921699292
289000,0.519816,0.056104,0.42408,0.484798000833
290000,0.520472,0.055656,0.423872,0.485214493961
291000,0.52088,0.055256,0.423864,0.485839233653
292000,0.52144,0.05488,0.42368,0.487088713036
293000,0.521872,0.05452,0.423608,0.488546438984
294000,0.522216,0.054248,0.423536,0.489587671803
295000,0.522736,0.053904,0.42336,0.488754685548
296000,0.523392,0.053544,0.423064,0.489379425239
297000,0.524184,0.053224,0.422592,0.490420658059
298000,0.524784,0.052816,0.4224,0.491253644315
299000,0.525432,0.052496,0.422072,0.490837151187
300000,0.525808,0.052256,0.421936,0.490420658059
301000,0.52656,0.051928,0.421512,0.490628904623
302000,0.527248,0.051528,0.421224,0.491670137443
303000,0.52772,0.0512,0.42108,0.491878384007
304000,0.528384,0.050824,0.420792,0.492919616826
305000,0.529064,0.050552,0.420384,0.493336109954
306000,0.529592,0.050208,0.4202,0.492919616826
307000,0.530144,0.049816,0.42004,0.490420658059
308000,0.53092,0.049432,0.419648,0.490004164931
309000,0.531336,0.049104,0.41956,0.490837151187
310000,0.531744,0.048608,0.419648,0.490420658059
311000,0.532536,0.048256,0.419208,0.492711370262
312000,0.533008,0.048016,0.418976,0.492711370262
313000,0.53328,0.047592,0.419128,0.491878384007
314000,0.533712,0.04728,0.419008,0.494793835902
315000,0.534456,0.046952,0.418592,0.495626822157
316000,0.535088,0.04668,0.418232,0.496668054977
317000,0.535696,0.0464,0.417904,0.497084548105
318000,0.536408,0.046032,0.41756,0.496668054977
319000,0.537,0.04568,0.41732,0.496251561849
320000,0.5374,0.045328,0.417272,0.49521032903
321000,0.537888,0.045008,0.417104,0.497084548105
322000,0.538368,0.044672,0.41696,0.496876301541
323000,0.538896,0.044328,0.416776,0.498334027489
324000,0.539792,0.04412,0.416088,0.49895876718
325000,0.540672,0.043792,0.415536,0.500208246564
326000,0.541184,0.043472,0.415344,0.501665972511
327000,0.54164,0.04316,0.4152,0.502915451895
328000,0.542704,0.042776,0.41452,0.502498958767
329000,0.543256,0.042568,0.414176,0.504164931279
330000,0.543952,0.042296,0.413752,0.503748438151
331000,0.544224,0.042,0.413776,0.50478967097
332000,0.544912,0.041672,0.413416,0.504997917534
333000,0.545312,0.041432,0.413256,0.505206164098
334000,0.545984,0.041192,0.412824,0.50583090379
335000,0.546624,0.040976,0.4124,0.506663890046
336000,0.547504,0.040632,0.411864,0.505206164098
337000,0.548096,0.04048,0.411424,0.504581424406
338000,0.54868,0.040152,0.411168,0.507705122865
339000,0.54916,0.039928,0.410912,0.508121615993
340000,0.55008,0.039752,0.410168,0.510620574761
341000,0.551088,0.0394,0.409512,0.509371095377
342000,0.5516,0.039184,0.409216,0.511245314452
343000,0.552272,0.038936,0.408792,0.5127030404
344000,0.552808,0.038688,0.408504,0.513327780092
345000,0.553312,0.038384,0.408304,0.51166180758
346000,0.553816,0.038096,0.408088,0.512286547272
347000,0.554512,0.037832,0.407656,0.510620574761
348000,0.555224,0.037616,0.40716,0.509995835069
349000,0.555912,0.037376,0.406712,0.511453561016
350000,0.556344,0.037152,0.406504,0.5127030404
351000,0.557,0.03692,0.40608,0.513952519783
352000,0.55768,0.0366,0.40572,0.516243231987
353000,0.55872,0.036352,0.404928,0.51749271137
354000,0.559464,0.036064,0.404472,0.516034985423
355000,0.560216,0.035856,0.403928,0.516034985423
356000,0.560736,0.035624,0.40364,0.517284464806
357000,0.561352,0.035432,0.403216,0.515826738859
358000,0.56208,0.03516,0.40276,0.514993752603
359000,0.56252,0.034912,0.402568,0.514785506039
360000,0.563144,0.0346,0.402256,0.513327780092
361000,0.563888,0.0344,0.401712,0.51166180758
362000,0.564648,0.0342,0.401152,0.5127030404
363000,0.565352,0.033944,0.400704,0.513119533528
364000,0.566,0.03376,0.40024,0.512286547272
365000,0.566848,0.033536,0.399616,0.513119533528
366000,0.56728,0.03332,0.3994,0.513744273219
367000,0.567832,0.033128,0.39904,0.514369012911
368000,0.568464,0.03296,0.398576,0.512911286964
369000,0.568904,0.032736,0.39836,0.512494793836
370000,0.569496,0.032552,0.397952,0.514160766347
371000,0.570032,0.032256,0.397712,0.515201999167
372000,0.570656,0.031992,0.397352,0.5127030404
373000,0.571464,0.03176,0.396776,0.513536026656
374000,0.572384,0.031464,0.396152,0.513744273219
375000,0.572872,0.031216,0.395912,0.515618492295
376000,0.57344,0.03096,0.3956,0.513952519783
377000,0.574088,0.03076,0.395152,0.514577259475
378000,0.575088,0.030504,0.394408,0.515826738859
379000,0.575632,0.03032,0.394048,0.517700957934
380000,0.575944,0.030072,0.393984,0.51853394419
381000,0.576568,0.029872,0.39356,0.520199916701
382000,0.577088,0.029752,0.39316,0.519158683882
383000,0.577968,0.029536,0.392496,0.517909204498
384000,0.578384,0.029288,0.392328,0.518325697626
385000,0.578976,0.029128,0.391896,0.521032902957
386000,0.579496,0.029008,0.391496,0.522074135777
387000,0.580472,0.028816,0.390712,0.521865889213
388000,0.581064,0.028648,0.390288,0.521449396085
389000,0.581576,0.0284,0.390024,0.51749271137
390000,0.582192,0.0282,0.389608,0.518325697626
391000,0.583072,0.027912,0.389016,0.519783423574
392000,0.583864,0.027672,0.388464,0.516659725115
393000,0.584256,0.02744,0.388304,0.518325697626
394000,0.58496,0.027248,0.387792,0.516659725115
395000,0.585336,0.02708,0.387584,0.517700957934
396000,0.586216,0.026824,0.38696,0.516451478551
397000,0.586928,0.026584,0.386488,0.516451478551
398000,0.587512,0.026424,0.386064,0.516867971678
399000,0.58844,0.026224,0.385336,0.517700957934
400000,0.588976,0.026024,0.385,0.519158683882
401000,0.589736,0.0258,0.384464,0.518742190754
402000,0.59028,0.025608,0.384112,0.51957517701
403000,0.590776,0.025352,0.383872,0.520408163265
404000,0.591416,0.025184,0.3834,0.522907122032
405000,0.59204,0.025056,0.382904,0.524156601416
406000,0.592928,0.024872,0.3822,0.522074135777
407000,0.593584,0.024776,0.38164,0.522490628905
408000,0.594192,0.0246,0.381208,0.521032902957
409000,0.594432,0.024464,0.381104,0.522490628905
410000,0.594968,0.024216,0.380816,0.521865889213
411000,0.595832,0.024008,0.38016,0.523948354852
412000,0.596312,0.02388,0.379808,0.524156601416
413000,0.59672,0.023744,0.379536,0.526239067055
414000,0.597128,0.023616,0.379256,0.526447313619
415000,0.5974,0.023408,0.379192,0.525614327364
416000,0.598104,0.023248,0.378648,0.528113286131
417000,0.598784,0.023104,0.378112,0.530612244898
418000,0.599568,0.022912,0.37752,0.532486463973
419000,0.60008,0.022784,0.377136,0.533735943357
420000,0.600864,0.022568,0.376568,0.533735943357
421000,0.601472,0.022408,0.37612,0.533735943357
422000,0.60216,0.022256,0.375584,0.536651395252
423000,0.602488,0.02216,0.375352,0.535193669304
424000,0.603024,0.022024,0.374952,0.536234902124
425000,0.60388,0.021832,0.374288,0.536234902124
426000,0.604296,0.021664,0.37404,0.536651395252
427000,0.604936,0.021456,0.373608,0.53706788838
428000,0.605528,0.021296,0.373176,0.537276134944
429000,0.60612,0.021128,0.372752,0.537276134944
430000,0.606648,0.02096,0.372392,0.536651395252
431000,0.6072,0.0208,0.372,0.535193669304
432000,0.607784,0.0206,0.371616,0.534152436485
433000,0.608248,0.02044,0.371312,0.537484381508
434000,0.608784,0.020328,0.370888,0.539775093711
435000,0.609248,0.02012,0.370632,0.539983340275
436000,0.609928,0.019992,0.37008,0.540191586839
437000,0.610256,0.019896,0.369848,0.54289879217
438000,0.610904,0.019736,0.36936,0.541232819658
439000,0.61148,0.0196,0.36892,0.542482299042
440000,0.611984,0.019496,0.36852,0.542065805914
441000,0.61236,0.019328,0.368312,0.542690545606
442000,0.61288,0.019208,0.367912,0.54185755935
443000,0.61316,0.01908,0.36776,0.542690545606
444000,0.613464,0.018968,0.367568,0.542274052478
445000,0.614232,0.018776,0.366992,0.542482299042
446000,0.614416,0.018616,0.366968,0.543523531862
447000,0.614752,0.018504,0.366744,0.544981257809
448000,0.615544,0.01836,0.366096,0.546022490629
449000,0.615808,0.018232,0.36596,0.546647230321
450000,0.61644,0.018096,0.365464,0.546647230321
451000,0.617056,0.017952,0.364992,0.546230737193
452000,0.617904,0.017848,0.364248,0.546438983757
453000,0.618336,0.017696,0.363968,0.547480216576
454000,0.61892,0.0176,0.36348,0.550395668471
455000,0.619424,0.017512,0.363064,0.553102873803
456000,0.619872,0.017384,0.362744,0.552061640983
457000,0.620472,0.017304,0.362224,0.553727613494
458000,0.620944,0.017176,0.36188,0.552686380675
459000,0.621448,0.017064,0.361488,0.551020408163
460000,0.622128,0.016952,0.36092,0.550603915035
461000,0.622648,0.016784,0.360568,0.54977092878
462000,0.623136,0.016696,0.360168,0.548521449396
463000,0.62348,0.01664,0.35988,0.550187421908
464000,0.624152,0.016504,0.359344,0.551228654727
465000,0.624688,0.0164,0.358912,0.550812161599
466000,0.624936,0.016272,0.358792,0.551853394419
467000,0.625368,0.01616,0.358472,0.553102873803
468000,0.626128,0.015968,0.357904,0.553935860058
469000,0.626944,0.015864,0.357192,0.554977092878
470000,0.627448,0.015704,0.356848,0.554352353186
471000,0.628056,0.015576,0.356368,0.555393586006
472000,0.628872,0.015488,0.35564,0.55560183257
473000,0.62924,0.015328,0.355432,0.55560183257
474000,0.629808,0.015264,0.354928,0.553727613494
475000,0.630464,0.015096,0.35444,0.552686380675
476000,0.630536,0.015032,0.354432,0.552269887547
477000,0.631184,0.01492,0.353896,0.551645147855
478000,0.631848,0.01488,0.353272,0.552686380675
479000,0.63244,0.01476,0.3528,0.553727613494
480000,0.63276,0.014656,0.352584,0.553935860058
481000,0.633416,0.014536,0.352048,0.55351936693
482000,0.633952,0.014376,0.351672,0.55351936693
483000,0.634288,0.014192,0.35152,0.551853394419
484000,0.63448,0.014088,0.351432,0.551228654727
485000,0.634912,0.01392,0.351168,0.550812161599
486000,0.635264,0.0138,0.350936,0.550395668471
487000,0.635952,0.013736,0.350312,0.552686380675
488000,0.636552,0.013632,0.349816,0.553311120367
489000,0.636832,0.01348,0.349688,0.552894627239
490000,0.6372,0.013336,0.349464,0.554768846314
491000,0.63792,0.0132,0.34888,0.553935860058
492000,0.638296,0.013128,0.348576,0.554977092878
493000,0.638736,0.013024,0.34824,0.55351936693
494000,0.639176,0.01288,0.347944,0.556018325698
495000,0.639808,0.012752,0.34744,0.557267805081
496000,0.640288,0.012672,0.34704,0.559142024157
497000,0.64092,0.012536,0.346544,0.559766763848
498000,0.641256,0.012464,0.34628,0.558100791337
499000,0.641648,0.012376,0.345976,0.558517284465
500000,0.642304,0.012264,0.345432,0.560183256976
