1000,0.33276,0.330976,0.336264,0.332569762599
2000,0.333696,0.329208,0.337096,0.334860474802
3000,0.334752,0.327464,0.337784,0.333402748855
4000,0.335848,0.325968,0.338184,0.334443981674
5000,0.337024,0.324632,0.338344,0.336942940441
6000,0.33828,0.32288,0.33884,0.337359433569
7000,0.339376,0.321112,0.339512,0.338400666389
8000,0.340384,0.319504,0.340112,0.337775926697
9000,0.341416,0.318056,0.340528,0.337984173261
10000,0.342816,0.31648,0.340704,0.338192419825
11000,0.343904,0.314928,0.341168,0.335901707622
12000,0.344632,0.31328,0.342088,0.334652228238
13000,0.345776,0.311744,0.34248,0.336942940441
14000,0.346912,0.310312,0.342776,0.337984173261
15000,0.347744,0.30896,0.343296,0.339650145773
16000,0.349112,0.307424,0.343464,0.339858392337
17000,0.350584,0.3058,0.343616,0.340483132028
18000,0.351904,0.304176,0.34392,0.341524364848
19000,0.353048,0.302568,0.344384,0.34214910454
20000,0.35404,0.30112,0.34484,0.343190337359
21000,0.35492,0.299608,0.345472,0.344856309871
22000,0.356248,0.297864,0.345888,0.344231570179
23000,0.357216,0.29656,0.346224,0.344439816743
24000,0.358512,0.295224,0.346264,0.345272802999
25000,0.359512,0.293832,0.346656,0.344023323615
26000,0.360672,0.292536,0.346792,0.346105789254
27000,0.361928,0.29112,0.346952,0.347771761766
28000,0.363136,0.289728,0.347136,0.348604748022
29000,0.364064,0.288384,0.347552,0.347147022074
30000,0.365072,0.28704,0.347888,0.346522282382
31000,0.366072,0.285608,0.34832,0.347563515202
32000,0.36712,0.28416,0.34872,0.347147022074
33000,0.368184,0.282688,0.349128,0.349437734277
34000,0.369376,0.2812,0.349424,0.350895460225
35000,0.370208,0.279944,0.349848,0.353394418992
36000,0.371312,0.278544,0.350144,0.3527696793
37000,0.372416,0.277104,0.35048,0.354227405248
38000,0.373536,0.275784,0.35068,0.355060391504
39000,0.374648,0.274456,0.350896,0.357559350271
40000,0.3756,0.273064,0.351336,0.358808829654
41000,0.37672,0.271672,0.351608,0.358808829654
42000,0.377776,0.27028,0.351944,0.357767596835
43000,0.378904,0.268872,0.352224,0.356934610579
44000,0.380264,0.267464,0.352272,0.357142857143
45000,0.381152,0.266128,0.35272,0.357559350271
46000,0.382176,0.265032,0.352792,0.357975843399
47000,0.383304,0.263488,0.353208,0.357351103707
48000,0.384376,0.262168,0.353456,0.357351103707
49000,0.385656,0.260856,0.353488,0.356934610579
50000,0.386344,0.259672,0.353984,0.357767596835
51000,0.387224,0.258368,0.354408,0.357975843399
52000,0.388232,0.257112,0.354656,0.35964181591
53000,0.389488,0.255816,0.354696,0.362140774677
54000,0.390352,0.25452,0.355128,0.361932528113
55000,0.391136,0.253304,0.35556,0.366305705956
56000,0.392392,0.251872,0.355736,0.365264473136
57000,0.393688,0.250376,0.355936,0.364223240317
58000,0.394856,0.248984,0.35616,0.364639733444
59000,0.395856,0.247664,0.35648,0.363390254061
60000,0.396936,0.246248,0.356816,0.364639733444
61000,0.397904,0.245088,0.357008,0.365680966264
62000,0.399,0.243888,0.357112,0.36651395252
63000,0.399424,0.242832,0.357744,0.366722199084
64000,0.400688,0.241616,0.357696,0.366097459392
65000,0.401728,0.24048,0.357792,0.36651395252
66000,0.402992,0.239232,0.357776,0.365680966264
67000,0.403616,0.238232,0.358152,0.366722199084
68000,0.404304,0.237064,0.358632,0.365264473136
69000,0.405656,0.235768,0.358576,0.365889212828
70000,0.406384,0.234232,0.359384,0.366097459392
71000,0.407376,0.233056,0.359568,0.36651395252
72000,0.40836,0.232144,0.359496,0.366305705956
73000,0.409448,0.230896,0.359656,0.36651395252
74000,0.4104,0.2298,0.3598,0.367346938776
75000,0.411648,0.22868,0.359672,0.367555185339
76000,0.4128,0.227464,0.359736,0.367763431903
77000,0.413848,0.226312,0.35984,0.367346938776
78000,0.414712,0.225376,0.359912,0.366097459392
79000,0.415616,0.2242,0.360184,0.36651395252
80000,0.416624,0.222904,0.360472,0.367138692212
81000,0.417496,0.221712,0.360792,0.369845897543
82000,0.418528,0.220504,0.360968,0.368179925031
83000,0.419376,0.219368,0.361256,0.366097459392
84000,0.420464,0.218168,0.361368,0.365889212828
85000,0.421384,0.21704,0.361576,0.367138692212
86000,0.42228,0.216072,0.361648,0.368388171595
87000,0.423072,0.21504,0.361888,0.370054144107
88000,0.423744,0.213848,0.362408,0.37130362349
89000,0.424616,0.212704,0.36268,0.371928363182
90000,0.42536,0.211624,0.363016,0.371928363182
91000,0.425944,0.210456,0.3636,0.372553102874
92000,0.4266,0.209232,0.364168,0.375885047897
93000,0.4276,0.208208,0.364192,0.375468554769
94000,0.42824,0.2072,0.36456,0.374010828821
95000,0.429096,0.206,0.364904,0.374843815077
96000,0.429936,0.204984,0.36508,0.376509787589
97000,0.431024,0.203784,0.365192,0.378592253228
98000,0.4318,0.202752,0.365448,0.377759266972
99000,0.432432,0.201632,0.365936,0.380258225739
100000,0.433184,0.200576,0.36624,0.382548937943
101000,0.434192,0.199568,0.36624,0.381924198251
102000,0.434896,0.198648,0.366456,0.380674718867
103000,0.435568,0.197752,0.36668,0.382340691379
104000,0.43668,0.196744,0.366576,0.381091211995
105000,0.437576,0.195624,0.3668,0.383798417326
106000,0.438736,0.194392,0.366872,0.382757184506
107000,0.439576,0.193288,0.367136,0.38400666389
108000,0.440328,0.192336,0.367336,0.385464389838
109000,0.441016,0.191408,0.367576,0.384631403582
110000,0.442168,0.190232,0.3676,0.386297376093
111000,0.44316,0.18908,0.36776,0.386922115785
112000,0.444096,0.188088,0.367816,0.386922115785
113000,0.444824,0.186872,0.368304,0.387963348605
114000,0.445736,0.1858,0.368464,0.388588088297
115000,0.446928,0.184664,0.368408,0.387546855477
116000,0.447456,0.1838,0.368744,0.387546855477
117000,0.448512,0.182696,0.368792,0.388588088297
118000,0.449144,0.181928,0.368928,0.388588088297
119000,0.450104,0.18104,0.368856,0.391711786756
120000,0.450952,0.180056,0.368992,0.394835485214
121000,0.45192,0.179224,0.368856,0.396293211162
122000,0.45312,0.178072,0.368808,0.397542690546
123000,0.453936,0.177,0.369064,0.398375676801
124000,0.454976,0.175968,0.369056,0.397959183673
125000,0.455936,0.17496,0.369104,0.399208663057
126000,0.456752,0.174016,0.369232,0.399416909621
127000,0.457648,0.173032,0.36932,0.400874635569
128000,0.458504,0.172024,0.369472,0.399416909621
129000,0.4592,0.171008,0.369792,0.402332361516
130000,0.460192,0.169976,0.369832,0.403165347772
131000,0.461288,0.16896,0.369752,0.403790087464
132000,0.462192,0.16788,0.369928,0.405456059975
133000,0.462952,0.166976,0.370072,0.404623073719
134000,0.464,0.16604,0.36996,0.406080799667
135000,0.46468,0.16524,0.37008,0.407122032486
136000,0.465528,0.164424,0.370048,0.40733027905
137000,0.4664,0.16328,0.37032,0.405247813411
138000,0.467072,0.16244,0.370488,0.405456059975
139000,0.467848,0.161424,0.370728,0.405872553103
140000,0.468744,0.160536,0.37072,0.407955018742
141000,0.469784,0.159576,0.37064,0.407746772178
142000,0.470656,0.158712,0.370632,0.408788004998
143000,0.471712,0.157784,0.370504,0.409829237818
144000,0.472416,0.156864,0.37072,0.408788004998
145000,0.473192,0.155928,0.37088,0.410037484382
146000,0.474296,0.154936,0.370768,0.408579758434
147000,0.475304,0.154048,0.370648,0.409620991254
148000,0.476448,0.153032,0.37052,0.408996251562
149000,0.477104,0.152032,0.370864,0.412119950021
150000,0.478016,0.151144,0.37084,0.413994169096
151000,0.479336,0.150168,0.370496,0.416076634736
152000,0.480032,0.149408,0.37056,0.415660141608
153000,0.48096,0.148568,0.370472,0.415660141608
154000,0.48188,0.147728,0.370392,0.41420241566
155000,0.482544,0.146864,0.370592,0.413994169096
156000,0.483032,0.146088,0.37088,0.415660141608
157000,0.4838,0.145304,0.370896,0.416909620991
158000,0.484656,0.144568,0.370776,0.416493127863
159000,0.485336,0.143712,0.370952,0.419200333195
160000,0.486528,0.142888,0.370584,0.419200333195
161000,0.486856,0.142192,0.370952,0.42107455227
162000,0.487712,0.141392,0.370896,0.421699291962
163000,0.488408,0.140672,0.37092,0.42107455227
164000,0.48908,0.140008,0.370912,0.421699291962
165000,0.489712,0.139096,0.371192,0.423573511037
166000,0.490128,0.138224,0.371648,0.423781757601
167000,0.49072,0.137624,0.371656,0.425239483549
168000,0.491736,0.136736,0.371528,0.426280716368
169000,0.492448,0.136,0.371552,0.427530195752
170000,0.493408,0.135152,0.37144,0.428571428571
171000,0.494272,0.134224,0.371504,0.429612661391
172000,0.495096,0.1336,0.371304,0.430445647647
173000,0.49572,0.13284,0.37144,0.429612661391
174000,0.496664,0.132016,0.37132,0.432944606414
175000,0.497704,0.1312,0.371096,0.436068304873
176000,0.498472,0.130384,0.371144,0.437317784257
177000,0.499144,0.129544,0.371312,0.439816743024
178000,0.499976,0.128816,0.371208,0.442732194919
179000,0.500904,0.128024,0.371072,0.443773427738
180000,0.502192,0.12716,0.370648,0.44543940025
181000,0.50296,0.126376,0.370664,0.446688879633
182000,0.50364,0.12568,0.37068,0.446897126197
183000,0.504208,0.124936,0.370856,0.446688879633
184000,0.504952,0.124288,0.37076,0.448146605581
185000,0.505824,0.123568,0.370608,0.448771345273
186000,0.506656,0.122752,0.370592,0.448146605581
187000,0.5072,0.122032,0.370768,0.449187838401
188000,0.50788,0.121368,0.370752,0.450853810912
189000,0.50856,0.120728,0.370712,0.450437317784
190000,0.509328,0.119952,0.37072,0.450853810912
191000,0.50996,0.119208,0.370832,0.452519783424
192000,0.510824,0.1184,0.370776,0.452936276551
193000,0.511352,0.117648,0.371,0.454394002499
194000,0.511712,0.11696,0.371328,0.455018742191
195000,0.512368,0.116368,0.371264,0.455643481883
196000,0.513368,0.1156,0.371032,0.457725947522
197000,0.51424,0.114744,0.371016,0.454810495627
198000,0.515096,0.114144,0.37076,0.454810495627
199000,0.515688,0.113464,0.370848,0.45710120783
200000,0.516432,0.1128,0.370768,0.455851728446
201000,0.5168,0.112168,0.371032,0.457934194086
202000,0.517744,0.11144,0.370816,0.459600166597
203000,0.51852,0.110912,0.370568,0.458558933778
204000,0.519056,0.110424,0.37052,0.457309454394
205000,0.519616,0.109944,0.37044,0.455226988755
206000,0.520288,0.109256,0.370456,0.455018742191
207000,0.52092,0.10856,0.37052,0.45605997501
208000,0.52144,0.107928,0.370632,0.456684714702
209000,0.521904,0.10724,0.370856,0.457517700958
210000,0.522624,0.106576,0.3708,0.458767180342
211000,0.523352,0.10588,0.370768,0.459600166597
212000,0.524056,0.105224,0.37072,0.457309454394
213000,0.524744,0.10464,0.370616,0.458975426905
214000,0.525752,0.10412,0.370128,0.46293211162
215000,0.526584,0.10344,0.369976,0.461057892545
216000,0.52732,0.102728,0.369952,0.461474385673
217000,0.527888,0.102184,0.369928,0.461682632237
218000,0.528536,0.101608,0.369856,0.460433152853
219000,0.52908,0.101144,0.369776,0.460849645981
220000,0.52968,0.100544,0.369776,0.463348604748
221000,0.530456,0.099816,0.369728,0.46293211162
222000,0.531152,0.099192,0.369656,0.464806330696
223000,0.53216,0.098544,0.369296,0.464806330696
224000,0.533032,0.097912,0.369056,0.466055810079
225000,0.533896,0.097264,0.36884,0.466472303207
226000,0.534624,0.096584,0.368792,0.466888796335
227000,0.535552,0.096032,0.368416,0.47084548105
228000,0.536328,0.095408,0.368264,0.472719700125
229000,0.537128,0.094848,0.368024,0.473552686381
230000,0.53792,0.094224,0.367856,0.476259891712
231000,0.538624,0.093568,0.367808,0.474177426072
232000,0.53916,0.093016,0.367824,0.4745939192
233000,0.539904,0.092488,0.367608,0.475426905456
234000,0.540376,0.091928,0.367696,0.4745939192
235000,0.54116,0.091384,0.367456,0.47563515202
236000,0.541808,0.091,0.367192,0.47667638484
237000,0.542768,0.090504,0.366728,0.477301124531
238000,0.543696,0.089912,0.366392,0.476884631404
239000,0.544528,0.089272,0.3662,0.478758850479
240000,0.545232,0.088744,0.366024,0.478967097043
241000,0.54576,0.088064,0.366176,0.477717617659
242000,0.54656,0.087576,0.365864,0.479800083299
243000,0.547176,0.087104,0.36572,0.48146605581
244000,0.547648,0.086672,0.36568,0.48146605581
245000,0.548264,0.086064,0.365672,0.482090795502
246000,0.549296,0.085592,0.365112,0.482090795502
247000,0.550288,0.085024,0.364688,0.481049562682
248000,0.551128,0.084472,0.3644,0.482299042066
249000,0.551848,0.084008,0.364144,0.482923781758
250000,0.55248,0.083488,0.364032,0.481257809246
251000,0.552896,0.082952,0.364152,0.480841316118
252000,0.553408,0.082408,0.364184,0.483340274885
253000,0.553712,0.081936,0.364352,0.485214493961
254000,0.554168,0.081488,0.364344,0.485630987089
255000,0.554664,0.081,0.364336,0.485630987089
256000,0.555304,0.080512,0.364184,0.487088713036
257000,0.555768,0.080136,0.364096,0.487713452728
258000,0.55648,0.079608,0.363912,0.487713452728
259000,0.557328,0.079104,0.363568,0.488546438984
260000,0.558024,0.078664,0.363312,0.489795918367
261000,0.558728,0.078168,0.363104,0.489171178676
262000,0.55964,0.0776,0.36276,0.490212411495
263000,0.560248,0.077136,0.362616,0.490420658059
264000,0.56096,0.07664,0.3624,0.490628904623
265000,0.561504,0.07616,0.362336,0.49416909621
266000,0.561888,0.075624,0.362488,0.491253644315
267000,0.562568,0.075136,0.362296,0.493960849646
268000,0.563104,0.074688,0.362208,0.49312786339
269000,0.563592,0.07428,0.362128,0.493336109954
270000,0.564256,0.07388,0.361864,0.496043315285
271000,0.564808,0.073592,0.3616,0.496459808413
272000,0.565768,0.073088,0.361144,0.497084548105
273000,0.566536,0.072632,0.360832,0.497292794669
274000,0.56716,0.072088,0.360752,0.498334027489
275000,0.56796,0.07172,0.36032,0.498542274052
276000,0.568552,0.071152,0.360296,0.49895876718
277000,0.569128,0.070736,0.360136,0.49895876718
278000,0.569736,0.070264,0.36,0.500832986256
279000,0.57036,0.069752,0.359888,0.502707205331
280000,0.571136,0.069408,0.359456,0.504997917534
281000,0.571624,0.069104,0.359272,0.50478967097
282000,0.572368,0.068624,0.359008,0.50478967097
283000,0.57288,0.06828,0.35884,0.50583090379
284000,0.573736,0.067768,0.358496,0.507288629738
285000,0.574256,0.067304,0.35844,0.508329862557
286000,0.574968,0.066896,0.358136,0.508121615993
287000,0.575416,0.066512,0.358072,0.505622657226
288000,0.576304,0.06604,0.357656,0.506247396918
289000,0.576952,0.06564,0.357408,0.507080383174
290000,0.577392,0.065344,0.357264,0.50687213661
291000,0.577752,0.064912,0.357336,0.506247396918
292000,0.578208,0.064632,0.35716,0.503956684715
293000,0.578864,0.064296,0.35684,0.503956684715
294000,0.579272,0.063816,0.356912,0.504997917534
295000,0.579664,0.063416,0.35692,0.505414410662
296000,0.58024,0.06304,0.35672,0.50478967097
297000,0.580888,0.062592,0.35652,0.505414410662
298000,0.581656,0.06216,0.356184,0.505414410662
299000,0.58252,0.06184,0.35564,0.505206164098
300000,0.582984,0.061376,0.35564,0.50687213661
301000,0.583592,0.06096,0.355448,0.509579341941
302000,0.584472,0.060456,0.355072,0.510204081633
303000,0.585648,0.060056,0.354296,0.511037067888
304000,0.58628,0.059672,0.354048,0.511245314452
305000,0.586688,0.0592,0.354112,0.510828821324
306000,0.587232,0.058848,0.35392,0.5127030404
307000,0.587656,0.058504,0.35384,0.512911286964
308000,0.588072,0.058104,0.353824,0.513536026656
309000,0.588704,0.057744,0.353552,0.516034985423
310000,0.589584,0.05736,0.353056,0.516451478551
311000,0.59024,0.056952,0.352808,0.516034985423
312000,0.590784,0.056608,0.352608,0.516659725115
313000,0.591288,0.056192,0.35252,0.515201999167
314000,0.591888,0.055864,0.352248,0.516034985423
315000,0.592704,0.055432,0.351864,0.516034985423
316000,0.593176,0.055056,0.351768,0.518325697626
317000,0.593904,0.054616,0.35148,0.519366930446
318000,0.5944,0.054272,0.351328,0.518742190754
319000,0.5952,0.053832,0.350968,0.519366930446
320000,0.595464,0.053584,0.350952,0.520408163265
321000,0.596424,0.0532,0.350376,0.520408163265
322000,0.597032,0.052824,0.350144,0.520824656393
323000,0.597808,0.05252,0.349672,0.521241149521
324000,0.598296,0.0522,0.349504,0.522490628905
325000,0.598688,0.05192,0.349392,0.522907122032
326000,0.59932,0.051576,0.349104,0.523115368596
327000,0.599976,0.05128,0.348744,0.524156601416
328000,0.600488,0.05104,0.348472,0.526239067055
329000,0.60096,0.050784,0.348256,0.526863806747
330000,0.6012,0.050512,0.348288,0.525822573928
331000,0.602024,0.050168,0.347808,0.526239067055
332000,0.602584,0.049744,0.347672,0.524989587672
333000,0.60336,0.049472,0.347168,0.528113286131
334000,0.603688,0.049112,0.3472,0.528321532695
335000,0.603912,0.048824,0.347264,0.527280299875
336000,0.604328,0.048504,0.347168,0.528529779259
337000,0.605096,0.048264,0.34664,0.529987505206
338000,0.605856,0.04792,0.346224,0.530612244898
339000,0.606328,0.047704,0.345968,0.528738025823
340000,0.60676,0.04732,0.34592,0.53019575177
341000,0.6076,0.046936,0.345464,0.531028738026
342000,0.60816,0.046592,0.345248,0.533735943357
343000,0.608592,0.046328,0.34508,0.533944189921
344000,0.608968,0.045952,0.34508,0.533527696793
345000,0.609528,0.04568,0.344792,0.534152436485
346000,0.610016,0.045328,0.344656,0.534985422741
347000,0.610496,0.045,0.344504,0.533944189921
348000,0.611104,0.04484,0.344056,0.533735943357
349000,0.611432,0.044568,0.344,0.532278217409
350000,0.611952,0.04428,0.343768,0.531861724282
351000,0.612312,0.044024,0.343664,0.532069970845
352000,0.612752,0.043768,0.34348,0.531445231154
353000,0.612944,0.043488,0.343568,0.533944189921
354000,0.61344,0.043192,0.343368,0.533319450229
355000,0.613944,0.042808,0.343248,0.534777176177
356000,0.614712,0.04248,0.342808,0.536859641816
357000,0.614968,0.042304,0.342728,0.536859641816
358000,0.61524,0.04208,0.34268,0.537276134944
359000,0.615472,0.041864,0.342664,0.537692628072
360000,0.616176,0.041592,0.342232,0.539566847147
361000,0.616624,0.041344,0.342032,0.538525614327
362000,0.617056,0.041096,0.341848,0.540191586839
363000,0.617784,0.040832,0.341384,0.542482299042
364000,0.618432,0.04052,0.341048,0.54185755935
365000,0.618904,0.04032,0.340776,0.543523531862
366000,0.619568,0.040056,0.340376,0.543523531862
367000,0.620304,0.039744,0.339952,0.544148271554
368000,0.620928,0.039512,0.33956,0.544773011245
369000,0.621568,0.039192,0.33924,0.545814244065
370000,0.622232,0.038912,0.338856,0.546230737193
371000,0.622848,0.03864,0.338512,0.548104956268
372000,0.623296,0.038368,0.338336,0.547896709704
373000,0.624008,0.038016,0.337976,0.546855476885
374000,0.624688,0.037744,0.337568,0.546855476885
375000,0.625272,0.037576,0.337152,0.549146189088
376000,0.62556,0.037376,0.337064,0.548937942524
377000,0.626112,0.03708,0.336808,0.54977092878
378000,0.62656,0.036872,0.336568,0.551645147855
379000,0.627024,0.036624,0.336352,0.553102873803
380000,0.627424,0.036384,0.336192,0.552894627239
381000,0.627824,0.036128,0.336048,0.55351936693
382000,0.628408,0.03592,0.335672,0.555185339442
383000,0.628768,0.035768,0.335464,0.553311120367
384000,0.629368,0.03548,0.335152,0.553311120367
385000,0.62968,0.035384,0.334936,0.556018325698
386000,0.630016,0.035152,0.334832,0.558933777593
387000,0.63036,0.03496,0.33468,0.558933777593
388000,0.630792,0.03468,0.334528,0.559975010412
389000,0.631104,0.03452,0.334376,0.558933777593
390000,0.63148,0.034352,0.334168,0.558933777593
391000,0.631968,0.034088,0.333944,0.559558517284
392000,0.632408,0.03392,0.333672,0.559350270721
393000,0.633088,0.033712,0.3332,0.556434818825
394000,0.633416,0.033488,0.333096,0.555810079134
395000,0.633856,0.033328,0.332816,0.557059558517
396000,0.634448,0.03308,0.332472,0.557059558517
397000,0.634672,0.032928,0.3324,0.559142024157
398000,0.6354,0.032656,0.331944,0.558933777593
399000,0.635848,0.032448,0.331704,0.558100791337
400000,0.636472,0.03228,0.331248,0.557476051645
401000,0.6366,0.032064,0.331336,0.558517284465
402000,0.637112,0.031888,0.331,0.558933777593
403000,0.637544,0.0318,0.330656,0.558517284465
404000,0.637888,0.031576,0.330536,0.558100791337
405000,0.638096,0.031344,0.33056,0.558309037901
406000,0.63876,0.031192,0.330048,0.557059558517
407000,0.639224,0.031024,0.329752,0.556226572262
408000,0.639776,0.030832,0.329392,0.557059558517
409000,0.640096,0.030736,0.329168,0.558933777593
410000,0.640512,0.030504,0.328984,0.557892544773
411000,0.640792,0.030272,0.328936,0.559975010412
412000,0.641016,0.030168,0.328816,0.560599750104
413000,0.64124,0.030128,0.328632,0.562057476052
414000,0.6416,0.029888,0.328512,0.564139941691
415000,0.642176,0.029776,0.328048,0.563515201999
416000,0.642736,0.029552,0.327712,0.564556434819
417000,0.64332,0.029304,0.327376,0.564348188255
418000,0.643664,0.029192,0.327144,0.563931695127
419000,0.6442,0.028992,0.326808,0.565389421075
420000,0.6444,0.028888,0.326712,0.563931695127
421000,0.644864,0.028672,0.326464,0.564139941691
422000,0.645008,0.028472,0.32652,0.564972927947
423000,0.64516,0.028368,0.326472,0.564764681383
424000,0.646008,0.02812,0.325872,0.562890462307
425000,0.646648,0.027936,0.325416,0.563515201999
426000,0.647048,0.027776,0.325176,0.564348188255
427000,0.6478,0.027584,0.324616,0.56622240733
428000,0.647896,0.02744,0.324664,0.566430653894
429000,0.648448,0.027304,0.324248,0.568929612661
430000,0.649144,0.02712,0.323736,0.570387338609
431000,0.649448,0.02688,0.323672,0.572678050812
432000,0.649872,0.02672,0.323408,0.571845064556
433000,0.650128,0.026528,0.323344,0.572886297376
434000,0.650328,0.026368,0.323304,0.572469804248
435000,0.6506,0.026216,0.323184,0.572469804248
436000,0.651288,0.026032,0.32268,0.571636817993
437000,0.651424,0.025888,0.322688,0.573719283632
438000,0.651944,0.025752,0.322304,0.573302790504
439000,0.652504,0.025552,0.321944,0.576842982091
440000,0.653184,0.025456,0.32136,0.576634735527
441000,0.653504,0.025296,0.3212,0.576842982091
442000,0.653936,0.025168,0.320896,0.57413577676
443000,0.654312,0.025024,0.320664,0.576634735527
444000,0.654656,0.02492,0.320424,0.578300708038
445000,0.654968,0.024808,0.320224,0.576842982091
446000,0.65536,0.02464,0.32,0.576634735527
447000,0.65576,0.024496,0.319744,0.579133694294
448000,0.65612,0.02432,0.31956,0.578092461474
449000,0.6564,0.024176,0.319424,0.578300708038
450000,0.656864,0.024032,0.319104,0.576218242399
451000,0.657496,0.023776,0.318728,0.576842982091
452000,0.657816,0.023624,0.31856,0.575177009579
453000,0.658192,0.023496,0.318312,0.577259475219
454000,0.658704,0.023368,0.317928,0.576009995835
455000,0.658776,0.023176,0.318048,0.574760516451
456000,0.659384,0.022968,0.317648,0.574968763015
457000,0.659552,0.022752,0.317696,0.575385256143
458000,0.660008,0.022624,0.317368,0.573927530196
459000,0.660376,0.022504,0.31712,0.577259475219
460000,0.660744,0.02236,0.316896,0.577259475219
461000,0.660888,0.022232,0.31688,0.575801749271
462000,0.661328,0.022072,0.3166,0.578508954602
463000,0.661648,0.021936,0.316416,0.578508954602
464000,0.661992,0.021768,0.31624,0.577675968347
465000,0.661992,0.021568,0.31644,0.581632653061
466000,0.662568,0.021432,0.316,0.583090379009
467000,0.662712,0.021336,0.315952,0.583090379009
468000,0.663016,0.021208,0.315776,0.582673885881
469000,0.663264,0.021072,0.315664,0.583090379009
470000,0.66332,0.020888,0.315792,0.583715118701
471000,0.663616,0.02072,0.315664,0.582882132445
472000,0.663984,0.020512,0.315504,0.586005830904
473000,0.664376,0.020376,0.315248,0.586214077468
474000,0.664648,0.02032,0.315032,0.586422324032
475000,0.664984,0.020136,0.31488,0.58579758434
476000,0.665808,0.019968,0.314224,0.58579758434
477000,0.665824,0.019824,0.314352,0.586422324032
478000,0.666064,0.019656,0.31428,0.585589337776
479000,0.666088,0.019472,0.31444,0.58683881716
480000,0.666328,0.01932,0.314352,0.58579758434
481000,0.66684,0.019136,0.314024,0.588296543107
482000,0.667224,0.019064,0.313712,0.590379008746
483000,0.66784,0.01892,0.31324,0.590170762182
484000,0.668032,0.01876,0.313208,0.588921282799
485000,0.668464,0.018592,0.312944,0.59058725531
486000,0.668784,0.018504,0.312712,0.59266972095
487000,0.669136,0.01836,0.312504,0.593710953769
488000,0.669208,0.018272,0.31252,0.593294460641
489000,0.669432,0.018136,0.312432,0.594543940025
490000,0.6698,0.018,0.3122,0.595168679717
491000,0.67008,0.01788,0.31204,0.596209912536
492000,0.670608,0.01776,0.311632,0.594543940025
493000,0.670968,0.017656,0.311376,0.596626405664
494000,0.671464,0.017496,0.31104,0.600791336943
495000,0.67172,0.017368,0.310912,0.602040816327
496000,0.671952,0.01732,0.310728,0.601832569763
497000,0.672104,0.017168,0.310728,0.601832569763
498000,0.67228,0.017056,0.310664,0.601832569763
499000,0.67236,0.016968,0.310672,0.600999583507
500000,0.6726,0.016816,0.310584,0.600374843815
501000,0.672856,0.016696,0.310448,0.599541857559
502000,0.673128,0.016576,0.310296,0.599750104123
503000,0.673224,0.016456,0.31032,0.602040816327
504000,0.673528,0.01632,0.310152,0.60224906289
505000,0.673688,0.016256,0.310056,0.60329029571
506000,0.674112,0.016056,0.309832,0.600374843815
507000,0.67428,0.01588,0.30984,0.598084131612
508000,0.674456,0.015824,0.30972,0.59850062474
509000,0.67492,0.015664,0.309416,0.599541857559
510000,0.674968,0.01556,0.309472,0.600999583507
511000,0.675368,0.015472,0.30916,0.599333610995
512000,0.675568,0.015392,0.30904,0.601624323199
513000,0.67564,0.015296,0.309064,0.599541857559
514000,0.675872,0.015216,0.308912,0.599750104123
515000,0.676272,0.015152,0.308576,0.59850062474
516000,0.676552,0.015072,0.308376,0.601416076635
517000,0.676528,0.015008,0.308464,0.600791336943
518000,0.676928,0.014904,0.308168,0.60224906289
519000,0.677184,0.014832,0.307984,0.601832569763
520000,0.677304,0.014712,0.307984,0.606413994169
521000,0.677528,0.014592,0.30788,0.605164514786
522000,0.677688,0.014512,0.3078,0.605789254477
523000,0.677888,0.014456,0.307656,0.606205747605
524000,0.678112,0.01436,0.307528,0.605997501041
525000,0.678336,0.014272,0.307392,0.605581007913
526000,0.678712,0.014224,0.307064,0.605581007913
527000,0.678712,0.014144,0.307144,0.607038733861
528000,0.678648,0.014056,0.307296,0.608912952936
529000,0.678624,0.013952,0.307424,0.6091211995
530000,0.678744,0.013832,0.307424,0.610370678884
531000,0.678704,0.01376,0.307536,0.610995418576
532000,0.678928,0.013704,0.307368,0.609954185756
533000,0.679016,0.01364,0.307344,0.61016243232
534000,0.679008,0.013576,0.307416,0.608704706372
535000,0.678968,0.01352,0.307512,0.608496459808
536000,0.679024,0.013432,0.307544,0.610370678884
537000,0.67888,0.0134,0.30772,0.609537692628
538000,0.67904,0.01332,0.30764,0.608704706372
539000,0.67944,0.013216,0.307344,0.610370678884
540000,0.679584,0.01312,0.307296,0.613494377343
541000,0.679744,0.01296,0.307296,0.615576842982
542000,0.679864,0.012912,0.307224,0.615160349854
543000,0.680176,0.012784,0.30704,0.61599333611
544000,0.680184,0.012704,0.307112,0.617659308621
545000,0.68008,0.012608,0.307312,0.617451062057
546000,0.680288,0.012504,0.307208,0.618908788005
547000,0.680208,0.012424,0.307368,0.619741774261
548000,0.680736,0.012376,0.306888,0.620991253644
549000,0.680968,0.012312,0.30672,0.621199500208
550000,0.680928,0.0122,0.306872,0.619741774261
551000,0.680912,0.012168,0.30692,0.618908788005
552000,0.68084,0.012112,0.307048,0.616618075802
553000,0.681056,0.012,0.306944,0.619741774261
554000,0.681264,0.01188,0.306856,0.619117034569
555000,0.681336,0.011824,0.30684,0.618908788005
556000,0.681376,0.01172,0.306904,0.620158267389
557000,0.681232,0.01168,0.307088,0.62078300708
558000,0.6816,0.011592,0.306808,0.620366513953
559000,0.681664,0.011528,0.306808,0.620991253644
560000,0.681808,0.011424,0.306768,0.619741774261
561000,0.682184,0.01136,0.306456,0.617867555185
562000,0.68228,0.011216,0.306504,0.619950020825
563000,0.682624,0.011176,0.3062,0.619741774261
564000,0.682744,0.011096,0.30616,0.620158267389
565000,0.682864,0.011008,0.306128,0.619950020825
566000,0.683232,0.010968,0.3058,0.621199500208
567000,0.683216,0.010912,0.305872,0.620574760516
568000,0.683032,0.010888,0.30608,0.621407746772
569000,0.683024,0.010768,0.306208,0.621407746772
570000,0.68324,0.010664,0.306096,0.624114952103
571000,0.683208,0.01056,0.306232,0.622657226156
572000,0.683432,0.010544,0.306024,0.623698458975
573000,0.68352,0.01048,0.306,0.621615993336
574000,0.683648,0.010464,0.305888,0.62286547272
575000,0.683624,0.010392,0.305984,0.620366513953
576000,0.683736,0.010328,0.305936,0.622032486464
577000,0.683928,0.010224,0.305848,0.621615993336
578000,0.68396,0.010144,0.305896,0.62286547272
579000,0.68404,0.010072,0.305888,0.622240733028
580000,0.68412,0.009992,0.305888,0.622032486464
581000,0.684376,0.009936,0.305688,0.62286547272
582000,0.68452,0.009856,0.305624,0.623490212411
583000,0.684608,0.0098,0.305592,0.62078300708
584000,0.684448,0.00972,0.305832,0.62078300708
585000,0.684464,0.009656,0.30588,0.6218242399
586000,0.684424,0.009592,0.305984,0.620991253644
587000,0.684456,0.00948,0.306064,0.622240733028
588000,0.684592,0.0094,0.306008,0.6218242399
589000,0.684656,0.009352,0.305992,0.62078300708
590000,0.684808,0.009232,0.30596,0.618700541441
591000,0.684784,0.009168,0.306048,0.620158267389
592000,0.684904,0.009136,0.30596,0.621407746772
593000,0.685,0.009072,0.305928,0.622448979592
594000,0.68488,0.009064,0.306056,0.622657226156
595000,0.684832,0.009024,0.306144,0.621615993336
596000,0.68508,0.008992,0.305928,0.620574760516
597000,0.685416,0.008944,0.30564,0.622240733028
598000,0.685392,0.008928,0.30568,0.619950020825
599000,0.68528,0.008816,0.305904,0.620366513953
600000,0.685432,0.00876,0.305808,0.622448979592
601000,0.685472,0.008656,0.305872,0.624531445231
602000,0.685544,0.0086,0.305856,0.625364431487
603000,0.685424,0.008576,0.306,0.625989171179
604000,0.685072,0.00852,0.306408,0.624323198667
605000,0.685128,0.00844,0.306432,0.624323198667
606000,0.685312,0.008384,0.306304,0.625364431487
607000,0.685112,0.008368,0.30652,0.625780924615
608000,0.685024,0.00832,0.306656,0.626197417743
609000,0.684968,0.008272,0.30676,0.629737609329
610000,0.685032,0.0082,0.306768,0.629321116202
611000,0.685168,0.008176,0.306656,0.630154102457
612000,0.685448,0.008104,0.306448,0.629737609329
613000,0.685472,0.008096,0.306432,0.629737609329
614000,0.685696,0.00804,0.306264,0.629112869638
615000,0.68564,0.007976,0.306384,0.628071636818
616000,0.685352,0.007928,0.30672,0.627030403998
617000,0.685216,0.007912,0.306872,0.626197417743
618000,0.68512,0.007856,0.307024,0.626822157434
619000,0.684952,0.007784,0.307264,0.625364431487
620000,0.684848,0.007704,0.307448,0.623281965848
621000,0.684688,0.007616,0.307696,0.619533527697
622000,0.684872,0.007544,0.307584,0.619741774261
623000,0.685136,0.00748,0.307384,0.621407746772
624000,0.684944,0.007448,0.307608,0.618284048313
625000,0.685176,0.0074,0.307424,0.617867555185
626000,0.685064,0.00736,0.307576,0.615368596418
627000,0.68476,0.007344,0.307896,0.613286130779
628000,0.684704,0.007288,0.308008,0.611828404831
629000,0.684728,0.007232,0.30804,0.611828404831
630000,0.684616,0.007176,0.308208,0.609954185756
631000,0.684736,0.007112,0.308152,0.610995418576
632000,0.68488,0.007056,0.308064,0.610787172012
633000,0.684848,0.006976,0.308176,0.609745939192
634000,0.684632,0.006912,0.308456,0.610995418576
635000,0.684688,0.00688,0.308432,0.611411911703
636000,0.684408,0.006848,0.308744,0.610995418576
637000,0.68448,0.00676,0.30876,0.607871720117
638000,0.684512,0.006768,0.30872,0.607246980425
639000,0.684456,0.00672,0.308824,0.605581007913
640000,0.684328,0.006696,0.308976,0.605997501041
641000,0.684344,0.006648,0.309008,0.606413994169
642000,0.684176,0.006608,0.309216,0.606622240733
643000,0.683792,0.006584,0.309624,0.604748021658
644000,0.68352,0.006528,0.309952,0.606622240733
645000,0.68352,0.006472,0.310008,0.605997501041
646000,0.68324,0.006408,0.310352,0.604956268222
647000,0.683296,0.006344,0.31036,0.604956268222
648000,0.68312,0.006312,0.310568,0.604539775094
649000,0.683008,0.00628,0.310712,0.604956268222
650000,0.682656,0.00624,0.311104,0.604123281966
651000,0.682512,0.006208,0.31128,0.603082049146
652000,0.682528,0.006176,0.311296,0.603498542274
653000,0.682376,0.006176,0.311448,0.60224906289
654000,0.682216,0.00612,0.311664,0.600791336943
655000,0.682016,0.006104,0.31188,0.599750104123
656000,0.681856,0.006072,0.312072,0.600166597251
657000,0.681592,0.006032,0.312376,0.600166597251
658000,0.681456,0.005984,0.31256,0.599333610995
659000,0.681408,0.005888,0.312704,0.601624323199
660000,0.681432,0.005872,0.312696,0.602873802582
661000,0.681304,0.00584,0.312856,0.601832569763
662000,0.681176,0.0058,0.313024,0.600166597251
663000,0.68128,0.005736,0.312984,0.598292378176
664000,0.681024,0.005696,0.31328,0.599333610995
665000,0.681,0.005664,0.313336,0.600583090379
666000,0.680904,0.005648,0.313448,0.601416076635
667000,0.680464,0.005632,0.313904,0.601832569763
668000,0.679992,0.005584,0.314424,0.600583090379
669000,0.679952,0.005552,0.314496,0.602040816327
670000,0.679992,0.005536,0.314472,0.602665556018
671000,0.679584,0.00548,0.314936,0.60329029571
672000,0.679424,0.00544,0.315136,0.603706788838
673000,0.679416,0.005416,0.315168,0.606205747605
674000,0.679064,0.00536,0.315576,0.605372761349
675000,0.678816,0.005304,0.31588,0.606622240733
676000,0.67848,0.00528,0.31624,0.607246980425
677000,0.67856,0.005232,0.316208,0.607246980425
678000,0.678512,0.005216,0.316272,0.607455226989
679000,0.67832,0.005176,0.316504,0.609537692628
680000,0.678168,0.005144,0.316688,0.607246980425
681000,0.677992,0.005096,0.316912,0.607871720117
682000,0.677864,0.005056,0.31708,0.610787172012
683000,0.677544,0.005,0.317456,0.609329446064
684000,0.677512,0.004944,0.317544,0.608079966681
685000,0.67704,0.004904,0.318056,0.608912952936
686000,0.676616,0.004872,0.318512,0.608912952936
687000,0.676408,0.00484,0.318752,0.608496459808
688000,0.676376,0.004776,0.318848,0.608288213244
689000,0.676072,0.004736,0.319192,0.607038733861
690000,0.675752,0.004704,0.319544,0.606413994169
691000,0.675776,0.004664,0.31956,0.606413994169
692000,0.675576,0.00464,0.319784,0.605581007913
693000,0.675216,0.004592,0.320192,0.605997501041
694000,0.675,0.004568,0.320432,0.606830487297
695000,0.674344,0.00452,0.321136,0.608704706372
696000,0.673952,0.004496,0.321552,0.610995418576
697000,0.673616,0.004488,0.321896,0.610995418576
698000,0.67344,0.004432,0.322128,0.608496459808
699000,0.67324,0.004432,0.322328,0.609954185756
700000,0.673184,0.004408,0.322408,0.612661391087
701000,0.672648,0.0044,0.322952,0.612244897959
702000,0.672352,0.004376,0.323272,0.612244897959
703000,0.671808,0.004344,0.323848,0.612244897959
704000,0.671304,0.004344,0.324352,0.611620158267
705000,0.671232,0.00432,0.324448,0.61016243232
706000,0.670944,0.00428,0.324776,0.610787172012
707000,0.670736,0.004264,0.325,0.611828404831
708000,0.670456,0.004232,0.325312,0.611411911703
709000,0.67044,0.0042,0.32536,0.611828404831
710000,0.670248,0.004168,0.325584,0.612036651395
711000,0.670056,0.00416,0.325784,0.614535610162
712000,0.669728,0.004128,0.326144,0.614119117035
713000,0.669576,0.004056,0.326368,0.61495210329
714000,0.6694,0.004,0.3266,0.612453144523
715000,0.669104,0.00396,0.326936,0.61495210329
716000,0.66892,0.003928,0.327152,0.612661391087
717000,0.668488,0.003904,0.327608,0.613702623907
718000,0.668224,0.003872,0.327904,0.61120366514
719000,0.667984,0.00384,0.328176,0.611828404831
720000,0.667792,0.003808,0.3284,0.614119117035
721000,0.667512,0.0038,0.328688,0.614327363599
722000,0.667136,0.003792,0.329072,0.614743856726
723000,0.666872,0.003776,0.329352,0.614119117035
724000,0.666904,0.003744,0.329352,0.613286130779
725000,0.666864,0.003728,0.329408,0.615160349854
726000,0.666528,0.003688,0.329784,0.61599333611
727000,0.666184,0.003688,0.330128,0.61495210329
728000,0.665768,0.003664,0.330568,0.614535610162
729000,0.66564,0.003632,0.330728,0.613077884215
730000,0.664936,0.003632,0.331432,0.612869637651
731000,0.664608,0.003632,0.33176,0.612453144523
732000,0.664232,0.0036,0.332168,0.6091211995
733000,0.66404,0.003568,0.332392,0.608496459808
734000,0.663768,0.00352,0.332712,0.607663473553
735000,0.663544,0.003536,0.33292,0.606622240733
736000,0.6632,0.003512,0.333288,0.605372761349
737000,0.662912,0.00348,0.333608,0.604956268222
738000,0.662752,0.003448,0.3338,0.606413994169
739000,0.662376,0.00344,0.334184,0.605581007913
740000,0.662352,0.003416,0.334232,0.603706788838
741000,0.66192,0.003392,0.334688,0.603706788838
742000,0.661864,0.003368,0.334768,0.602873802582
743000,0.661392,0.003344,0.335264,0.60224906289
744000,0.66088,0.003312,0.335808,0.600374843815
745000,0.660736,0.003304,0.33596,0.598708871304
746000,0.66024,0.003288,0.336472,0.598917117868
747000,0.659888,0.003256,0.336856,0.598084131612
748000,0.659536,0.00324,0.337224,0.597251145356
749000,0.659264,0.003224,0.337512,0.594335693461
750000,0.658712,0.003224,0.338064,0.594543940025
751000,0.658224,0.003208,0.338568,0.594127446897
752000,0.65772,0.003184,0.339096,0.594960433153
753000,0.657352,0.003168,0.33948,0.594960433153
754000,0.65716,0.003136,0.339704,0.596834652228
755000,0.656752,0.003136,0.340112,0.597251145356
756000,0.656376,0.003128,0.340496,0.596209912536
757000,0.655712,0.003096,0.341192,0.593710953769
758000,0.655536,0.003096,0.341368,0.594127446897
759000,0.654776,0.003072,0.342152,0.59162848813
760000,0.654328,0.003056,0.342616,0.592044981258
761000,0.654232,0.00304,0.342728,0.592461474386
762000,0.653824,0.002992,0.343184,0.591836734694
763000,0.653656,0.002976,0.343368,0.589337775927
764000,0.65344,0.002936,0.343624,0.588088296543
765000,0.653304,0.002912,0.343784,0.58683881716
766000,0.653088,0.002888,0.344024,0.589337775927
767000,0.652888,0.002872,0.34424,0.588921282799
768000,0.652504,0.002864,0.344632,0.591211995002
769000,0.652168,0.002848,0.344984,0.589962515618
770000,0.651664,0.00284,0.345496,0.591420241566
771000,0.65124,0.002856,0.345904,0.589754269055
772000,0.650712,0.00284,0.346448,0.589337775927
773000,0.650456,0.002816,0.346728,0.590379008746
774000,0.650184,0.002792,0.347024,0.589754269055
775000,0.649928,0.002776,0.347296,0.591211995002
776000,0.649896,0.00276,0.347344,0.59162848813
777000,0.649816,0.002744,0.34744,0.591420241566
778000,0.649184,0.00272,0.348096,0.593502707205
779000,0.648848,0.00272,0.348432,0.593919200333
780000,0.648496,0.002712,0.348792,0.594335693461
781000,0.648368,0.002696,0.348936,0.595585172845
782000,0.648136,0.002688,0.349176,0.597667638484
783000,0.647864,0.002664,0.349472,0.596209912536
784000,0.647472,0.002624,0.349904,0.595168679717
785000,0.647,0.002592,0.350408,0.59266972095
786000,0.646872,0.002552,0.350576,0.593502707205
787000,0.646712,0.002536,0.350752,0.593086214077
788000,0.646576,0.002552,0.350872,0.59162848813
789000,0.646104,0.002544,0.351352,0.591420241566
790000,0.645776,0.002528,0.351696,0.59058725531
791000,0.64544,0.002528,0.352032,0.588921282799
792000,0.644864,0.002488,0.352648,0.585172844648
793000,0.644256,0.00248,0.353264,0.584339858392
794000,0.643872,0.002456,0.353672,0.585172844648
795000,0.64336,0.002448,0.354192,0.584339858392
796000,0.642776,0.002424,0.3548,0.58475635152
797000,0.642568,0.002392,0.35504,0.585381091212
798000,0.642424,0.002376,0.3552,0.585589337776
799000,0.642152,0.002376,0.355472,0.583506872137
800000,0.64164,0.00236,0.356,0.582673885881
801000,0.641552,0.002328,0.35612,0.583090379009
802000,0.641,0.002304,0.356696,0.582673885881
803000,0.640536,0.00224,0.357224,0.584548104956
804000,0.639984,0.002232,0.357784,0.585381091212
805000,0.639728,0.002192,0.35808,0.58683881716
806000,0.63916,0.002176,0.358664,0.587880049979
807000,0.638608,0.002168,0.359224,0.58579758434
808000,0.638048,0.002152,0.3598,0.583298625573
809000,0.6374,0.002136,0.360464,0.582049146189
810000,0.63708,0.00212,0.3608,0.580174927114
811000,0.63688,0.002112,0.361008,0.578508954602
812000,0.636208,0.00212,0.361672,0.579133694294
813000,0.636176,0.002104,0.36172,0.579133694294
814000,0.635696,0.002096,0.362208,0.578508954602
815000,0.635104,0.002088,0.362808,0.57788421491
816000,0.63468,0.002088,0.363232,0.576218242399
817000,0.63428,0.00208,0.36364,0.576426488963
818000,0.63372,0.002088,0.364192,0.574968763015
819000,0.633304,0.00208,0.364616,0.576426488963
820000,0.632992,0.002064,0.364944,0.574760516451
821000,0.632752,0.002048,0.3652,0.574344023324
822000,0.63224,0.002048,0.365712,0.572886297376
823000,0.631728,0.00204,0.366232,0.572469804248
824000,0.631296,0.002032,0.366672,0.57205331112
825000,0.630816,0.002024,0.36716,0.57309454394
826000,0.630432,0.002024,0.367544,0.571845064556
827000,0.63004,0.002024,0.367936,0.571636817993
828000,0.629704,0.002008,0.368288,0.570595585173
829000,0.629272,0.001992,0.368736,0.571636817993
830000,0.629136,0.001984,0.36888,0.572886297376
831000,0.628976,0.001984,0.36904,0.573511037068
832000,0.62848,0.001968,0.369552,0.575177009579
833000,0.628064,0.001936,0.37,0.57309454394
834000,0.627656,0.001936,0.370408,0.572469804248
