1000,0.334536,0.333688,0.331776,0.333402748855
2000,0.335928,0.3324,0.331672,0.332361516035
3000,0.337408,0.33112,0.331472,0.331112036651
4000,0.33884,0.32992,0.33124,0.331112036651
5000,0.34084,0.32868,0.33048,0.330903790087
6000,0.342104,0.327424,0.330472,0.330903790087
7000,0.344072,0.325992,0.329936,0.331528529779
8000,0.345616,0.32476,0.329624,0.331528529779
9000,0.3472,0.323656,0.329144,0.331528529779
10000,0.348808,0.32248,0.328712,0.332778009163
11000,0.350128,0.32164,0.328232,0.333194502291
12000,0.351832,0.320488,0.32768,0.337151187005
13000,0.353448,0.319208,0.327344,0.33631820075
14000,0.355136,0.318048,0.326816,0.335485214494
15000,0.356592,0.316968,0.32644,0.337151187005
16000,0.358344,0.315952,0.325704,0.338400666389
17000,0.360168,0.31468,0.325152,0.339650145773
18000,0.361448,0.313704,0.324848,0.341940857976
19000,0.363216,0.312432,0.324352,0.3400666389
20000,0.364872,0.31148,0.323648,0.339233652645
21000,0.3664,0.31032,0.32328,0.3400666389
22000,0.36816,0.309216,0.322624,0.341940857976
23000,0.369912,0.308,0.322088,0.343606830487
24000,0.3714,0.306832,0.321768,0.343815077051
25000,0.37332,0.305488,0.321192,0.343398583923
26000,0.374984,0.304096,0.32092,0.342565597668
27000,0.376608,0.303136,0.320256,0.342357351104
28000,0.378336,0.302128,0.319536,0.341524364848
29000,0.380304,0.300816,0.31888,0.345481049563
30000,0.382088,0.299416,0.318496,0.345481049563
31000,0.38384,0.29828,0.31788,0.345481049563
32000,0.385528,0.297344,0.317128,0.345064556435
33000,0.387296,0.296208,0.316496,0.346105789254
34000,0.388808,0.295192,0.316,0.346730528946
35000,0.390672,0.293896,0.315432,0.34693877551
36000,0.392392,0.292968,0.31464,0.350270720533
37000,0.39432,0.291648,0.314032,0.349854227405
38000,0.395528,0.290744,0.313728,0.351936693045
39000,0.397056,0.2898,0.313144,0.352353186172
40000,0.39872,0.288808,0.312472,0.352561432736
41000,0.400408,0.287736,0.311856,0.352144939608
42000,0.401816,0.286848,0.311336,0.353602665556
43000,0.403384,0.285704,0.310912,0.355060391504
44000,0.404856,0.284656,0.310488,0.355893377759
45000,0.40656,0.283552,0.309888,0.355685131195
46000,0.408432,0.282472,0.309096,0.357975843399
47000,0.409912,0.281472,0.308616,0.359850062474
48000,0.411912,0.280328,0.30776,0.360474802166
49000,0.413408,0.279456,0.307136,0.362140774677
50000,0.415256,0.278408,0.306336,0.363182007497
51000,0.416656,0.277304,0.30604,0.363390254061
52000,0.418536,0.2762,0.305264,0.363182007497
53000,0.42016,0.275312,0.304528,0.366305705956
54000,0.422024,0.274352,0.303624,0.366722199084
55000,0.42368,0.273376,0.302944,0.364223240317
56000,0.425384,0.272392,0.302224,0.36443148688
57000,0.42736,0.271432,0.301208,0.365056226572
58000,0.428816,0.2708,0.300384,0.366930445648
59000,0.4306,0.269776,0.299624,0.369012911287
60000,0.432176,0.26888,0.298944,0.368596418159
61000,0.433856,0.268008,0.298136,0.370262390671
62000,0.435704,0.267016,0.29728,0.370887130362
63000,0.437048,0.266104,0.296848,0.370262390671
64000,0.438424,0.265368,0.296208,0.37130362349
65000,0.44008,0.264464,0.295456,0.371928363182
66000,0.4416,0.263576,0.294824,0.37234485631
67000,0.443056,0.262928,0.294016,0.372761349438
68000,0.444408,0.262176,0.293416,0.371928363182
69000,0.445976,0.261256,0.292768,0.371511870054
70000,0.447464,0.2604,0.292136,0.372553102874
71000,0.448936,0.25976,0.291304,0.373802582257
72000,0.450728,0.258592,0.29068,0.374427321949
73000,0.45248,0.257848,0.289672,0.374010828821
74000,0.454088,0.256832,0.28908,0.373802582257
75000,0.455656,0.25584,0.288504,0.37234485631
76000,0.457408,0.254832,0.28776,0.372761349438
77000,0.45872,0.254272,0.287008,0.373177842566
78000,0.4602,0.253392,0.286408,0.376509787589
79000,0.462048,0.25248,0.285472,0.377967513536
80000,0.463688,0.251688,0.284624,0.375052061641
81000,0.465072,0.250968,0.28396,0.374635568513
82000,0.46692,0.250064,0.283016,0.374010828821
83000,0.468392,0.249176,0.282432,0.374635568513
84000,0.470104,0.24848,0.281416,0.375885047897
85000,0.47172,0.247704,0.280576,0.375885047897
86000,0.473472,0.246832,0.279696,0.378592253228
87000,0.47524,0.24576,0.279,0.380049979175
88000,0.4764,0.245264,0.278336,0.380674718867
89000,0.478136,0.244512,0.277352,0.380049979175
90000,0.479672,0.2438,0.276528,0.381299458559
91000,0.481512,0.242792,0.275696,0.382757184506
92000,0.48316,0.241992,0.274848,0.381507705123
93000,0.484752,0.241216,0.274032,0.380466472303
94000,0.486104,0.240608,0.273288,0.380674718867
95000,0.487928,0.239672,0.2724,0.381299458559
96000,0.489408,0.239216,0.271376,0.381299458559
97000,0.490848,0.238624,0.270528,0.379841732611
98000,0.49228,0.238032,0.269688,0.380466472303
99000,0.493664,0.237384,0.268952,0.378800499792
100000,0.495328,0.236568,0.268104,0.379008746356
101000,0.49692,0.235768,0.267312,0.3781757601
102000,0.498256,0.235024,0.26672,0.380882965431
103000,0.499456,0.234456,0.266088,0.381507705123
104000,0.500952,0.233968,0.26508,0.383173677634
105000,0.50252,0.233304,0.264176,0.380049979175
106000,0.504072,0.232472,0.263456,0.382132444815
107000,0.5052,0.232056,0.262744,0.383173677634
108000,0.50652,0.231368,0.262112,0.38504789671
109000,0.508176,0.230712,0.261112,0.385256143274
110000,0.509904,0.230088,0.260008,0.387130362349
111000,0.511488,0.229448,0.259064,0.38879633486
112000,0.512712,0.22904,0.258248,0.391503540192
113000,0.514464,0.228184,0.257352,0.391503540192
114000,0.516056,0.227512,0.256432,0.393794252395
115000,0.517296,0.227144,0.25556,0.394418992087
116000,0.518728,0.226512,0.25476,0.394418992087
117000,0.52008,0.225936,0.253984,0.39566847147
118000,0.521736,0.22516,0.253104,0.398792169929
119000,0.523248,0.224488,0.252264,0.401082882132
120000,0.5248,0.223816,0.251384,0.399000416493
121000,0.526296,0.223192,0.250512,0.400041649313
122000,0.527688,0.222568,0.249744,0.401082882132
123000,0.529136,0.221952,0.248912,0.400041649313
124000,0.530832,0.221216,0.247952,0.400874635569
125000,0.532104,0.2208,0.247096,0.40254060808
126000,0.533512,0.220376,0.246112,0.402957101208
127000,0.534992,0.219784,0.245224,0.402957101208
128000,0.53676,0.219008,0.244232,0.403998334027
129000,0.538256,0.218408,0.243336,0.407122032486
130000,0.539432,0.217936,0.242632,0.40941274469
131000,0.540832,0.2174,0.241768,0.410245730945
132000,0.541952,0.21724,0.240808,0.410662224073
133000,0.543272,0.216912,0.239816,0.411911703457
134000,0.5446,0.21628,0.23912,0.412744689713
135000,0.546128,0.215712,0.23816,0.415451895044
136000,0.547512,0.21544,0.237048,0.416076634736
137000,0.548904,0.21472,0.236376,0.417950853811
138000,0.550184,0.214432,0.235384,0.420866305706
139000,0.551656,0.213984,0.23436,0.423157017909
140000,0.553016,0.213416,0.233568,0.423990004165
141000,0.554344,0.212896,0.23276,0.422740524781
142000,0.555472,0.212544,0.231984,0.423365264473
143000,0.556864,0.211888,0.231248,0.422740524781
144000,0.558064,0.211632,0.230304,0.422948771345
145000,0.559184,0.211336,0.22948,0.425655976676
146000,0.560456,0.210904,0.22864,0.426072469804
147000,0.561584,0.2106,0.227816,0.429820907955
148000,0.562848,0.210104,0.227048,0.43169512703
149000,0.563936,0.20968,0.226384,0.430862140775
150000,0.56504,0.209312,0.225648,0.430445647647
151000,0.56604,0.20896,0.225,0.430862140775
152000,0.567456,0.208472,0.224072,0.430029154519
153000,0.56864,0.207952,0.223408,0.432528113286
154000,0.56992,0.207336,0.222744,0.435235318617
155000,0.57116,0.207,0.22184,0.437942523948
156000,0.572264,0.206624,0.221112,0.437942523948
157000,0.57348,0.206256,0.220264,0.438150770512
158000,0.5746,0.205872,0.219528,0.438359017076
159000,0.5758,0.20552,0.21868,0.438775510204
160000,0.57668,0.20524,0.21808,0.440441482716
161000,0.577904,0.204968,0.217128,0.440857975843
162000,0.579184,0.204608,0.216208,0.440441482716
163000,0.580488,0.20424,0.215272,0.441066222407
164000,0.581648,0.203952,0.2144,0.442940441483
165000,0.583096,0.203432,0.213472,0.445647646814
166000,0.584024,0.203264,0.212712,0.446688879633
167000,0.585072,0.203064,0.211864,0.446897126197
168000,0.58636,0.202704,0.210936,0.449812578092
169000,0.587648,0.202296,0.210056,0.45231153686
170000,0.588672,0.202048,0.20928,0.451686797168
171000,0.589976,0.20168,0.208344,0.452936276551
172000,0.5912,0.20136,0.20744,0.453561016243
173000,0.592256,0.201064,0.20668,0.454810495627
174000,0.593232,0.200832,0.205936,0.455018742191
175000,0.594128,0.20084,0.205032,0.456268221574
176000,0.59528,0.200312,0.204408,0.455226988755
177000,0.596296,0.200016,0.203688,0.455851728446
178000,0.597272,0.19972,0.203008,0.456684714702
179000,0.598088,0.199456,0.202456,0.455435235319
180000,0.599144,0.199096,0.20176,0.455643481883
181000,0.600064,0.198928,0.201008,0.457934194086
182000,0.600952,0.198712,0.200336,0.45814244065
183000,0.602,0.198336,0.199664,0.459808413161
184000,0.603016,0.197992,0.198992,0.458558933778
185000,0.604376,0.19756,0.198064,0.457725947522
186000,0.605336,0.197456,0.197208,0.460641399417
187000,0.606352,0.197136,0.196512,0.46293211162
188000,0.607144,0.19704,0.195816,0.46293211162
189000,0.608136,0.196688,0.195176,0.463765097876
190000,0.609304,0.196512,0.194184,0.464598084132
191000,0.610336,0.196344,0.19332,0.467930029155
192000,0.611264,0.196096,0.19264,0.468971261974
193000,0.611984,0.196112,0.191904,0.468554768846
194000,0.612576,0.195944,0.19148,0.470428987922
195000,0.61352,0.195752,0.190728,0.471678467305
196000,0.614488,0.19552,0.189992,0.472927946689
197000,0.615296,0.195176,0.189528,0.471470220741
198000,0.616384,0.19484,0.188776,0.471678467305
199000,0.617416,0.194488,0.188096,0.473969179509
200000,0.618144,0.194432,0.187424,0.473969179509
201000,0.619248,0.19408,0.186672,0.472927946689
202000,0.6202,0.193792,0.186008,0.473552686381
203000,0.62132,0.19352,0.18516,0.474385672636
204000,0.622368,0.193216,0.184416,0.475426905456
205000,0.6228,0.193352,0.183848,0.473760932945
206000,0.623848,0.193128,0.183024,0.473344439817
207000,0.6248,0.193056,0.182144,0.472511453561
208000,0.625656,0.19272,0.181624,0.473969179509
209000,0.626304,0.192624,0.181072,0.474177426072
210000,0.62708,0.19264,0.18028,0.477301124531
211000,0.628,0.192344,0.179656,0.478134110787
212000,0.628608,0.192248,0.179144,0.478758850479
213000,0.62924,0.192272,0.178488,0.478550603915
214000,0.629912,0.192208,0.17788,0.479591836735
215000,0.63048,0.192112,0.177408,0.479800083299
216000,0.631592,0.191936,0.176472,0.480633069554
217000,0.632336,0.192104,0.17556,0.481257809246
218000,0.632928,0.192128,0.174944,0.480633069554
219000,0.633856,0.19188,0.174264,0.482715535194
220000,0.63476,0.191656,0.173584,0.483965014577
221000,0.635584,0.191752,0.172664,0.485006247397
222000,0.63608,0.191816,0.172104,0.483965014577
223000,0.63692,0.191704,0.171376,0.485630987089
224000,0.637776,0.191512,0.170712,0.483965014577
225000,0.63876,0.191328,0.169912,0.485214493961
226000,0.639368,0.191392,0.16924,0.486672219908
227000,0.63996,0.1914,0.16864,0.486047480217
228000,0.640496,0.191408,0.168096,0.488129945856
229000,0.64128,0.191288,0.167432,0.487921699292
230000,0.642304,0.191184,0.166512,0.487713452728
231000,0.643336,0.190968,0.165696,0.487713452728
232000,0.64416,0.190768,0.165072,0.492294877135
233000,0.64508,0.190704,0.164216,0.493336109954
234000,0.645776,0.19068,0.163544,0.491878384007
235000,0.64624,0.190928,0.162832,0.493544356518
236000,0.646784,0.191048,0.162168,0.49521032903
237000,0.647784,0.1908,0.161416,0.497917534361
238000,0.648368,0.19084,0.160792,0.496459808413
239000,0.649184,0.190696,0.16012,0.497709287797
240000,0.650016,0.19064,0.159344,0.501249479384
241000,0.650376,0.19072,0.158904,0.499791753436
242000,0.650752,0.190896,0.158352,0.500624739692
243000,0.651704,0.1906,0.157696,0.504164931279
244000,0.652768,0.190224,0.157008,0.503956684715
245000,0.653232,0.190392,0.156376,0.502707205331
246000,0.65384,0.190224,0.155936,0.504164931279
247000,0.65472,0.190032,0.155248,0.509371095377
248000,0.655272,0.189944,0.154784,0.509579341941
249000,0.656096,0.189904,0.154,0.51166180758
250000,0.656912,0.189696,0.153392,0.512286547272
251000,0.657576,0.189568,0.152856,0.513327780092
252000,0.657968,0.189632,0.1524,0.514160766347
253000,0.658704,0.189472,0.151824,0.516243231987
254000,0.659144,0.189632,0.151224,0.515826738859
255000,0.659976,0.189472,0.150552,0.516867971678
256000,0.660344,0.189528,0.150128,0.518117451062
257000,0.660864,0.189664,0.149472,0.518117451062
258000,0.661552,0.189752,0.148696,0.521032902957
259000,0.662152,0.189688,0.14816,0.521865889213
260000,0.66252,0.18984,0.14764,0.522282382341
261000,0.66332,0.189672,0.147008,0.523531861724
262000,0.663824,0.189768,0.146408,0.52332361516
263000,0.66452,0.189656,0.145824,0.520824656393
264000,0.665248,0.189672,0.14508,0.521657642649
265000,0.665736,0.189768,0.144496,0.523115368596
266000,0.666072,0.189944,0.143984,0.524989587672
267000,0.666704,0.189904,0.143392,0.528113286131
268000,0.666904,0.190032,0.143064,0.525197834236
269000,0.667648,0.190024,0.142328,0.522074135777
270000,0.668072,0.190168,0.14176,0.523740108288
271000,0.66868,0.190104,0.141216,0.524573094544
272000,0.669168,0.190128,0.140704,0.527488546439
273000,0.669656,0.190344,0.14,0.527072053311
274000,0.670152,0.190448,0.1394,0.526239067055
275000,0.670792,0.190472,0.138736,0.523948354852
276000,0.67116,0.190592,0.138248,0.523948354852
277000,0.671536,0.190816,0.137648,0.522074135777
278000,0.672016,0.190888,0.137096,0.522490628905
279000,0.67248,0.190912,0.136608,0.524989587672
280000,0.67332,0.190736,0.135944,0.526863806747
281000,0.673856,0.190832,0.135312,0.527072053311
282000,0.674272,0.191072,0.134656,0.52915451895
283000,0.674808,0.191376,0.133816,0.529571012078
284000,0.675208,0.19156,0.133232,0.530820491462
285000,0.67604,0.191464,0.132496,0.532486463973
286000,0.676464,0.19156,0.131976,0.532902957101
287000,0.677,0.1916,0.1314,0.535610162432
288000,0.677392,0.191768,0.13084,0.534152436485
289000,0.677704,0.191912,0.130384,0.532069970845
290000,0.6782,0.191928,0.129872,0.530820491462
291000,0.678712,0.19204,0.129248,0.530820491462
292000,0.679232,0.192272,0.128496,0.534152436485
293000,0.679744,0.192408,0.127848,0.534777176177
294000,0.680144,0.192496,0.12736,0.535193669304
295000,0.680272,0.192912,0.126816,0.536234902124
296000,0.680824,0.192968,0.126208,0.536443148688
297000,0.681176,0.193064,0.12576,0.534568929613
298000,0.681512,0.19324,0.125248,0.534985422741
299000,0.681824,0.193424,0.124752,0.538942107455
300000,0.682224,0.193608,0.124168,0.540399833403
301000,0.682688,0.193632,0.12368,0.541649312786
302000,0.682928,0.1938,0.123272,0.544773011245
303000,0.683528,0.193744,0.122728,0.544773011245
304000,0.683896,0.193816,0.122288,0.542274052478
305000,0.684408,0.193776,0.121816,0.541232819658
306000,0.6848,0.193888,0.121312,0.540816326531
307000,0.684992,0.194184,0.120824,0.5381091212
308000,0.68524,0.194328,0.120432,0.536859641816
309000,0.685888,0.194248,0.119864,0.537900874636
310000,0.686344,0.19416,0.119496,0.539566847147
311000,0.686576,0.194488,0.118936,0.53706788838
312000,0.687,0.194488,0.118512,0.536234902124
313000,0.687704,0.194304,0.117992,0.536234902124
314000,0.688408,0.194192,0.1174,0.533944189921
315000,0.688944,0.194208,0.116848,0.532694710537
316000,0.689272,0.194384,0.116344,0.532486463973
317000,0.689344,0.194824,0.115832,0.53602665556
318000,0.689616,0.195024,0.11536,0.537484381508
319000,0.689952,0.195176,0.114872,0.537276134944
320000,0.690368,0.195136,0.114496,0.540399833403
321000,0.690968,0.195016,0.114016,0.541024573095
322000,0.691416,0.195064,0.11352,0.542274052478
323000,0.691968,0.195104,0.112928,0.542274052478
324000,0.692112,0.195384,0.112504,0.543107038734
325000,0.692352,0.195608,0.11204,0.544356518117
326000,0.692696,0.195712,0.111592,0.545814244065
327000,0.692976,0.195848,0.111176,0.547063723449
328000,0.693288,0.195976,0.110736,0.545605997501
329000,0.693704,0.196208,0.110088,0.546438983757
330000,0.693976,0.196304,0.10972,0.549146189088
331000,0.694216,0.196576,0.109208,0.550395668471
332000,0.69468,0.196424,0.108896,0.549979175344
333000,0.695064,0.196424,0.108512,0.550187421908
334000,0.695656,0.196336,0.108008,0.551645147855
335000,0.69564,0.196696,0.107664,0.552686380675
336000,0.695928,0.196944,0.107128,0.551645147855
337000,0.696144,0.197104,0.106752,0.552269887547
338000,0.696176,0.19728,0.106544,0.550812161599
339000,0.696488,0.197368,0.106144,0.550603915035
340000,0.696792,0.19748,0.105728,0.549979175344
341000,0.696992,0.19784,0.105168,0.551645147855
342000,0.697264,0.198,0.104736,0.552269887547
343000,0.697712,0.198048,0.10424,0.552686380675
344000,0.697784,0.19816,0.104056,0.553727613494
345000,0.698272,0.198272,0.103456,0.553311120367
346000,0.698272,0.198752,0.102976,0.55351936693
347000,0.69876,0.198728,0.102512,0.554352353186
348000,0.699088,0.198632,0.10228,0.558100791337
349000,0.699176,0.198968,0.101856,0.558100791337
350000,0.699424,0.19908,0.101496,0.558517284465
351000,0.69984,0.199088,0.101072,0.559142024157
352000,0.70016,0.199176,0.100664,0.558309037901
353000,0.70056,0.199256,0.100184,0.558725531029
354000,0.700776,0.199328,0.099896,0.558517284465
355000,0.701168,0.199352,0.09948,0.559766763848
356000,0.701256,0.199688,0.099056,0.559975010412
357000,0.701408,0.199808,0.098784,0.558309037901
358000,0.701456,0.200072,0.098472,0.556018325698
359000,0.701712,0.20024,0.098048,0.556018325698
360000,0.702016,0.20036,0.097624,0.557892544773
361000,0.70216,0.200616,0.097224,0.557476051645
362000,0.702752,0.2004,0.096848,0.560807996668
363000,0.703184,0.200464,0.096352,0.562682215743
364000,0.703424,0.200608,0.095968,0.562265722616
365000,0.7036,0.200704,0.095696,0.562265722616
366000,0.703688,0.200904,0.095408,0.563306955435
367000,0.703712,0.201176,0.095112,0.564764681383
368000,0.703912,0.201408,0.09468,0.563931695127
369000,0.703968,0.201696,0.094336,0.561224489796
370000,0.704168,0.201928,0.093904,0.564139941691
371000,0.704264,0.202264,0.093472,0.566014160766
372000,0.704608,0.202336,0.093056,0.56622240733
373000,0.704904,0.202336,0.09276,0.567888379842
374000,0.704904,0.202592,0.092504,0.567680133278
375000,0.705208,0.20272,0.092072,0.569137859225
376000,0.705576,0.202776,0.091648,0.570179092045
377000,0.705672,0.203064,0.091264,0.568513119534
378000,0.705848,0.203216,0.090936,0.568096626406
379000,0.70576,0.203576,0.090664,0.56830487297
380000,0.70596,0.203728,0.090312,0.567680133278
381000,0.706096,0.20392,0.089984,0.568929612661
382000,0.706112,0.20432,0.089568,0.568721366097
383000,0.70628,0.204504,0.089216,0.570179092045
384000,0.706344,0.204832,0.088824,0.569970845481
385000,0.706584,0.20492,0.088496,0.57205331112
386000,0.706904,0.205016,0.08808,0.570595585173
387000,0.707264,0.20508,0.087656,0.571428571429
388000,0.70744,0.205272,0.087288,0.572678050812
389000,0.707352,0.20568,0.086968,0.572678050812
390000,0.707496,0.205904,0.0866,0.57413577676
391000,0.707512,0.20624,0.086248,0.572469804248
392000,0.70784,0.20624,0.08592,0.573302790504
393000,0.707856,0.206568,0.085576,0.574760516451
394000,0.707736,0.206912,0.085352,0.573302790504
395000,0.70784,0.20712,0.08504,0.575177009579
396000,0.707848,0.207488,0.084664,0.575385256143
397000,0.707784,0.20776,0.084456,0.576218242399
398000,0.707744,0.208104,0.084152,0.574760516451
399000,0.707824,0.208248,0.083928,0.573302790504
400000,0.70796,0.208488,0.083552,0.573927530196
401000,0.707944,0.208896,0.08316,0.573927530196
402000,0.70808,0.209096,0.082824,0.575385256143
403000,0.708296,0.209192,0.082512,0.57413577676
404000,0.708208,0.209568,0.082224,0.574760516451
405000,0.708336,0.20996,0.081704,0.573719283632
406000,0.708608,0.210088,0.081304,0.573719283632
407000,0.708832,0.210232,0.080936,0.572678050812
408000,0.708616,0.210656,0.080728,0.571845064556
409000,0.709024,0.210584,0.080392,0.571428571429
410000,0.709152,0.210856,0.079992,0.573719283632
411000,0.709232,0.211056,0.079712,0.573719283632
412000,0.709072,0.211544,0.079384,0.573927530196
413000,0.709192,0.211632,0.079176,0.577259475219
414000,0.709304,0.211872,0.078824,0.577051228655
415000,0.709448,0.212104,0.078448,0.577259475219
416000,0.709512,0.212368,0.07812,0.57788421491
417000,0.7094,0.212808,0.077792,0.57892544773
418000,0.709472,0.213112,0.077416,0.577259475219
419000,0.709616,0.213336,0.077048,0.576842982091
420000,0.709696,0.213616,0.076688,0.578300708038
421000,0.710064,0.213552,0.076384,0.579550187422
422000,0.709904,0.213984,0.076112,0.580799666805
423000,0.710336,0.214008,0.075656,0.583298625573
424000,0.710656,0.214008,0.075336,0.583090379009
425000,0.71116,0.213768,0.075072,0.582465639317
426000,0.711512,0.213784,0.074704,0.57996668055
427000,0.711648,0.214072,0.07428,0.581632653061
428000,0.711952,0.214248,0.0738,0.580591420242
429000,0.711928,0.214672,0.0734,0.580174927114
430000,0.712016,0.214744,0.07324,0.580174927114
431000,0.71196,0.215008,0.073032,0.580591420242
432000,0.7118,0.215512,0.072688,0.581632653061
433000,0.711632,0.215864,0.072504,0.581632653061
434000,0.71176,0.216016,0.072224,0.580383173678
435000,0.711776,0.216296,0.071928,0.578508954602
436000,0.712008,0.21644,0.071552,0.57788421491
437000,0.711976,0.216784,0.07124,0.577051228655
438000,0.71204,0.217056,0.070904,0.57892544773
439000,0.711896,0.217552,0.070552,0.578300708038
440000,0.711768,0.21796,0.070272,0.57892544773
441000,0.711944,0.218056,0.07,0.580174927114
442000,0.7118,0.218544,0.069656,0.579133694294
443000,0.71208,0.218584,0.069336,0.580383173678
444000,0.712064,0.218984,0.068952,0.579133694294
445000,0.7122,0.21912,0.06868,0.575593502707
446000,0.712328,0.219336,0.068336,0.574968763015
447000,0.712368,0.219648,0.067984,0.573511037068
448000,0.71232,0.220016,0.067664,0.576426488963
449000,0.7122,0.220264,0.067536,0.57788421491
450000,0.712152,0.220608,0.06724,0.578300708038
451000,0.71204,0.220864,0.067096,0.579341940858
452000,0.712264,0.220856,0.06688,0.576009995835
453000,0.7124,0.22096,0.06664,0.57309454394
454000,0.712184,0.221408,0.066408,0.572469804248
455000,0.71216,0.221728,0.066112,0.573302790504
456000,0.712008,0.222176,0.065816,0.572678050812
457000,0.712136,0.2224,0.065464,0.572678050812
458000,0.712016,0.222736,0.065248,0.573511037068
459000,0.712008,0.223032,0.06496,0.57309454394
460000,0.71196,0.223328,0.064712,0.57205331112
461000,0.7122,0.223384,0.064416,0.571220324865
462000,0.712008,0.223912,0.06408,0.570595585173
463000,0.712296,0.223816,0.063888,0.572678050812
464000,0.712312,0.224088,0.0636,0.571845064556
465000,0.712344,0.224272,0.063384,0.573719283632
466000,0.712664,0.224336,0.063,0.576426488963
467000,0.712816,0.224408,0.062776,0.578300708038
468000,0.713104,0.224408,0.062488,0.576426488963
469000,0.712752,0.22488,0.062368,0.576634735527
470000,0.71264,0.225136,0.062224,0.576634735527
471000,0.712712,0.22532,0.061968,0.577259475219
472000,0.712936,0.225352,0.061712,0.576842982091
473000,0.712896,0.225504,0.0616,0.576426488963
474000,0.712936,0.225624,0.06144,0.57413577676
475000,0.71304,0.22572,0.06124,0.574968763015
476000,0.713008,0.225976,0.061016,0.575385256143
477000,0.712784,0.226496,0.06072,0.575177009579
478000,0.713008,0.22664,0.060352,0.575385256143
479000,0.7132,0.226624,0.060176,0.574968763015
480000,0.713512,0.22668,0.059808,0.573302790504
481000,0.713632,0.226896,0.059472,0.575593502707
482000,0.713328,0.227424,0.059248,0.577467721783
483000,0.713384,0.227584,0.059032,0.577467721783
484000,0.713616,0.227656,0.058728,0.579550187422
485000,0.713216,0.22836,0.058424,0.57892544773
486000,0.713072,0.228776,0.058152,0.579758433986
487000,0.713008,0.22908,0.057912,0.578717201166
488000,0.713072,0.229288,0.05764,0.577051228655
489000,0.713,0.22964,0.05736,0.576634735527
490000,0.713112,0.229672,0.057216,0.57788421491
491000,0.713,0.229936,0.057064,0.578717201166
492000,0.71304,0.2302,0.05676,0.578092461474
493000,0.713104,0.23044,0.056456,0.578300708038
494000,0.713048,0.23068,0.056272,0.578300708038
495000,0.712936,0.231152,0.055912,0.57996668055
496000,0.713096,0.231112,0.055792,0.580591420242
497000,0.713088,0.231368,0.055544,0.579133694294
498000,0.71308,0.231656,0.055264,0.579341940858
499000,0.713344,0.231568,0.055088,0.579133694294
500000,0.713216,0.231968,0.054816,0.57788421491
501000,0.713224,0.232192,0.054584,0.579133694294
502000,0.713536,0.232232,0.054232,0.579758433986
503000,0.713736,0.232184,0.05408,0.579550187422
504000,0.714032,0.232088,0.05388,0.579133694294
505000,0.713976,0.2324,0.053624,0.579550187422
506000,0.71408,0.23252,0.0534,0.579341940858
507000,0.714136,0.232816,0.053048,0.580591420242
508000,0.714216,0.233056,0.052728,0.580383173678
509000,0.714272,0.233176,0.052552,0.582049146189
510000,0.714224,0.233336,0.05244,0.582465639317
511000,0.714152,0.233656,0.052192,0.583923365264
512000,0.714248,0.2338,0.051952,0.585381091212
513000,0.714432,0.233856,0.051712,0.586422324032
514000,0.714464,0.233976,0.05156,0.586422324032
515000,0.714496,0.234216,0.051288,0.586422324032
516000,0.71456,0.234384,0.051056,0.583715118701
517000,0.714624,0.23456,0.050816,0.582465639317
518000,0.714552,0.234848,0.0506,0.584339858392
519000,0.714312,0.235264,0.050424,0.583715118701
520000,0.714448,0.23532,0.050232,0.586422324032
521000,0.714512,0.235392,0.050096,0.587880049979
522000,0.714832,0.235328,0.04984,0.586630570596
523000,0.714752,0.235672,0.049576,0.587463556851
524000,0.714896,0.235664,0.04944,0.588504789671
525000,0.714624,0.23608,0.049296,0.588296543107
526000,0.714608,0.23636,0.049032,0.588713036235
527000,0.714768,0.236496,0.048736,0.588088296543
528000,0.71488,0.236576,0.048544,0.588296543107
529000,0.714856,0.236728,0.048416,0.587047063723
530000,0.714896,0.237032,0.048072,0.58683881716
531000,0.714952,0.237184,0.047864,0.588296543107
532000,0.71476,0.237432,0.047808,0.58683881716
533000,0.714624,0.237712,0.047664,0.587671803415
534000,0.71444,0.238056,0.047504,0.587880049979
535000,0.7144,0.238288,0.047312,0.590379008746
536000,0.714408,0.23844,0.047152,0.589962515618
537000,0.714208,0.238744,0.047048,0.590379008746
538000,0.714104,0.239056,0.04684,0.59058725531
539000,0.714256,0.239232,0.046512,0.588921282799
540000,0.714024,0.239616,0.04636,0.59058725531
541000,0.713872,0.239952,0.046176,0.589754269055
542000,0.71348,0.240472,0.046048,0.589546022491
543000,0.7134,0.240736,0.045864,0.592253227822
544000,0.71344,0.240928,0.045632,0.593086214077
545000,0.713368,0.24128,0.045352,0.590379008746
546000,0.713344,0.241504,0.045152,0.589962515618
547000,0.71352,0.241528,0.044952,0.590795501874
548000,0.713472,0.241808,0.04472,0.591211995002
549000,0.713152,0.242176,0.044672,0.589546022491
550000,0.713216,0.242256,0.044528,0.587463556851
551000,0.713224,0.242448,0.044328,0.587880049979
552000,0.713056,0.242712,0.044232,0.587047063723
553000,0.713088,0.242968,0.043944,0.588088296543
554000,0.712784,0.2434,0.043816,0.587880049979
555000,0.712888,0.243424,0.043688,0.587671803415
556000,0.712792,0.243744,0.043464,0.586630570596
557000,0.712584,0.244032,0.043384,0.586005830904
558000,0.712472,0.244264,0.043264,0.586005830904
559000,0.712304,0.244616,0.04308,0.58683881716
560000,0.712512,0.244592,0.042896,0.588088296543
561000,0.712248,0.245096,0.042656,0.588088296543
562000,0.712008,0.245544,0.042448,0.587255310287
563000,0.711984,0.245712,0.042304,0.586005830904
564000,0.711912,0.245976,0.042112,0.586630570596
565000,0.71176,0.24636,0.04188,0.588088296543
566000,0.71164,0.246648,0.041712,0.586630570596
567000,0.711248,0.247192,0.04156,0.589129529363
568000,0.711352,0.24728,0.041368,0.589754269055
569000,0.711288,0.247616,0.041096,0.589962515618
570000,0.711144,0.24788,0.040976,0.591003748438
571000,0.711256,0.248,0.040744,0.591836734694
572000,0.710904,0.2484,0.040696,0.590170762182
573000,0.710568,0.248736,0.040696,0.591420241566
574000,0.710504,0.24892,0.040576,0.588713036235
575000,0.71044,0.249288,0.040272,0.587255310287
576000,0.710432,0.249432,0.040136,0.589962515618
577000,0.710096,0.249848,0.040056,0.590795501874
578000,0.709992,0.250032,0.039976,0.589129529363
579000,0.710128,0.25,0.039872,0.588504789671
580000,0.70996,0.250424,0.039616,0.587463556851
581000,0.70992,0.250712,0.039368,0.588713036235
582000,0.709848,0.250944,0.039208,0.587463556851
583000,0.71,0.251104,0.038896,0.587255310287
584000,0.710016,0.25124,0.038744,0.58683881716
585000,0.709928,0.251544,0.038528,0.588921282799
586000,0.709624,0.252,0.038376,0.590379008746
587000,0.709592,0.252184,0.038224,0.589754269055
588000,0.709176,0.252792,0.038032,0.590379008746
589000,0.709096,0.253128,0.037776,0.588921282799
590000,0.708912,0.253368,0.03772,0.590170762182
591000,0.708744,0.253648,0.037608,0.59058725531
592000,0.708736,0.253864,0.0374,0.59058725531
593000,0.708496,0.25424,0.037264,0.589754269055
594000,0.70832,0.254552,0.037128,0.59058725531
595000,0.708376,0.254656,0.036968,0.590170762182
596000,0.708488,0.254744,0.036768,0.59162848813
597000,0.708248,0.255088,0.036664,0.591836734694
598000,0.707664,0.255728,0.036608,0.59162848813
599000,0.707392,0.256072,0.036536,0.592461474386
600000,0.707312,0.256312,0.036376,0.593294460641
601000,0.70708,0.256768,0.036152,0.594960433153
602000,0.707456,0.256512,0.036032,0.593919200333
603000,0.707248,0.256904,0.035848,0.593502707205
604000,0.707192,0.257184,0.035624,0.592877967514
605000,0.707392,0.25716,0.035448,0.595793419409
606000,0.707192,0.257456,0.035352,0.595376926281
607000,0.707328,0.257488,0.035184,0.596001665973
608000,0.7072,0.257768,0.035032,0.594127446897
609000,0.707016,0.258152,0.034832,0.594752186589
610000,0.70716,0.258216,0.034624,0.596626405664
611000,0.707288,0.258312,0.0344,0.595585172845
612000,0.707232,0.258512,0.034256,0.596834652228
613000,0.707144,0.258776,0.03408,0.599333610995
614000,0.707032,0.25904,0.033928,0.601832569763
615000,0.707032,0.259096,0.033872,0.601832569763
616000,0.70712,0.259136,0.033744,0.601207830071
617000,0.707064,0.259256,0.03368,0.60329029571
618000,0.707024,0.259464,0.033512,0.602665556018
619000,0.706872,0.259784,0.033344,0.600999583507
620000,0.707016,0.259848,0.033136,0.599958350687
621000,0.706992,0.259968,0.03304,0.600791336943
622000,0.706824,0.260184,0.032992,0.601624323199
623000,0.706768,0.260448,0.032784,0.601416076635
624000,0.706864,0.260488,0.032648,0.601624323199
625000,0.706616,0.260848,0.032536,0.600583090379
626000,0.706568,0.26104,0.032392,0.600374843815
627000,0.706504,0.261288,0.032208,0.600791336943
628000,0.706496,0.261392,0.032112,0.601624323199
629000,0.70668,0.261344,0.031976,0.599333610995
630000,0.706552,0.26156,0.031888,0.600583090379
631000,0.706408,0.261808,0.031784,0.600583090379
632000,0.706504,0.261856,0.03164,0.60224906289
633000,0.706624,0.261928,0.031448,0.597667638484
634000,0.706376,0.262352,0.031272,0.596834652228
635000,0.706424,0.262496,0.03108,0.596001665973
636000,0.706456,0.26264,0.030904,0.596209912536
637000,0.706464,0.262792,0.030744,0.5964181591
638000,0.706624,0.262736,0.03064,0.59745939192
639000,0.706296,0.263136,0.030568,0.599750104123
640000,0.706376,0.263136,0.030488,0.603915035402
641000,0.706048,0.2636,0.030352,0.604956268222
642000,0.705832,0.263952,0.030216,0.603498542274
643000,0.705896,0.264024,0.03008,0.600791336943
644000,0.705744,0.264416,0.02984,0.601207830071
645000,0.705656,0.2646,0.029744,0.601207830071
646000,0.705568,0.264832,0.0296,0.599750104123
647000,0.705296,0.265248,0.029456,0.599750104123
648000,0.705032,0.265576,0.029392,0.600999583507
649000,0.704784,0.265896,0.02932,0.601207830071
650000,0.704816,0.266112,0.029072,0.602665556018
651000,0.704744,0.26628,0.028976,0.601416076635
652000,0.704608,0.266608,0.028784,0.604123281966
653000,0.704784,0.266664,0.028552,0.605997501041
654000,0.704216,0.267368,0.028416,0.60329029571
655000,0.704168,0.267512,0.02832,0.601207830071
656000,0.70424,0.267568,0.028192,0.601207830071
657000,0.704336,0.267632,0.028032,0.601832569763
658000,0.704216,0.267816,0.027968,0.60329029571
659000,0.704144,0.26796,0.027896,0.604956268222
660000,0.704104,0.268144,0.027752,0.60433152853
661000,0.704288,0.268064,0.027648,0.605372761349
662000,0.704,0.268472,0.027528,0.603082049146
663000,0.703856,0.268752,0.027392,0.603915035402
664000,0.704016,0.268736,0.027248,0.601624323199
665000,0.704152,0.268656,0.027192,0.604748021658
666000,0.703952,0.269072,0.026976,0.604123281966
667000,0.703744,0.269456,0.0268,0.603082049146
668000,0.703616,0.269648,0.026736,0.601207830071
669000,0.703592,0.269784,0.026624,0.601207830071
670000,0.703352,0.270088,0.02656,0.60224906289
671000,0.703152,0.270368,0.02648,0.602665556018
672000,0.70304,0.2706,0.02636,0.602873802582
673000,0.703,0.270752,0.026248,0.60224906289
674000,0.702832,0.271032,0.026136,0.60224906289
675000,0.70292,0.271088,0.025992,0.600374843815
676000,0.70276,0.271336,0.025904,0.601207830071
677000,0.70264,0.271624,0.025736,0.599958350687
678000,0.702264,0.272136,0.0256,0.600583090379
679000,0.702144,0.27232,0.025536,0.602040816327
680000,0.702176,0.272464,0.02536,0.603915035402
681000,0.702152,0.272696,0.025152,0.604748021658
682000,0.702056,0.27292,0.025024,0.605997501041
683000,0.701944,0.273248,0.024808,0.607455226989
684000,0.701552,0.273752,0.024696,0.607871720117
685000,0.7016,0.273856,0.024544,0.607038733861
686000,0.701512,0.274032,0.024456,0.605789254477
687000,0.701584,0.274096,0.02432,0.605164514786
688000,0.7014,0.27436,0.02424,0.604539775094
689000,0.701312,0.274536,0.024152,0.601624323199
690000,0.701456,0.27444,0.024104,0.602457309454
691000,0.70144,0.274616,0.023944,0.601624323199
692000,0.70132,0.274864,0.023816,0.60224906289
693000,0.701352,0.274944,0.023704,0.602873802582
694000,0.701664,0.274728,0.023608,0.605164514786
695000,0.701728,0.27476,0.023512,0.60433152853
696000,0.701632,0.274968,0.0234,0.605997501041
697000,0.701608,0.275088,0.023304,0.604539775094
698000,0.701368,0.275416,0.023216,0.605164514786
699000,0.700888,0.27604,0.023072,0.604539775094
700000,0.700816,0.276224,0.02296,0.604539775094
701000,0.700832,0.276352,0.022816,0.605581007913
702000,0.700552,0.276704,0.022744,0.605997501041
703000,0.70032,0.276952,0.022728,0.606413994169
704000,0.700256,0.277048,0.022696,0.606205747605
705000,0.700176,0.277224,0.0226,0.606622240733
706000,0.700312,0.277152,0.022536,0.607038733861
707000,0.70044,0.277096,0.022464,0.607871720117
708000,0.70032,0.277216,0.022464,0.605997501041
709000,0.700368,0.277296,0.022336,0.606205747605
710000,0.700208,0.277544,0.022248,0.605997501041
711000,0.700008,0.277776,0.022216,0.605997501041
712000,0.699808,0.278064,0.022128,0.606830487297
713000,0.69972,0.278208,0.022072,0.606622240733
714000,0.699736,0.278304,0.02196,0.607455226989
715000,0.699472,0.278656,0.021872,0.606622240733
716000,0.699456,0.278768,0.021776,0.602457309454
717000,0.699312,0.279056,0.021632,0.60433152853
718000,0.699048,0.27944,0.021512,0.603082049146
719000,0.699048,0.27948,0.021472,0.606205747605
720000,0.699064,0.279632,0.021304,0.606830487297
721000,0.698856,0.279952,0.021192,0.607663473553
722000,0.699016,0.2798,0.021184,0.608704706372
723000,0.699072,0.27972,0.021208,0.605581007913
724000,0.698928,0.279936,0.021136,0.60433152853
725000,0.699032,0.279984,0.020984,0.608288213244
726000,0.698984,0.2802,0.020816,0.607663473553
727000,0.698936,0.28032,0.020744,0.607663473553
728000,0.699056,0.280328,0.020616,0.608496459808
729000,0.698888,0.280528,0.020584,0.605789254477
730000,0.698608,0.28096,0.020432,0.602873802582
731000,0.698456,0.281272,0.020272,0.605789254477
732000,0.698152,0.281632,0.020216,0.607246980425
733000,0.698544,0.281304,0.020152,0.609745939192
734000,0.698616,0.281288,0.020096,0.610578925448
735000,0.698472,0.281488,0.02004,0.612453144523
736000,0.698552,0.281528,0.01992,0.612869637651
737000,0.69868,0.281504,0.019816,0.614535610162
738000,0.698568,0.281736,0.019696,0.616201582674
739000,0.698168,0.282208,0.019624,0.61495210329
740000,0.697968,0.28252,0.019512,0.615368596418
741000,0.69772,0.282816,0.019464,0.61495210329
742000,0.6976,0.283048,0.019352,0.615368596418
743000,0.697432,0.283336,0.019232,0.615576842982
744000,0.697216,0.283608,0.019176,0.616201582674
745000,0.697184,0.28372,0.019096,0.612869637651
746000,0.6972,0.283776,0.019024,0.615160349854
747000,0.697048,0.283984,0.018968,0.616618075802
748000,0.697072,0.284032,0.018896,0.61703456893
749000,0.697048,0.284224,0.018728,0.617659308621
750000,0.696744,0.284576,0.01868,0.618908788005
751000,0.696736,0.284688,0.018576,0.616826322366
752000,0.696728,0.284688,0.018584,0.616618075802
753000,0.696536,0.28492,0.018544,0.617659308621
754000,0.69628,0.285248,0.018472,0.61703456893
755000,0.696064,0.285528,0.018408,0.615785089546
756000,0.6962,0.285496,0.018304,0.61495210329
757000,0.695992,0.285696,0.018312,0.61495210329
758000,0.695632,0.286088,0.01828,0.613702623907
759000,0.695664,0.28616,0.018176,0.612869637651
760000,0.695864,0.28604,0.018096,0.608912952936
761000,0.696112,0.285888,0.018,0.607038733861
762000,0.695872,0.286208,0.01792,0.608496459808
763000,0.695736,0.286448,0.017816,0.607871720117
764000,0.695816,0.286376,0.017808,0.610995418576
765000,0.695736,0.286552,0.017712,0.610787172012
766000,0.695536,0.286824,0.01764,0.611620158267
767000,0.695256,0.287208,0.017536,0.610578925448
768000,0.695176,0.287384,0.01744,0.609537692628
769000,0.695024,0.28756,0.017416,0.609329446064
770000,0.694808,0.287832,0.01736,0.605997501041
771000,0.694736,0.287912,0.017352,0.607663473553
772000,0.694792,0.287888,0.01732,0.608079966681
773000,0.69472,0.28808,0.0172,0.608496459808
774000,0.694352,0.288496,0.017152,0.605164514786
775000,0.694288,0.288608,0.017104,0.60433152853
776000,0.693944,0.289048,0.017008,0.601624323199
777000,0.693784,0.289256,0.01696,0.600583090379
778000,0.693712,0.289352,0.016936,0.600374843815
779000,0.693616,0.289536,0.016848,0.600999583507
780000,0.693376,0.28984,0.016784,0.601207830071
781000,0.69324,0.290072,0.016688,0.601624323199
782000,0.693272,0.29008,0.016648,0.602873802582
783000,0.693368,0.290112,0.01652,0.60224906289
784000,0.693128,0.290416,0.016456,0.603915035402
785000,0.692744,0.29088,0.016376,0.604748021658
786000,0.692416,0.291296,0.016288,0.605997501041
787000,0.692336,0.291528,0.016136,0.6091211995
788000,0.692208,0.291768,0.016024,0.609537692628
789000,0.69184,0.292144,0.016016,0.608288213244
790000,0.691688,0.292392,0.01592,0.608496459808
791000,0.69164,0.292512,0.015848,0.608704706372
792000,0.691568,0.292664,0.015768,0.610578925448
793000,0.691472,0.292832,0.015696,0.609745939192
794000,0.691432,0.292904,0.015664,0.612036651395
795000,0.69132,0.293056,0.015624,0.61120366514
796000,0.691168,0.29328,0.015552,0.610370678884
797000,0.69108,0.293432,0.015488,0.610578925448
798000,0.690704,0.293824,0.015472,0.608496459808
799000,0.6908,0.293816,0.015384,0.607038733861
800000,0.690664,0.294104,0.015232,0.607871720117
801000,0.690568,0.294256,0.015176,0.604539775094
802000,0.690512,0.294408,0.01508,0.605789254477
803000,0.690608,0.294376,0.015016,0.606830487297
804000,0.690168,0.294896,0.014936,0.605164514786
805000,0.690216,0.294984,0.0148,0.606205747605
806000,0.689928,0.29536,0.014712,0.606413994169
807000,0.690088,0.295272,0.01464,0.608496459808
808000,0.690184,0.29524,0.014576,0.609745939192
809000,0.690224,0.295304,0.014472,0.61016243232
810000,0.689824,0.295768,0.014408,0.610995418576
811000,0.68956,0.296104,0.014336,0.609329446064
812000,0.68924,0.296448,0.014312,0.608912952936
813000,0.688896,0.296816,0.014288,0.607038733861
814000,0.688512,0.297288,0.0142,0.606413994169
815000,0.688312,0.29752,0.014168,0.608288213244
816000,0.688272,0.297632,0.014096,0.608079966681
817000,0.688384,0.297616,0.014,0.610370678884
818000,0.68816,0.297896,0.013944,0.609329446064
819000,0.688152,0.297968,0.01388,0.608704706372
820000,0.68784,0.298296,0.013864,0.609537692628
821000,0.687504,0.298712,0.013784,0.608496459808
822000,0.687416,0.298856,0.013728,0.608079966681
823000,0.68732,0.298944,0.013736,0.608079966681
824000,0.687056,0.29928,0.013664,0.607871720117
825000,0.686968,0.299456,0.013576,0.608079966681
826000,0.686832,0.299648,0.01352,0.607871720117
827000,0.686904,0.299672,0.013424,0.606830487297
828000,0.68672,0.299936,0.013344,0.607246980425
829000,0.686576,0.300088,0.013336,0.607455226989
830000,0.68656,0.3002,0.01324,0.606622240733
831000,0.686416,0.300416,0.013168,0.606205747605
832000,0.6862,0.300696,0.013104,0.604956268222
833000,0.68612,0.300808,0.013072,0.604539775094
