1000,0.332648,0.330528,0.336824,0.34214910454
2000,0.33356,0.328784,0.337656,0.343190337359
3000,0.334504,0.327144,0.338352,0.345064556435
4000,0.335456,0.325504,0.33904,0.344856309871
5000,0.336528,0.323624,0.339848,0.346314035818
6000,0.337208,0.321848,0.340944,0.348604748022
7000,0.337752,0.320192,0.342056,0.349645980841
8000,0.33884,0.31828,0.34288,0.350478967097
9000,0.3396,0.316976,0.343424,0.352353186172
10000,0.340352,0.315112,0.344536,0.355476884631
11000,0.341696,0.31324,0.345064,0.357142857143
12000,0.342624,0.311472,0.345904,0.356726364015
13000,0.343208,0.31016,0.346632,0.355268638067
14000,0.343776,0.308432,0.347792,0.355476884631
15000,0.344624,0.30684,0.348536,0.355893377759
16000,0.34548,0.305144,0.349376,0.357767596835
17000,0.346184,0.303464,0.350352,0.35860058309
18000,0.347608,0.3016,0.350792,0.358392336526
19000,0.348552,0.299944,0.351504,0.357767596835
20000,0.34948,0.2984,0.35212,0.357975843399
21000,0.350512,0.296568,0.35292,0.35964181591
22000,0.351336,0.295072,0.353592,0.35964181591
23000,0.35216,0.293464,0.354376,0.358392336526
24000,0.352712,0.292056,0.355232,0.356518117451
25000,0.353664,0.290464,0.355872,0.357975843399
26000,0.354416,0.288912,0.356672,0.359017076218
27000,0.35516,0.287424,0.357416,0.358808829654
28000,0.356072,0.285912,0.358016,0.360058309038
29000,0.356496,0.284496,0.359008,0.360058309038
30000,0.357264,0.283216,0.35952,0.358808829654
31000,0.358176,0.281784,0.36004,0.358808829654
32000,0.358624,0.280424,0.360952,0.361099541858
33000,0.359344,0.278872,0.361784,0.361099541858
34000,0.359824,0.277456,0.36272,0.360058309038
35000,0.361056,0.2758,0.363144,0.359017076218
36000,0.361792,0.274304,0.363904,0.35860058309
37000,0.362584,0.272664,0.364752,0.358808829654
38000,0.363128,0.271312,0.36556,0.36068304873
39000,0.363896,0.269904,0.3662,0.361516034985
40000,0.364768,0.268304,0.366928,0.362765514369
41000,0.365608,0.2668,0.367592,0.362765514369
42000,0.366648,0.265216,0.368136,0.362140774677
43000,0.367368,0.263864,0.368768,0.362765514369
44000,0.367872,0.262424,0.369704,0.364014993753
45000,0.368784,0.260912,0.370304,0.363806747189
46000,0.369728,0.259072,0.3712,0.362765514369
47000,0.370528,0.25724,0.372232,0.363806747189
48000,0.371192,0.255816,0.372992,0.365056226572
49000,0.37172,0.25436,0.37392,0.364014993753
50000,0.372696,0.252728,0.374576,0.366097459392
51000,0.373456,0.251344,0.3752,0.3654727197
52000,0.374152,0.249968,0.37588,0.368179925031
53000,0.374912,0.248536,0.376552,0.369429404415
54000,0.375552,0.247192,0.377256,0.369221157851
55000,0.376328,0.245832,0.37784,0.370678883798
56000,0.377328,0.244528,0.378144,0.37234485631
57000,0.37784,0.2432,0.37896,0.372553102874
58000,0.37876,0.24164,0.3796,0.371928363182
59000,0.379688,0.240312,0.38,0.373177842566
60000,0.38064,0.238904,0.380456,0.373177842566
61000,0.381264,0.23752,0.381216,0.372136609746
62000,0.382032,0.236176,0.381792,0.372969596002
63000,0.38272,0.234888,0.382392,0.371720116618
64000,0.38372,0.23364,0.38264,0.37234485631
65000,0.384536,0.232432,0.383032,0.37234485631
66000,0.385432,0.230888,0.38368,0.374427321949
67000,0.385992,0.229368,0.38464,0.373594335693
68000,0.386944,0.227928,0.385128,0.375260308205
69000,0.387768,0.226688,0.385544,0.374843815077
70000,0.38864,0.225392,0.385968,0.37338608913
71000,0.389344,0.223984,0.386672,0.375260308205
72000,0.390096,0.222576,0.387328,0.375260308205
73000,0.390856,0.221152,0.387992,0.376093294461
74000,0.391488,0.21992,0.388592,0.379425239484
75000,0.39216,0.218528,0.389312,0.380882965431
76000,0.392952,0.217216,0.389832,0.380674718867
77000,0.39348,0.216064,0.390456,0.380674718867
78000,0.393968,0.214752,0.39128,0.382132444815
79000,0.395096,0.213304,0.3916,0.380882965431
80000,0.395624,0.212024,0.392352,0.380258225739
81000,0.396128,0.210872,0.393,0.37921699292
82000,0.396848,0.209696,0.393456,0.379633486047
83000,0.397344,0.20856,0.394096,0.37921699292
84000,0.398144,0.207312,0.394544,0.377967513536
85000,0.398696,0.206336,0.394968,0.375676801333
86000,0.399096,0.205088,0.395816,0.376718034152
87000,0.399648,0.203912,0.39644,0.37713452728
88000,0.40012,0.202632,0.397248,0.376926280716
89000,0.400432,0.2014,0.398168,0.379841732611
90000,0.400872,0.200336,0.398792,0.380674718867
91000,0.401936,0.199032,0.399032,0.379633486047
92000,0.401976,0.197944,0.40008,0.380882965431
93000,0.402704,0.196936,0.40036,0.382132444815
94000,0.403376,0.195784,0.40084,0.38296543107
95000,0.404264,0.19464,0.401096,0.383381924198
96000,0.405064,0.193528,0.401408,0.382340691379
97000,0.40584,0.192216,0.401944,0.380258225739
98000,0.406344,0.191056,0.4026,0.379425239484
99000,0.4068,0.19008,0.40312,0.380258225739
100000,0.407504,0.188928,0.403568,0.382340691379
101000,0.408,0.187872,0.404128,0.382132444815
102000,0.408504,0.186664,0.404832,0.383173677634
103000,0.409304,0.185424,0.405272,0.384839650146
104000,0.409952,0.18448,0.405568,0.385672636401
105000,0.410584,0.183184,0.406232,0.387338608913
106000,0.41136,0.182184,0.406456,0.387338608913
107000,0.412024,0.181112,0.406864,0.387963348605
108000,0.41268,0.179928,0.407392,0.388588088297
109000,0.413368,0.178816,0.407816,0.389421074552
110000,0.413888,0.177752,0.40836,0.391711786756
111000,0.414776,0.176672,0.408552,0.390254060808
112000,0.41564,0.175536,0.408824,0.392128279883
113000,0.415896,0.174776,0.409328,0.392961266139
114000,0.416416,0.17364,0.409944,0.395460224906
115000,0.41728,0.172432,0.410288,0.397542690546
116000,0.41784,0.171536,0.410624,0.397334443982
117000,0.41876,0.170592,0.410648,0.398167430237
118000,0.419344,0.169528,0.411128,0.398375676801
119000,0.419944,0.16836,0.411696,0.397959183673
120000,0.4202,0.167424,0.412376,0.397126197418
121000,0.42088,0.166424,0.412696,0.398792169929
122000,0.421504,0.165536,0.41296,0.400249895877
123000,0.421912,0.164536,0.413552,0.399833402749
124000,0.422656,0.16356,0.413784,0.399416909621
125000,0.423392,0.162448,0.41416,0.396917950854
126000,0.423784,0.161376,0.41484,0.398792169929
127000,0.424264,0.160416,0.41532,0.400041649313
128000,0.424904,0.159344,0.415752,0.403998334027
129000,0.425528,0.158368,0.416104,0.405664306539
130000,0.426192,0.157384,0.416424,0.408163265306
131000,0.426752,0.156472,0.416776,0.407122032486
132000,0.427168,0.155568,0.417264,0.40733027905
133000,0.427928,0.154584,0.417488,0.410037484382
134000,0.428328,0.153728,0.417944,0.411078717201
135000,0.428952,0.152736,0.418312,0.409204498126
136000,0.42928,0.151808,0.418912,0.409620991254
137000,0.429888,0.150896,0.419216,0.411286963765
138000,0.430488,0.149864,0.419648,0.410245730945
139000,0.431096,0.148912,0.419992,0.40941274469
140000,0.431912,0.147952,0.420136,0.410037484382
141000,0.432608,0.147112,0.42028,0.410662224073
142000,0.43292,0.146304,0.420776,0.408996251562
143000,0.433248,0.145512,0.42124,0.40941274469
144000,0.433896,0.144712,0.421392,0.411911703457
145000,0.434152,0.143856,0.421992,0.412536443149
146000,0.43496,0.14288,0.42216,0.415035401916
147000,0.43552,0.141944,0.422536,0.415035401916
148000,0.436136,0.141128,0.422736,0.41524364848
149000,0.436792,0.1402,0.423008,0.418159100375
150000,0.437384,0.139344,0.423272,0.419825072886
151000,0.437968,0.138384,0.423648,0.421491045398
152000,0.438328,0.137552,0.42412,0.422324031653
153000,0.438864,0.136704,0.424432,0.423157017909
154000,0.439416,0.135672,0.424912,0.426280716368
155000,0.439968,0.134736,0.425296,0.425655976676
156000,0.440416,0.13396,0.425624,0.427321949188
157000,0.441264,0.133056,0.42568,0.427530195752
158000,0.441744,0.132144,0.426112,0.42794668888
159000,0.44236,0.131376,0.426264,0.429404414827
160000,0.442736,0.130608,0.426656,0.429612661391
161000,0.443368,0.129712,0.42692,0.430653894211
162000,0.443768,0.128872,0.42736,0.430653894211
163000,0.4446,0.12804,0.42736,0.431278633903
164000,0.445304,0.12716,0.427536,0.435651811745
165000,0.446056,0.12632,0.427624,0.436068304873
166000,0.446568,0.125544,0.427888,0.437317784257
167000,0.447,0.124568,0.428432,0.438150770512
168000,0.447192,0.123856,0.428952,0.441690962099
169000,0.447832,0.123,0.429168,0.443565181175
170000,0.448528,0.122352,0.42912,0.443148688047
171000,0.448824,0.121504,0.429672,0.443565181175
172000,0.449616,0.120592,0.429792,0.444814660558
173000,0.45,0.11976,0.43024,0.447521865889
174000,0.450784,0.118944,0.430272,0.445855893378
175000,0.451456,0.118208,0.430336,0.449396084965
176000,0.451944,0.117424,0.430632,0.450645564348
177000,0.452552,0.11664,0.430808,0.451478550604
178000,0.453024,0.115816,0.43116,0.452936276551
179000,0.4536,0.114976,0.431424,0.455018742191
180000,0.454336,0.11432,0.431344,0.454602249063
181000,0.454632,0.11352,0.431848,0.456684714702
182000,0.455464,0.112488,0.432048,0.456476468138
183000,0.45592,0.111792,0.432288,0.455643481883
184000,0.456376,0.111184,0.43244,0.455018742191
185000,0.456776,0.110376,0.432848,0.455435235319
186000,0.457376,0.10968,0.432944,0.455851728446
187000,0.457888,0.108944,0.433168,0.453769262807
188000,0.458488,0.108304,0.433208,0.456684714702
189000,0.45928,0.10764,0.43308,0.459808413161
190000,0.46004,0.107032,0.432928,0.459183673469
191000,0.460856,0.106448,0.432696,0.462099125364
192000,0.461336,0.105816,0.432848,0.462515618492
193000,0.461888,0.10512,0.432992,0.463140358184
194000,0.462696,0.10432,0.432984,0.462723865056
195000,0.463208,0.103624,0.433168,0.462515618492
196000,0.46376,0.102976,0.433264,0.463140358184
197000,0.464168,0.102192,0.43364,0.463765097876
198000,0.464696,0.101504,0.4338,0.464181591004
199000,0.46524,0.10088,0.43388,0.46397334444
200000,0.465824,0.10028,0.433896,0.460849645981
201000,0.4664,0.099576,0.434024,0.460641399417
202000,0.46708,0.0988,0.43412,0.460849645981
203000,0.467904,0.098104,0.433992,0.462515618492
204000,0.468544,0.097416,0.43404,0.46397334444
205000,0.46904,0.09672,0.43424,0.463348604748
206000,0.469888,0.095936,0.434176,0.462515618492
207000,0.470456,0.095312,0.434232,0.46293211162
208000,0.471192,0.0946,0.434208,0.46293211162
209000,0.471496,0.093904,0.4346,0.46293211162
210000,0.472264,0.093216,0.43452,0.463556851312
211000,0.473,0.09272,0.43428,0.462723865056
212000,0.473448,0.092152,0.4344,0.464181591004
213000,0.474168,0.091568,0.434264,0.465014577259
214000,0.474856,0.09088,0.434264,0.466055810079
215000,0.475608,0.090072,0.43432,0.466055810079
216000,0.476384,0.089456,0.43416,0.46876301541
217000,0.477,0.088768,0.434232,0.468138275718
218000,0.477656,0.08832,0.434024,0.467305289463
219000,0.478064,0.087808,0.434128,0.467513536027
220000,0.478672,0.087216,0.434112,0.467721782591
221000,0.479456,0.086664,0.43388,0.465847563515
222000,0.48016,0.086064,0.433776,0.465431070387
223000,0.480872,0.08548,0.433648,0.466888796335
224000,0.48136,0.085016,0.433624,0.466888796335
225000,0.48172,0.08452,0.43376,0.467721782591
226000,0.482088,0.084032,0.43388,0.470012494794
227000,0.482688,0.08344,0.433872,0.471886713869
228000,0.4834,0.082808,0.433792,0.473552686381
229000,0.484264,0.082304,0.433432,0.476259891712
230000,0.485056,0.081688,0.433256,0.477509371095
231000,0.485904,0.081056,0.43304,0.477301124531
232000,0.486704,0.08044,0.432856,0.479591836735
233000,0.487144,0.080024,0.432832,0.48042482299
234000,0.487856,0.079368,0.432776,0.480841316118
235000,0.488456,0.07884,0.432704,0.483132028322
236000,0.489296,0.078232,0.432472,0.483340274885
237000,0.490144,0.07764,0.432216,0.483965014577
238000,0.49084,0.077184,0.431976,0.484381507705
239000,0.49176,0.07668,0.43156,0.484381507705
240000,0.492352,0.076208,0.43144,0.482923781758
241000,0.493008,0.075728,0.431264,0.483548521449
242000,0.493456,0.075328,0.431216,0.483548521449
243000,0.494128,0.074736,0.431136,0.483965014577
244000,0.494896,0.074208,0.430896,0.484173261141
245000,0.49572,0.07368,0.4306,0.486047480217
246000,0.496088,0.073296,0.430616,0.484589754269
247000,0.496712,0.072864,0.430424,0.483132028322
248000,0.497224,0.07236,0.430416,0.485214493961
249000,0.49784,0.071912,0.430248,0.484798000833
250000,0.498312,0.071408,0.43028,0.483548521449
251000,0.499072,0.070896,0.430032,0.484589754269
252000,0.499648,0.070344,0.430008,0.485630987089
253000,0.5004,0.069808,0.429792,0.485839233653
254000,0.50112,0.069368,0.429512,0.486463973344
255000,0.501856,0.06884,0.429304,0.486047480217
256000,0.502432,0.068288,0.42928,0.487713452728
257000,0.503168,0.067856,0.428976,0.489587671803
258000,0.504064,0.067512,0.428424,0.490837151187
259000,0.504848,0.067032,0.42812,0.491461890879
260000,0.505664,0.066512,0.427824,0.492503123698
261000,0.506432,0.066136,0.427432,0.492086630571
262000,0.507168,0.065672,0.42716,0.493544356518
263000,0.50788,0.065224,0.426896,0.494793835902
264000,0.508496,0.064792,0.426712,0.496043315285
265000,0.508968,0.064424,0.426608,0.495418575594
266000,0.509736,0.064008,0.426256,0.496459808413
267000,0.510592,0.063504,0.425904,0.497917534361
268000,0.51156,0.063048,0.425392,0.500208246564
269000,0.512368,0.062664,0.424968,0.502498958767
270000,0.51304,0.062224,0.424736,0.502707205331
271000,0.51376,0.061704,0.424536,0.503540191587
272000,0.514392,0.061224,0.424384,0.502707205331
273000,0.515072,0.060816,0.424112,0.503331945023
274000,0.516008,0.060472,0.42352,0.503540191587
275000,0.516656,0.059928,0.423416,0.503123698459
276000,0.517456,0.059472,0.423072,0.502707205331
277000,0.51824,0.05912,0.42264,0.502915451895
278000,0.5192,0.058752,0.422048,0.503123698459
279000,0.519904,0.058368,0.421728,0.504164931279
280000,0.520536,0.05788,0.421584,0.505414410662
281000,0.521248,0.057488,0.421264,0.506039150354
282000,0.52192,0.057128,0.420952,0.50583090379
283000,0.52224,0.056784,0.420976,0.505414410662
284000,0.523056,0.056384,0.42056,0.50687213661
285000,0.5242,0.056048,0.419752,0.507080383174
286000,0.524912,0.05572,0.419368,0.506247396918
287000,0.52564,0.05532,0.41904,0.508954602249
288000,0.526368,0.054904,0.418728,0.509371095377
289000,0.527568,0.05456,0.417872,0.506247396918
290000,0.528288,0.054096,0.417616,0.50687213661
291000,0.529048,0.05368,0.417272,0.505622657226
292000,0.529672,0.053312,0.417016,0.507080383174
293000,0.530832,0.052944,0.416224,0.507288629738
294000,0.531704,0.052672,0.415624,0.507705122865
295000,0.532456,0.052376,0.415168,0.508121615993
296000,0.533344,0.051976,0.41468,0.507913369429
297000,0.534248,0.051672,0.41408,0.508538109121
298000,0.534912,0.05128,0.413808,0.508121615993
299000,0.535568,0.051016,0.413416,0.509162848813
300000,0.536208,0.050696,0.413096,0.510204081633
301000,0.537112,0.050352,0.412536,0.513327780092
302000,0.53788,0.050072,0.412048,0.5127030404
303000,0.538816,0.049664,0.41152,0.511245314452
304000,0.53928,0.049248,0.411472,0.508954602249
305000,0.540048,0.048912,0.41104,0.509787588505
306000,0.541,0.048544,0.410456,0.507913369429
307000,0.5418,0.048224,0.409976,0.508329862557
308000,0.542848,0.047952,0.4092,0.508538109121
309000,0.54368,0.047632,0.408688,0.507705122865
310000,0.544504,0.047312,0.408184,0.507705122865
311000,0.545448,0.047016,0.407536,0.507080383174
312000,0.54612,0.04672,0.40716,0.505414410662
313000,0.546752,0.046312,0.406936,0.506039150354
314000,0.547544,0.046,0.406456,0.506247396918
315000,0.548032,0.045704,0.406264,0.50687213661
316000,0.548952,0.0454,0.405648,0.509579341941
317000,0.549768,0.045104,0.405128,0.511245314452
318000,0.55076,0.044824,0.404416,0.510620574761
319000,0.551672,0.044472,0.403856,0.509371095377
320000,0.552408,0.0442,0.403392,0.505414410662
321000,0.55324,0.043864,0.402896,0.50687213661
322000,0.553992,0.043608,0.4024,0.50478967097
323000,0.554664,0.043304,0.402032,0.50583090379
324000,0.555352,0.043096,0.401552,0.506663890046
325000,0.556416,0.04268,0.400904,0.508121615993
326000,0.557136,0.042352,0.400512,0.509579341941
327000,0.557936,0.042056,0.400008,0.508538109121
328000,0.55868,0.041808,0.399512,0.507913369429
329000,0.55964,0.0416,0.39876,0.508121615993
330000,0.560616,0.041312,0.398072,0.508746355685
331000,0.561496,0.041008,0.397496,0.509995835069
332000,0.56196,0.040792,0.397248,0.509162848813
333000,0.56272,0.040472,0.396808,0.51166180758
334000,0.563472,0.040192,0.396336,0.515201999167
335000,0.564136,0.039936,0.395928,0.514160766347
336000,0.564944,0.03968,0.395376,0.513536026656
337000,0.565928,0.039352,0.39472,0.514160766347
338000,0.567016,0.038984,0.394,0.514785506039
339000,0.567944,0.038648,0.393408,0.515826738859
340000,0.5688,0.038416,0.392784,0.516867971678
341000,0.569288,0.038184,0.392528,0.517909204498
342000,0.570192,0.038,0.391808,0.51749271137
343000,0.570928,0.03776,0.391312,0.521449396085
344000,0.571792,0.037536,0.390672,0.522698875469
345000,0.572616,0.037368,0.390016,0.522907122032
346000,0.57364,0.037056,0.389304,0.523531861724
347000,0.574464,0.03672,0.388816,0.52332361516
348000,0.575488,0.03652,0.387992,0.524781341108
349000,0.576328,0.03628,0.387392,0.525822573928
350000,0.577208,0.036176,0.386616,0.526447313619
351000,0.578096,0.035952,0.385952,0.523948354852
352000,0.579184,0.035712,0.385104,0.523948354852
353000,0.58,0.035424,0.384576,0.524989587672
354000,0.581016,0.035104,0.38388,0.526863806747
355000,0.58196,0.03484,0.3832,0.529987505206
356000,0.582984,0.034456,0.38256,0.532069970845
357000,0.584,0.034288,0.381712,0.532486463973
358000,0.584744,0.034008,0.381248,0.533111203665
359000,0.585632,0.033768,0.3806,0.533527696793
360000,0.586344,0.033488,0.380168,0.535193669304
361000,0.58724,0.033288,0.379472,0.534777176177
362000,0.588192,0.033024,0.378784,0.53602665556
363000,0.589352,0.032784,0.377864,0.537900874636
364000,0.590296,0.032464,0.37724,0.538733860891
365000,0.591208,0.032224,0.376568,0.538733860891
366000,0.592256,0.031864,0.37588,0.541232819658
367000,0.593168,0.031656,0.375176,0.543731778426
368000,0.59408,0.031448,0.374472,0.544148271554
369000,0.594944,0.031272,0.373784,0.544773011245
370000,0.596112,0.03108,0.372808,0.544981257809
371000,0.596792,0.030928,0.37228,0.544564764681
372000,0.597872,0.030704,0.371424,0.546438983757
373000,0.598992,0.030504,0.370504,0.544356518117
374000,0.599624,0.030328,0.370048,0.543523531862
375000,0.600632,0.030072,0.369296,0.544564764681
376000,0.601656,0.029848,0.368496,0.54977092878
377000,0.602648,0.029584,0.367768,0.549354435652
378000,0.603792,0.029368,0.36684,0.551436901291
379000,0.604784,0.029136,0.36608,0.550812161599
380000,0.605608,0.028944,0.365448,0.553311120367
381000,0.606336,0.028736,0.364928,0.55456059975
382000,0.60712,0.028488,0.364392,0.553102873803
383000,0.608184,0.028296,0.36352,0.552894627239
384000,0.609064,0.028088,0.362848,0.552894627239
385000,0.610208,0.027872,0.36192,0.552894627239
386000,0.611056,0.027664,0.36128,0.552894627239
387000,0.612056,0.027496,0.360448,0.553102873803
388000,0.6128,0.027248,0.359952,0.553935860058
389000,0.613608,0.027072,0.35932,0.55456059975
390000,0.614496,0.026768,0.358736,0.55351936693
391000,0.615608,0.026584,0.357808,0.556018325698
392000,0.616664,0.026328,0.357008,0.556018325698
393000,0.617712,0.026064,0.356224,0.557267805081
394000,0.618552,0.025912,0.355536,0.558100791337
395000,0.619344,0.025768,0.354888,0.559350270721
396000,0.620296,0.025584,0.35412,0.558100791337
397000,0.621056,0.025328,0.353616,0.559766763848
398000,0.621776,0.025192,0.353032,0.559975010412
399000,0.622656,0.025064,0.35228,0.560599750104
400000,0.623888,0.024792,0.35132,0.564139941691
401000,0.62464,0.024616,0.350744,0.564139941691
402000,0.625392,0.024472,0.350136,0.564348188255
403000,0.62608,0.024288,0.349632,0.563931695127
404000,0.626784,0.024112,0.349104,0.564348188255
405000,0.627688,0.02396,0.348352,0.566014160766
406000,0.628544,0.02376,0.347696,0.564972927947
407000,0.629472,0.023632,0.346896,0.563723448563
408000,0.630496,0.023456,0.346048,0.563098708871
409000,0.631232,0.023304,0.345464,0.562057476052
410000,0.632272,0.02312,0.344608,0.564139941691
411000,0.633296,0.02304,0.343664,0.563723448563
412000,0.63424,0.02288,0.34288,0.563723448563
413000,0.63516,0.022752,0.342088,0.565805914202
414000,0.635976,0.022576,0.341448,0.567888379842
415000,0.636968,0.022352,0.34068,0.570387338609
416000,0.637856,0.022184,0.33996,0.571845064556
417000,0.638704,0.022072,0.339224,0.574552269888
418000,0.639696,0.021944,0.33836,0.574760516451
419000,0.640768,0.021744,0.337488,0.574760516451
420000,0.641504,0.021568,0.336928,0.576009995835
421000,0.64232,0.021376,0.336304,0.577259475219
422000,0.643528,0.02116,0.335312,0.577467721783
423000,0.64448,0.021016,0.334504,0.577259475219
424000,0.645392,0.020864,0.333744,0.579133694294
425000,0.646216,0.020704,0.33308,0.580799666805
426000,0.6472,0.020504,0.332296,0.581007913369
427000,0.647832,0.02036,0.331808,0.581007913369
428000,0.648808,0.020224,0.330968,0.580591420242
429000,0.6498,0.020016,0.330184,0.583298625573
430000,0.650464,0.019888,0.329648,0.583923365264
431000,0.651448,0.01976,0.328792,0.582465639317
432000,0.652256,0.0196,0.328144,0.584339858392
433000,0.65332,0.01948,0.3272,0.58475635152
434000,0.654432,0.019352,0.326216,0.583715118701
435000,0.65548,0.019248,0.325272,0.583715118701
436000,0.656088,0.019024,0.324888,0.585381091212
437000,0.657104,0.018856,0.32404,0.586005830904
438000,0.658064,0.018736,0.3232,0.58579758434
439000,0.658936,0.018552,0.322512,0.587047063723
440000,0.659728,0.018448,0.321824,0.588296543107
441000,0.660472,0.018312,0.321216,0.587880049979
442000,0.661448,0.01816,0.320392,0.58683881716
443000,0.662144,0.018,0.319856,0.584548104956
444000,0.66292,0.017904,0.319176,0.587255310287
445000,0.66408,0.017824,0.318096,0.587047063723
446000,0.664704,0.017712,0.317584,0.586630570596
447000,0.665576,0.017616,0.316808,0.58579758434
448000,0.666384,0.017504,0.316112,0.58579758434
449000,0.666912,0.01736,0.315728,0.583506872137
450000,0.667616,0.017208,0.315176,0.583715118701
451000,0.668504,0.01708,0.314416,0.583923365264
452000,0.669424,0.01696,0.313616,0.582673885881
453000,0.670384,0.016848,0.312768,0.583923365264
454000,0.670984,0.016648,0.312368,0.583298625573
455000,0.671816,0.016488,0.311696,0.58475635152
456000,0.672504,0.016368,0.311128,0.583090379009
457000,0.673392,0.016232,0.310376,0.584964598084
458000,0.674104,0.016144,0.309752,0.586422324032
459000,0.674616,0.016072,0.309312,0.58683881716
460000,0.67552,0.015952,0.308528,0.588921282799
461000,0.676048,0.015792,0.30816,0.588296543107
462000,0.676976,0.015712,0.307312,0.588504789671
463000,0.677592,0.015616,0.306792,0.589129529363
464000,0.678568,0.015488,0.305944,0.588088296543
465000,0.679504,0.015336,0.30516,0.587047063723
466000,0.680224,0.015184,0.304592,0.588921282799
467000,0.680784,0.015088,0.304128,0.591211995002
468000,0.681664,0.01496,0.303376,0.593710953769
469000,0.682528,0.014832,0.30264,0.595168679717
470000,0.683304,0.014736,0.30196,0.594543940025
471000,0.684176,0.014568,0.301256,0.594752186589
472000,0.684928,0.014424,0.300648,0.596626405664
473000,0.685816,0.014336,0.299848,0.598708871304
474000,0.686552,0.014184,0.299264,0.598084131612
475000,0.687328,0.01408,0.298592,0.602457309454
476000,0.688104,0.013968,0.297928,0.602665556018
477000,0.6888,0.013896,0.297304,0.603706788838
478000,0.68964,0.01376,0.2966,0.605164514786
479000,0.69028,0.01364,0.29608,0.60433152853
480000,0.691168,0.01352,0.295312,0.605164514786
481000,0.692304,0.013416,0.29428,0.606413994169
482000,0.693096,0.013328,0.293576,0.605581007913
483000,0.693824,0.013248,0.292928,0.607246980425
484000,0.694304,0.013136,0.29256,0.607246980425
485000,0.695024,0.013032,0.291944,0.607246980425
486000,0.695848,0.01292,0.291232,0.607455226989
487000,0.696712,0.0128,0.290488,0.608704706372
488000,0.697264,0.012712,0.290024,0.607246980425
489000,0.69784,0.012608,0.289552,0.606205747605
490000,0.698376,0.01252,0.289104,0.606830487297
491000,0.69904,0.012424,0.288536,0.607871720117
492000,0.699384,0.012336,0.28828,0.609745939192
493000,0.700352,0.012224,0.287424,0.609329446064
494000,0.701192,0.012088,0.28672,0.610995418576
495000,0.701816,0.011968,0.286216,0.611620158267
496000,0.702704,0.01188,0.285416,0.614743856726
497000,0.703584,0.0118,0.284616,0.61495210329
498000,0.704528,0.011712,0.28376,0.614327363599
499000,0.70524,0.011576,0.283184,0.615576842982
500000,0.706048,0.011496,0.282456,0.615368596418
