1000,0.336648,0.330984,0.332368,0.345272802999
2000,0.33852,0.329888,0.331592,0.346522282382
3000,0.340104,0.328744,0.331152,0.346730528946
4000,0.3416,0.327896,0.330504,0.347147022074
5000,0.343296,0.32668,0.330024,0.34902124115
6000,0.344976,0.325408,0.329616,0.349645980841
7000,0.346696,0.324152,0.329152,0.351936693045
8000,0.348424,0.323168,0.328408,0.353394418992
9000,0.350168,0.32204,0.327792,0.354643898376
10000,0.351944,0.320696,0.32736,0.353394418992
11000,0.35372,0.319544,0.326736,0.357351103707
12000,0.355312,0.318528,0.32616,0.358392336526
13000,0.3568,0.317728,0.325472,0.359225322782
14000,0.358768,0.316552,0.32468,0.359433569346
15000,0.360336,0.315472,0.324192,0.359850062474
16000,0.36208,0.314496,0.323424,0.359433569346
17000,0.363448,0.313744,0.322808,0.35964181591
18000,0.364984,0.312928,0.322088,0.359850062474
19000,0.366792,0.311848,0.32136,0.35860058309
20000,0.36804,0.311168,0.320792,0.358392336526
21000,0.36988,0.309992,0.320128,0.357975843399
22000,0.371784,0.309072,0.319144,0.359017076218
23000,0.373424,0.308064,0.318512,0.361724281549
24000,0.375112,0.30724,0.317648,0.361724281549
25000,0.376584,0.30632,0.317096,0.362765514369
26000,0.378744,0.305344,0.315912,0.362140774677
27000,0.380368,0.304456,0.315176,0.361516034985
28000,0.382088,0.303776,0.314136,0.361724281549
29000,0.383816,0.302768,0.313416,0.361932528113
30000,0.385696,0.301704,0.3126,0.364639733444
31000,0.387152,0.300816,0.312032,0.36443148688
32000,0.38904,0.299832,0.311128,0.365680966264
33000,0.390832,0.299064,0.310104,0.365680966264
34000,0.392472,0.298408,0.30912,0.364847980008
35000,0.39432,0.297496,0.308184,0.365680966264
36000,0.39604,0.296608,0.307352,0.3654727197
37000,0.397656,0.295936,0.306408,0.363806747189
38000,0.399576,0.294928,0.305496,0.363806747189
39000,0.40152,0.293864,0.304616,0.364639733444
40000,0.40316,0.293088,0.303752,0.366097459392
41000,0.404864,0.292344,0.302792,0.365889212828
42000,0.406352,0.291488,0.30216,0.368804664723
43000,0.408112,0.290584,0.301304,0.369429404415
44000,0.41,0.28956,0.30044,0.370262390671
45000,0.41164,0.289056,0.299304,0.370678883798
46000,0.413384,0.288056,0.29856,0.370054144107
47000,0.415072,0.287304,0.297624,0.368388171595
48000,0.416792,0.286432,0.296776,0.368596418159
49000,0.418504,0.285584,0.295912,0.370678883798
50000,0.420176,0.284664,0.29516,0.371095376926
51000,0.421784,0.283992,0.294224,0.37234485631
52000,0.423224,0.28344,0.293336,0.370262390671
53000,0.42496,0.282544,0.292496,0.370678883798
54000,0.426608,0.281728,0.291664,0.371511870054
55000,0.428584,0.280656,0.29076,0.373177842566
56000,0.430968,0.279488,0.289544,0.37234485631
57000,0.432704,0.278704,0.288592,0.374427321949
58000,0.434408,0.27812,0.287472,0.376301541025
59000,0.436088,0.277624,0.286288,0.377967513536
60000,0.437688,0.276912,0.2854,0.380882965431
61000,0.439392,0.276128,0.28448,0.381299458559
62000,0.440976,0.275488,0.283536,0.382757184506
63000,0.442576,0.27492,0.282504,0.384214910454
64000,0.44432,0.274224,0.281456,0.386505622657
65000,0.445728,0.27368,0.280592,0.387963348605
66000,0.447616,0.27288,0.279504,0.390045814244
67000,0.449488,0.272096,0.278416,0.390045814244
68000,0.451216,0.271456,0.277328,0.392336526447
69000,0.453176,0.27052,0.276304,0.391920033319
70000,0.454856,0.2702,0.274944,0.392336526447
71000,0.456552,0.26968,0.273768,0.392544773011
72000,0.45816,0.268992,0.272848,0.392961266139
73000,0.459744,0.268296,0.27196,0.394210745523
74000,0.461296,0.2678,0.270904,0.392961266139
75000,0.462984,0.267216,0.2698,0.394002498959
76000,0.464584,0.266776,0.26864,0.397542690546
77000,0.465984,0.266168,0.267848,0.397542690546
78000,0.46792,0.26536,0.26672,0.400249895877
79000,0.469536,0.2648,0.265664,0.401707621824
80000,0.47124,0.264312,0.264448,0.404831320283
81000,0.473104,0.263648,0.263248,0.406705539359
82000,0.47468,0.263216,0.262104,0.40837151187
83000,0.476176,0.262696,0.261128,0.408579758434
84000,0.477472,0.262296,0.260232,0.408996251562
85000,0.479072,0.261696,0.259232,0.410870470637
86000,0.480624,0.261184,0.258192,0.411286963765
87000,0.482312,0.260568,0.25712,0.408996251562
88000,0.484112,0.25992,0.255968,0.409620991254
89000,0.485616,0.259392,0.254992,0.409204498126
90000,0.48728,0.258928,0.253792,0.40837151187
91000,0.488632,0.258568,0.2528,0.408163265306
92000,0.490096,0.258048,0.251856,0.409829237818
93000,0.491848,0.25748,0.250672,0.40941274469
94000,0.493528,0.256952,0.24952,0.409829237818
95000,0.495216,0.256216,0.248568,0.409620991254
96000,0.49668,0.255856,0.247464,0.411286963765
97000,0.498424,0.255248,0.246328,0.410453977509
98000,0.49988,0.254824,0.245296,0.410453977509
99000,0.501352,0.254352,0.244296,0.411495210329
100000,0.502872,0.253688,0.24344,0.409829237818
101000,0.50468,0.253064,0.242256,0.410245730945
102000,0.506192,0.252648,0.24116,0.411911703457
103000,0.507544,0.252328,0.240128,0.413577675968
104000,0.508872,0.2518,0.239328,0.415035401916
105000,0.510352,0.25144,0.238208,0.41524364848
106000,0.511904,0.251304,0.236792,0.417742607247
107000,0.51364,0.250648,0.235712,0.418159100375
108000,0.515048,0.250288,0.234664,0.416909620991
109000,0.51636,0.250112,0.233528,0.417534360683
110000,0.517816,0.249824,0.23236,0.418783840067
111000,0.519168,0.249536,0.231296,0.418575593503
112000,0.520536,0.24916,0.230304,0.417742607247
113000,0.521968,0.24884,0.229192,0.419200333195
114000,0.523448,0.24836,0.228192,0.417950853811
115000,0.524928,0.247872,0.2272,0.419616826322
116000,0.52636,0.247648,0.225992,0.42107455227
117000,0.527728,0.247248,0.225024,0.420866305706
118000,0.529144,0.247064,0.223792,0.424614743857
119000,0.53044,0.246784,0.222776,0.425239483549
120000,0.531784,0.246432,0.221784,0.426072469804
121000,0.533184,0.246184,0.220632,0.424822990421
122000,0.53436,0.246128,0.219512,0.422948771345
123000,0.535864,0.245752,0.218384,0.423990004165
124000,0.537144,0.245536,0.21732,0.423990004165
125000,0.538272,0.245416,0.216312,0.423781757601
126000,0.539592,0.245288,0.21512,0.423781757601
127000,0.541176,0.245048,0.213776,0.423990004165
128000,0.542704,0.244664,0.212632,0.426280716368
129000,0.544072,0.244424,0.211504,0.427738442316
130000,0.545544,0.243976,0.21048,0.427113702624
131000,0.546824,0.243928,0.209248,0.426488962932
132000,0.548152,0.243808,0.20804,0.427113702624
133000,0.549472,0.243608,0.20692,0.425655976676
134000,0.550744,0.243288,0.205968,0.426697209496
135000,0.552024,0.243256,0.20472,0.42586422324
136000,0.553184,0.243056,0.20376,0.422532278217
137000,0.554344,0.242968,0.202688,0.424406497293
138000,0.555912,0.24272,0.201368,0.422948771345
139000,0.55724,0.242584,0.200176,0.423573511037
140000,0.55848,0.242432,0.199088,0.424198250729
141000,0.559864,0.242008,0.198128,0.424198250729
142000,0.561296,0.241552,0.197152,0.42586422324
143000,0.56248,0.24128,0.19624,0.427530195752
144000,0.563968,0.240832,0.1952,0.42794668888
145000,0.565288,0.240648,0.194064,0.430653894211
146000,0.56652,0.240432,0.193048,0.430862140775
147000,0.567592,0.240352,0.192056,0.43169512703
148000,0.56884,0.240256,0.190904,0.433361099542
149000,0.570136,0.240056,0.189808,0.432528113286
150000,0.57132,0.239832,0.188848,0.434610578925
151000,0.572544,0.2396,0.187856,0.434402332362
152000,0.573848,0.239488,0.186664,0.434610578925
153000,0.575168,0.239328,0.185504,0.433361099542
154000,0.576416,0.239288,0.184296,0.436693044565
155000,0.577792,0.239136,0.183072,0.436693044565
156000,0.578856,0.239104,0.18204,0.438150770512
157000,0.579832,0.239048,0.18112,0.438150770512
158000,0.580808,0.238872,0.18032,0.441066222407
159000,0.581608,0.238944,0.179448,0.444189920866
160000,0.582792,0.23868,0.178528,0.443773427738
161000,0.583688,0.238728,0.177584,0.444606413994
162000,0.584896,0.23856,0.176544,0.442315701791
163000,0.585984,0.238312,0.175704,0.441482715535
164000,0.587184,0.23816,0.174656,0.442107455227
165000,0.588152,0.238104,0.173744,0.444606413994
166000,0.588968,0.238088,0.172944,0.445022907122
167000,0.590032,0.238072,0.171896,0.447105372761
168000,0.591176,0.238016,0.170808,0.447521865889
169000,0.591904,0.238256,0.16984,0.447730112453
170000,0.592976,0.238104,0.16892,0.447521865889
171000,0.594064,0.23812,0.167816,0.450020824656
172000,0.595064,0.238048,0.166888,0.452936276551
173000,0.596112,0.237944,0.165944,0.453561016243
174000,0.59712,0.23788,0.165,0.45231153686
175000,0.598136,0.237816,0.164048,0.454185755935
176000,0.599184,0.237712,0.163104,0.456268221574
177000,0.6002,0.237856,0.161944,0.45814244065
178000,0.60124,0.237616,0.161144,0.457309454394
179000,0.602272,0.237576,0.160152,0.458767180342
180000,0.603248,0.237576,0.159176,0.460016659725
181000,0.604472,0.237392,0.158136,0.459183673469
182000,0.605448,0.237416,0.157136,0.460641399417
183000,0.606464,0.237376,0.15616,0.460641399417
184000,0.607392,0.237344,0.155264,0.46397334444
185000,0.608312,0.237312,0.154376,0.46397334444
186000,0.6094,0.237184,0.153416,0.46293211162
187000,0.610296,0.23724,0.152464,0.463348604748
188000,0.611152,0.237392,0.151456,0.463765097876
189000,0.612136,0.237456,0.150408,0.46397334444
190000,0.61272,0.23764,0.14964,0.46293211162
191000,0.613632,0.237736,0.148632,0.464598084132
192000,0.61448,0.237904,0.147616,0.466680549771
193000,0.615192,0.238,0.146808,0.467305289463
194000,0.616024,0.238008,0.145968,0.468138275718
195000,0.617104,0.23788,0.145016,0.470012494794
196000,0.617608,0.23832,0.144072,0.470637234486
197000,0.618504,0.238224,0.143272,0.470428987922
198000,0.61932,0.238216,0.142464,0.471678467305
199000,0.620272,0.238112,0.141616,0.473552686381
200000,0.621264,0.238,0.140736,0.472303206997
201000,0.621784,0.238216,0.14,0.471678467305
202000,0.622712,0.238072,0.139216,0.472303206997
203000,0.6238,0.237832,0.138368,0.472511453561
204000,0.624568,0.237928,0.137504,0.471261974177
205000,0.625456,0.237872,0.136672,0.472303206997
206000,0.626344,0.237904,0.135752,0.472927946689
207000,0.626864,0.238,0.135136,0.473552686381
208000,0.627616,0.23808,0.134304,0.473136193253
209000,0.628408,0.238184,0.133408,0.472719700125
210000,0.62912,0.238408,0.132472,0.475010412328
211000,0.629976,0.238392,0.131632,0.476259891712
212000,0.630648,0.238704,0.130648,0.478134110787
213000,0.63112,0.238872,0.130008,0.481257809246
214000,0.631896,0.239008,0.129096,0.481049562682
215000,0.632704,0.239144,0.128152,0.481049562682
216000,0.633376,0.239216,0.127408,0.484589754269
217000,0.63396,0.239352,0.126688,0.483548521449
218000,0.634448,0.239552,0.126,0.483965014577
219000,0.635272,0.239488,0.12524,0.486047480217
220000,0.63596,0.239632,0.124408,0.488754685548
221000,0.636512,0.239944,0.123544,0.490420658059
222000,0.637128,0.240144,0.122728,0.492294877135
223000,0.637768,0.240184,0.122048,0.492503123698
224000,0.638312,0.240256,0.121432,0.49416909621
225000,0.639232,0.240096,0.120672,0.49312786339
226000,0.640032,0.24008,0.119888,0.492294877135
227000,0.640648,0.240224,0.119128,0.494377342774
228000,0.641232,0.24028,0.118488,0.497917534361
229000,0.641824,0.2404,0.117776,0.496043315285
230000,0.642328,0.240496,0.117176,0.495626822157
231000,0.642688,0.240856,0.116456,0.496668054977
232000,0.643312,0.240904,0.115784,0.498125780925
233000,0.643824,0.240992,0.115184,0.5
234000,0.644304,0.241136,0.11456,0.499583506872
235000,0.644888,0.241304,0.113808,0.502498958767
236000,0.645416,0.241368,0.113216,0.504997917534
237000,0.645936,0.241544,0.11252,0.506039150354
238000,0.646448,0.241616,0.111936,0.50583090379
239000,0.646784,0.241936,0.11128,0.507705122865
240000,0.64736,0.242096,0.110544,0.50583090379
241000,0.64792,0.242208,0.109872,0.506663890046
242000,0.648488,0.242296,0.109216,0.509371095377
243000,0.648808,0.242488,0.108704,0.511453561016
244000,0.64944,0.242568,0.107992,0.513327780092
245000,0.649872,0.24292,0.107208,0.513327780092
246000,0.650224,0.243104,0.106672,0.512286547272
247000,0.650344,0.243496,0.10616,0.514785506039
248000,0.6508,0.243728,0.105472,0.516659725115
249000,0.650944,0.244216,0.10484,0.519158683882
250000,0.651664,0.244224,0.104112,0.519366930446
251000,0.651944,0.244776,0.10328,0.518742190754
252000,0.652496,0.24484,0.102664,0.51853394419
253000,0.652912,0.244936,0.102152,0.51853394419
254000,0.653312,0.245224,0.101464,0.518742190754
255000,0.653752,0.245456,0.100792,0.521241149521
256000,0.65432,0.245656,0.100024,0.521241149521
257000,0.654784,0.245808,0.099408,0.522074135777
258000,0.655232,0.245968,0.0988,0.522698875469
259000,0.655496,0.246312,0.098192,0.522282382341
260000,0.655848,0.246584,0.097568,0.522698875469
261000,0.656216,0.246752,0.097032,0.526447313619
262000,0.656464,0.247176,0.09636,0.527696793003
263000,0.657072,0.247272,0.095656,0.529779258642
264000,0.657208,0.247656,0.095136,0.529987505206
265000,0.65736,0.248104,0.094536,0.533319450229
266000,0.657736,0.24836,0.093904,0.535401915868
267000,0.657896,0.248808,0.093296,0.537900874636
268000,0.658096,0.249224,0.09268,0.539775093711
269000,0.658376,0.249544,0.09208,0.543107038734
270000,0.658848,0.249704,0.091448,0.54185755935
271000,0.65932,0.249816,0.090864,0.544148271554
272000,0.659592,0.250216,0.090192,0.543315285298
273000,0.660096,0.250336,0.089568,0.543731778426
274000,0.66036,0.250688,0.088952,0.544356518117
275000,0.660744,0.250864,0.088392,0.545814244065
276000,0.660808,0.251376,0.087816,0.545605997501
277000,0.660688,0.252024,0.087288,0.545189504373
278000,0.661152,0.252192,0.086656,0.547896709704
279000,0.661448,0.252368,0.086184,0.545814244065
280000,0.661752,0.252744,0.085504,0.544148271554
281000,0.6622,0.252808,0.084992,0.544564764681
282000,0.662328,0.253208,0.084464,0.545814244065
283000,0.662712,0.253416,0.083872,0.547063723449
284000,0.66308,0.253488,0.083432,0.547271970012
285000,0.663384,0.253696,0.08292,0.54768846314
286000,0.66396,0.253808,0.082232,0.548104956268
287000,0.664312,0.253984,0.081704,0.546855476885
288000,0.664512,0.254352,0.081136,0.547896709704
289000,0.664864,0.254504,0.080632,0.547480216576
290000,0.664864,0.254944,0.080192,0.545397750937
291000,0.665016,0.255296,0.079688,0.546230737193
292000,0.665336,0.25544,0.079224,0.546855476885
293000,0.665864,0.25536,0.078776,0.54977092878
294000,0.66612,0.255584,0.078296,0.54977092878
295000,0.666112,0.255936,0.077952,0.551020408163
296000,0.666312,0.256312,0.077376,0.552686380675
297000,0.666456,0.256712,0.076832,0.554352353186
298000,0.666728,0.25692,0.076352,0.553727613494
299000,0.667048,0.257072,0.07588,0.554768846314
300000,0.667432,0.257272,0.075296,0.554977092878
301000,0.667832,0.257408,0.07476,0.555185339442
302000,0.66808,0.25764,0.07428,0.556643065389
303000,0.668736,0.25756,0.073704,0.557476051645
304000,0.668992,0.257856,0.073152,0.557684298209
305000,0.668984,0.258224,0.072792,0.553311120367
306000,0.66896,0.258648,0.072392,0.555185339442
307000,0.669384,0.258656,0.07196,0.556643065389
308000,0.669472,0.258952,0.071576,0.55560183257
309000,0.669464,0.259368,0.071168,0.555393586006
310000,0.669536,0.259784,0.07068,0.554768846314
311000,0.669808,0.260032,0.07016,0.553935860058
312000,0.670112,0.260224,0.069664,0.555810079134
313000,0.670304,0.260472,0.069224,0.55560183257
314000,0.670544,0.260576,0.06888,0.55456059975
315000,0.670432,0.261176,0.068392,0.554352353186
316000,0.670528,0.261488,0.067984,0.554768846314
317000,0.670736,0.261704,0.06756,0.553311120367
318000,0.670888,0.261944,0.067168,0.551645147855
319000,0.670936,0.262392,0.066672,0.554768846314
320000,0.671184,0.262496,0.06632,0.555185339442
321000,0.671496,0.262696,0.065808,0.557059558517
322000,0.671688,0.262912,0.0654,0.557684298209
323000,0.671928,0.263016,0.065056,0.558933777593
324000,0.672128,0.263128,0.064744,0.558933777593
325000,0.672648,0.263088,0.064264,0.559975010412
326000,0.672776,0.263296,0.063928,0.56247396918
327000,0.672936,0.263616,0.063448,0.560807996668
328000,0.673272,0.263624,0.063104,0.560599750104
329000,0.673432,0.263912,0.062656,0.561849229488
330000,0.673376,0.264208,0.062416,0.563931695127
331000,0.673712,0.264168,0.06212,0.563931695127
332000,0.673888,0.26436,0.061752,0.562265722616
333000,0.674088,0.264552,0.06136,0.560807996668
334000,0.674112,0.264944,0.060944,0.562890462307
335000,0.674424,0.264984,0.060592,0.563931695127
336000,0.674352,0.26556,0.060088,0.563515201999
337000,0.67448,0.265784,0.059736,0.565181174511
338000,0.67464,0.265992,0.059368,0.568096626406
339000,0.67472,0.266232,0.059048,0.569762598917
340000,0.675144,0.2662,0.058656,0.56726364015
341000,0.675128,0.266512,0.05836,0.569970845481
342000,0.67516,0.266888,0.057952,0.570179092045
343000,0.67536,0.267088,0.057552,0.570387338609
344000,0.675528,0.267424,0.057048,0.569346105789
345000,0.675312,0.267984,0.056704,0.568721366097
346000,0.675464,0.26832,0.056216,0.568929612661
347000,0.67532,0.268864,0.055816,0.569970845481
348000,0.675304,0.269224,0.055472,0.57205331112
349000,0.675376,0.269488,0.055136,0.573302790504
350000,0.675408,0.269776,0.054816,0.573511037068
351000,0.675472,0.27,0.054528,0.573302790504
352000,0.675424,0.270424,0.054152,0.572469804248
353000,0.675296,0.270904,0.0538,0.570595585173
354000,0.67528,0.271296,0.053424,0.570387338609
355000,0.675272,0.271656,0.053072,0.571428571429
356000,0.675272,0.271928,0.0528,0.572886297376
357000,0.675472,0.272128,0.0524,0.571428571429
358000,0.6758,0.272176,0.052024,0.572469804248
359000,0.675856,0.272472,0.051672,0.57309454394
360000,0.676248,0.272448,0.051304,0.57309454394
361000,0.67632,0.27272,0.05096,0.573302790504
362000,0.676336,0.273168,0.050496,0.572261557684
363000,0.676432,0.273472,0.050096,0.572469804248
364000,0.676576,0.273672,0.049752,0.570387338609
365000,0.676552,0.273984,0.049464,0.573511037068
366000,0.67636,0.27448,0.04916,0.57309454394
367000,0.6764,0.274832,0.048768,0.575177009579
368000,0.676456,0.27516,0.048384,0.576634735527
369000,0.676632,0.275336,0.048032,0.575801749271
370000,0.67644,0.275896,0.047664,0.573927530196
371000,0.676328,0.276336,0.047336,0.573927530196
372000,0.676472,0.276592,0.046936,0.574552269888
373000,0.676488,0.276864,0.046648,0.572678050812
374000,0.676336,0.277336,0.046328,0.57309454394
375000,0.67644,0.277568,0.045992,0.573511037068
376000,0.676576,0.277656,0.045768,0.573927530196
377000,0.676472,0.277984,0.045544,0.573927530196
378000,0.67604,0.278536,0.045424,0.571845064556
379000,0.67644,0.278504,0.045056,0.572469804248
380000,0.676408,0.278824,0.044768,0.573927530196
381000,0.676104,0.279344,0.044552,0.573927530196
382000,0.675816,0.279952,0.044232,0.572886297376
383000,0.675896,0.2802,0.043904,0.573719283632
384000,0.675888,0.280592,0.04352,0.574968763015
385000,0.676448,0.280408,0.043144,0.576009995835
386000,0.676456,0.280656,0.042888,0.575177009579
387000,0.676624,0.28088,0.042496,0.574760516451
388000,0.676936,0.28084,0.042224,0.574344023324
389000,0.676576,0.281568,0.041856,0.574552269888
390000,0.676664,0.281864,0.041472,0.574968763015
391000,0.676616,0.282168,0.041216,0.577675968347
392000,0.676728,0.282344,0.040928,0.578508954602
393000,0.676848,0.282512,0.04064,0.580174927114
394000,0.67676,0.282904,0.040336,0.577467721783
395000,0.676464,0.283464,0.040072,0.577259475219
396000,0.676488,0.283808,0.039704,0.578508954602
397000,0.676528,0.284008,0.039464,0.576634735527
398000,0.67652,0.284256,0.039224,0.576218242399
399000,0.676576,0.2844,0.039024,0.57788421491
400000,0.676264,0.284928,0.038808,0.578300708038
401000,0.676336,0.285192,0.038472,0.578717201166
402000,0.675904,0.285904,0.038192,0.577467721783
403000,0.67584,0.286208,0.037952,0.577467721783
404000,0.67592,0.286192,0.037888,0.576009995835
405000,0.675816,0.286552,0.037632,0.578300708038
406000,0.67576,0.286856,0.037384,0.575177009579
407000,0.675792,0.287152,0.037056,0.578092461474
408000,0.675112,0.288008,0.03688,0.576426488963
409000,0.675064,0.288312,0.036624,0.578092461474
410000,0.67492,0.288696,0.036384,0.575177009579
411000,0.674904,0.28904,0.036056,0.573302790504
412000,0.674968,0.289208,0.035824,0.57309454394
413000,0.675016,0.28936,0.035624,0.571220324865
414000,0.675016,0.289584,0.0354,0.570595585173
415000,0.674928,0.289912,0.03516,0.570595585173
416000,0.674952,0.290152,0.034896,0.568513119534
417000,0.675232,0.290104,0.034664,0.568929612661
418000,0.675112,0.29044,0.034448,0.568929612661
419000,0.674816,0.290912,0.034272,0.568513119534
420000,0.674632,0.2914,0.033968,0.569554352353
421000,0.674432,0.291824,0.033744,0.570387338609
422000,0.674648,0.291816,0.033536,0.572886297376
423000,0.674528,0.292072,0.0334,0.572261557684
424000,0.674496,0.292312,0.033192,0.57413577676
425000,0.67452,0.292488,0.032992,0.574760516451
426000,0.674232,0.292912,0.032856,0.574760516451
427000,0.674144,0.293232,0.032624,0.575385256143
428000,0.67396,0.293672,0.032368,0.575177009579
429000,0.673784,0.294176,0.03204,0.575593502707
430000,0.673904,0.294264,0.031832,0.577051228655
431000,0.67376,0.294624,0.031616,0.578300708038
432000,0.673816,0.294784,0.0314,0.576842982091
433000,0.673648,0.295176,0.031176,0.577259475219
434000,0.67372,0.295264,0.031016,0.578717201166
435000,0.673408,0.295792,0.0308,0.579341940858
436000,0.672984,0.296408,0.030608,0.579550187422
437000,0.672856,0.29676,0.030384,0.579133694294
438000,0.67292,0.296976,0.030104,0.580799666805
439000,0.673048,0.297032,0.02992,0.580383173678
440000,0.673104,0.297096,0.0298,0.580591420242
441000,0.673184,0.297272,0.029544,0.58475635152
442000,0.672792,0.297872,0.029336,0.585172844648
443000,0.672544,0.29832,0.029136,0.586214077468
444000,0.672392,0.29868,0.028928,0.588921282799
445000,0.672208,0.299024,0.028768,0.589754269055
446000,0.672256,0.2992,0.028544,0.589546022491
447000,0.672096,0.299552,0.028352,0.591211995002
448000,0.671952,0.299904,0.028144,0.591420241566
449000,0.671768,0.300264,0.027968,0.590795501874
450000,0.671536,0.300672,0.027792,0.586422324032
451000,0.671592,0.30072,0.027688,0.587880049979
452000,0.671312,0.301136,0.027552,0.586630570596
453000,0.671344,0.301296,0.02736,0.585589337776
454000,0.67108,0.30184,0.02708,0.587047063723
455000,0.671128,0.301976,0.026896,0.586214077468
456000,0.671368,0.301888,0.026744,0.587255310287
457000,0.671432,0.301952,0.026616,0.588296543107
458000,0.671288,0.30224,0.026472,0.591211995002
459000,0.671104,0.302576,0.02632,0.591003748438
460000,0.670896,0.30288,0.026224,0.59058725531
461000,0.671088,0.302912,0.026,0.591003748438
462000,0.670984,0.303112,0.025904,0.589754269055
463000,0.670872,0.3034,0.025728,0.589129529363
464000,0.670776,0.303656,0.025568,0.590170762182
465000,0.670624,0.303928,0.025448,0.590795501874
466000,0.670304,0.304376,0.02532,0.59266972095
467000,0.670168,0.304648,0.025184,0.593086214077
468000,0.670104,0.304904,0.024992,0.592044981258
469000,0.670328,0.3048,0.024872,0.594335693461
470000,0.67028,0.305008,0.024712,0.595585172845
471000,0.669992,0.305464,0.024544,0.594960433153
472000,0.669704,0.305872,0.024424,0.595376926281
473000,0.669408,0.306328,0.024264,0.595168679717
474000,0.669096,0.306808,0.024096,0.593294460641
475000,0.669056,0.30696,0.023984,0.593502707205
476000,0.66904,0.307184,0.023776,0.594543940025
477000,0.668728,0.30772,0.023552,0.594127446897
478000,0.668856,0.307672,0.023472,0.594335693461
479000,0.66868,0.307952,0.023368,0.594543940025
480000,0.66856,0.308304,0.023136,0.597042898792
481000,0.668824,0.308224,0.022952,0.598708871304
482000,0.668832,0.3084,0.022768,0.598917117868
483000,0.668536,0.308896,0.022568,0.59850062474
484000,0.668216,0.309392,0.022392,0.599958350687
485000,0.667928,0.309848,0.022224,0.597042898792
486000,0.66784,0.310072,0.022088,0.598084131612
487000,0.667824,0.310248,0.021928,0.597042898792
488000,0.667648,0.310552,0.0218,0.596626405664
489000,0.667664,0.310672,0.021664,0.594960433153
490000,0.667344,0.311128,0.021528,0.591211995002
491000,0.667264,0.3114,0.021336,0.592253227822
492000,0.667368,0.311344,0.021288,0.589962515618
493000,0.6674,0.311432,0.021168,0.588088296543
494000,0.667288,0.311632,0.02108,0.589337775927
495000,0.666968,0.312168,0.020864,0.590795501874
496000,0.666792,0.31252,0.020688,0.59162848813
497000,0.666792,0.312696,0.020512,0.591211995002
498000,0.666696,0.312936,0.020368,0.592877967514
499000,0.66644,0.313344,0.020216,0.594752186589
500000,0.666672,0.313256,0.020072,0.595585172845
501000,0.666352,0.313664,0.019984,0.597042898792
502000,0.665992,0.314144,0.019864,0.598292378176
503000,0.665792,0.314496,0.019712,0.59745939192
504000,0.665784,0.314608,0.019608,0.596626405664
505000,0.665664,0.314848,0.019488,0.599958350687
506000,0.665992,0.314704,0.019304,0.600166597251
507000,0.666048,0.314728,0.019224,0.597667638484
508000,0.66608,0.314792,0.019128,0.597667638484
509000,0.665848,0.315056,0.019096,0.598708871304
510000,0.665896,0.315136,0.018968,0.598292378176
511000,0.66596,0.315216,0.018824,0.599541857559
512000,0.666016,0.315248,0.018736,0.598708871304
513000,0.665752,0.315664,0.018584,0.596834652228
514000,0.665696,0.315944,0.01836,0.594127446897
515000,0.665632,0.316144,0.018224,0.593086214077
516000,0.665336,0.316592,0.018072,0.593502707205
517000,0.665264,0.316832,0.017904,0.592044981258
518000,0.665192,0.317064,0.017744,0.593086214077
519000,0.665096,0.31728,0.017624,0.594335693461
520000,0.665064,0.317416,0.01752,0.593710953769
521000,0.66492,0.31764,0.01744,0.595168679717
522000,0.664984,0.317648,0.017368,0.597251145356
523000,0.664688,0.318104,0.017208,0.59850062474
524000,0.664704,0.31816,0.017136,0.598708871304
525000,0.6646,0.318336,0.017064,0.5964181591
526000,0.664536,0.318496,0.016968,0.59745939192
527000,0.664088,0.319008,0.016904,0.59745939192
528000,0.664,0.31924,0.01676,0.597042898792
529000,0.663992,0.319288,0.01672,0.597251145356
530000,0.66396,0.319432,0.016608,0.597667638484
531000,0.663536,0.319968,0.016496,0.597875885048
532000,0.66328,0.320368,0.016352,0.595793419409
533000,0.663232,0.320512,0.016256,0.596209912536
534000,0.66328,0.320544,0.016176,0.595168679717
535000,0.663304,0.320664,0.016032,0.594960433153
536000,0.663488,0.32056,0.015952,0.5964181591
537000,0.663512,0.320648,0.01584,0.594752186589
538000,0.663024,0.321272,0.015704,0.594543940025
539000,0.662672,0.321784,0.015544,0.595585172845
540000,0.662464,0.322112,0.015424,0.595168679717
541000,0.6624,0.322304,0.015296,0.593710953769
542000,0.662056,0.322712,0.015232,0.59162848813
543000,0.66172,0.323176,0.015104,0.592253227822
544000,0.661488,0.323536,0.014976,0.594127446897
545000,0.661544,0.323576,0.01488,0.595793419409
546000,0.661472,0.323792,0.014736,0.594127446897
547000,0.66152,0.323904,0.014576,0.594335693461
548000,0.661456,0.324128,0.014416,0.593502707205
549000,0.661328,0.324328,0.014344,0.594960433153
550000,0.661216,0.324568,0.014216,0.593502707205
551000,0.660928,0.324936,0.014136,0.594127446897
552000,0.660904,0.325072,0.014024,0.593502707205
553000,0.660816,0.325272,0.013912,0.595168679717
554000,0.66044,0.325712,0.013848,0.593919200333
555000,0.66028,0.325936,0.013784,0.593919200333
556000,0.660184,0.326144,0.013672,0.594752186589
557000,0.660264,0.326192,0.013544,0.593710953769
558000,0.660112,0.326456,0.013432,0.591836734694
559000,0.659888,0.32676,0.013352,0.590795501874
560000,0.659856,0.326864,0.01328,0.59058725531
561000,0.659616,0.327216,0.013168,0.590170762182
562000,0.659568,0.327336,0.013096,0.589754269055
563000,0.659248,0.327728,0.013024,0.587255310287
564000,0.659352,0.32772,0.012928,0.587463556851
565000,0.659424,0.327728,0.012848,0.587880049979
566000,0.65936,0.327872,0.012768,0.588296543107
567000,0.659456,0.327888,0.012656,0.587047063723
568000,0.659352,0.328152,0.012496,0.58579758434
569000,0.65932,0.328248,0.012432,0.587255310287
570000,0.659184,0.328496,0.01232,0.590379008746
571000,0.659104,0.328672,0.012224,0.588921282799
572000,0.658968,0.328848,0.012184,0.588921282799
573000,0.658992,0.32896,0.012048,0.587463556851
574000,0.658776,0.329224,0.012,0.586630570596
575000,0.658664,0.32932,0.012016,0.586005830904
576000,0.659008,0.32904,0.011952,0.587671803415
577000,0.658896,0.329256,0.011848,0.587671803415
578000,0.658904,0.329336,0.01176,0.58683881716
579000,0.658952,0.329376,0.011672,0.586630570596
580000,0.658544,0.329872,0.011584,0.58579758434
581000,0.658592,0.329944,0.011464,0.586422324032
582000,0.658928,0.329696,0.011376,0.584964598084
583000,0.65868,0.330048,0.011272,0.583715118701
584000,0.658608,0.330192,0.0112,0.582257392753
585000,0.658424,0.330448,0.011128,0.583298625573
586000,0.658352,0.330632,0.011016,0.58475635152
587000,0.65788,0.331144,0.010976,0.582673885881
588000,0.657976,0.331096,0.010928,0.580174927114
589000,0.658,0.331168,0.010832,0.578508954602
590000,0.657696,0.33156,0.010744,0.578508954602
591000,0.657624,0.331696,0.01068,0.57892544773
592000,0.657672,0.331728,0.0106,0.57892544773
593000,0.657864,0.33168,0.010456,0.57892544773
594000,0.657768,0.33188,0.010352,0.579341940858
595000,0.657472,0.332216,0.010312,0.583298625573
596000,0.657224,0.33252,0.010256,0.57996668055
597000,0.657328,0.332512,0.01016,0.580591420242
598000,0.657272,0.332616,0.010112,0.578300708038
599000,0.65704,0.332912,0.010048,0.579133694294
600000,0.656928,0.333072,0.01,0.57892544773
601000,0.656888,0.333208,0.009904,0.579341940858
602000,0.65684,0.333304,0.009856,0.580174927114
603000,0.656744,0.333464,0.009792,0.577259475219
604000,0.656552,0.333704,0.009744,0.575593502707
605000,0.656552,0.333752,0.009696,0.577259475219
606000,0.656496,0.333856,0.009648,0.576842982091
607000,0.656304,0.33412,0.009576,0.576426488963
608000,0.656128,0.334376,0.009496,0.575177009579
609000,0.655888,0.334672,0.00944,0.576009995835
610000,0.655704,0.334936,0.00936,0.574760516451
611000,0.655456,0.335248,0.009296,0.574552269888
612000,0.655552,0.335192,0.009256,0.576426488963
613000,0.655304,0.335472,0.009224,0.576218242399
614000,0.65508,0.335776,0.009144,0.577259475219
615000,0.655024,0.335896,0.00908,0.577467721783
616000,0.65468,0.336312,0.009008,0.577051228655
617000,0.654608,0.336448,0.008944,0.576009995835
618000,0.654456,0.336672,0.008872,0.577051228655
619000,0.654448,0.33672,0.008832,0.576842982091
620000,0.654304,0.336952,0.008744,0.579550187422
621000,0.654264,0.337048,0.008688,0.578508954602
622000,0.65392,0.337416,0.008664,0.57892544773
623000,0.653776,0.3376,0.008624,0.577675968347
624000,0.65352,0.337936,0.008544,0.577259475219
625000,0.653048,0.338464,0.008488,0.579341940858
626000,0.653064,0.338528,0.008408,0.580383173678
627000,0.652864,0.33884,0.008296,0.579550187422
628000,0.652568,0.339192,0.00824,0.580383173678
629000,0.652456,0.339352,0.008192,0.579758433986
630000,0.652232,0.339656,0.008112,0.578092461474
631000,0.65236,0.339576,0.008064,0.576218242399
632000,0.652088,0.33992,0.007992,0.578300708038
633000,0.6518,0.340256,0.007944,0.580591420242
634000,0.651864,0.340224,0.007912,0.581424406497
635000,0.651552,0.340592,0.007856,0.579341940858
636000,0.651448,0.340752,0.0078,0.578092461474
637000,0.6516,0.34064,0.00776,0.577467721783
638000,0.651464,0.340816,0.00772,0.580383173678
639000,0.651592,0.34076,0.007648,0.579133694294
640000,0.65164,0.340816,0.007544,0.580174927114
641000,0.651296,0.341256,0.007448,0.578300708038
642000,0.651216,0.341392,0.007392,0.57788421491
643000,0.651328,0.341376,0.007296,0.576842982091
644000,0.651496,0.34128,0.007224,0.577051228655
645000,0.651528,0.341296,0.007176,0.576009995835
646000,0.651616,0.34124,0.007144,0.574968763015
647000,0.651624,0.341256,0.00712,0.573719283632
648000,0.651568,0.341392,0.00704,0.575385256143
649000,0.651416,0.34156,0.007024,0.575385256143
650000,0.65116,0.341896,0.006944,0.572678050812
651000,0.65076,0.342328,0.006912,0.575177009579
652000,0.650728,0.342448,0.006824,0.576009995835
653000,0.650528,0.342704,0.006768,0.578508954602
654000,0.650224,0.34304,0.006736,0.578092461474
655000,0.650472,0.342808,0.00672,0.577259475219
656000,0.650432,0.342888,0.00668,0.579758433986
657000,0.650144,0.3432,0.006656,0.580383173678
658000,0.649904,0.343456,0.00664,0.578300708038
659000,0.649872,0.343536,0.006592,0.577675968347
660000,0.649608,0.343816,0.006576,0.577675968347
661000,0.649408,0.34404,0.006552,0.577051228655
662000,0.64912,0.344336,0.006544,0.578092461474
663000,0.649448,0.34408,0.006472,0.579550187422
664000,0.649296,0.344296,0.006408,0.579133694294
665000,0.648888,0.344744,0.006368,0.57892544773
666000,0.648568,0.345136,0.006296,0.579550187422
667000,0.64876,0.344976,0.006264,0.578717201166
668000,0.648672,0.345096,0.006232,0.578092461474
669000,0.648384,0.345432,0.006184,0.577051228655
670000,0.648344,0.345512,0.006144,0.577051228655
671000,0.648112,0.345776,0.006112,0.579550187422
672000,0.647928,0.346024,0.006048,0.577675968347
673000,0.647864,0.346144,0.005992,0.575801749271
674000,0.647688,0.346336,0.005976,0.571845064556
675000,0.647656,0.346416,0.005928,0.57309454394
676000,0.647632,0.346448,0.00592,0.572261557684
677000,0.647416,0.346704,0.00588,0.572886297376
678000,0.647296,0.346872,0.005832,0.573927530196
679000,0.647272,0.346936,0.005792,0.575177009579
680000,0.647056,0.347192,0.005752,0.575593502707
681000,0.646872,0.3474,0.005728,0.57309454394
682000,0.646776,0.347576,0.005648,0.571636817993
683000,0.646568,0.347824,0.005608,0.572886297376
684000,0.646624,0.347792,0.005584,0.571428571429
685000,0.646808,0.347632,0.00556,0.571428571429
686000,0.64712,0.34736,0.00552,0.57205331112
687000,0.646896,0.347624,0.00548,0.571220324865
688000,0.64684,0.34772,0.00544,0.570387338609
689000,0.646728,0.347848,0.005424,0.569554352353
690000,0.646264,0.348336,0.0054,0.568721366097
691000,0.646232,0.348408,0.00536,0.568929612661
692000,0.64592,0.348736,0.005344,0.56622240733
693000,0.645832,0.34888,0.005288,0.568513119534
694000,0.64596,0.348824,0.005216,0.565181174511
695000,0.645656,0.34916,0.005184,0.564972927947
696000,0.64596,0.348904,0.005136,0.566430653894
697000,0.64548,0.3494,0.00512,0.566847147022
698000,0.645352,0.349568,0.00508,0.56726364015
699000,0.645208,0.349776,0.005016,0.56726364015
700000,0.645128,0.349904,0.004968,0.568513119534
701000,0.64484,0.350248,0.004912,0.569346105789
702000,0.644832,0.350296,0.004872,0.568513119534
703000,0.644832,0.35032,0.004848,0.568929612661
704000,0.644656,0.350528,0.004816,0.567471886714
705000,0.644584,0.350616,0.0048,0.568513119534
706000,0.644376,0.350856,0.004768,0.566430653894
707000,0.644248,0.351024,0.004728,0.567680133278
708000,0.644096,0.351224,0.00468,0.568096626406
709000,0.643832,0.351528,0.00464,0.569554352353
710000,0.643992,0.3514,0.004608,0.568929612661
711000,0.64404,0.3514,0.00456,0.568096626406
712000,0.64376,0.351696,0.004544,0.568721366097
713000,0.644064,0.351416,0.00452,0.566430653894
714000,0.644112,0.351376,0.004512,0.568721366097
715000,0.643904,0.351624,0.004472,0.566014160766
716000,0.64392,0.351632,0.004448,0.566847147022
717000,0.643872,0.351712,0.004416,0.564764681383
718000,0.64376,0.35184,0.0044,0.564348188255
719000,0.643648,0.351984,0.004368,0.564556434819
720000,0.643696,0.351992,0.004312,0.564556434819
721000,0.643408,0.352296,0.004296,0.564972927947
722000,0.643328,0.352416,0.004256,0.562265722616
723000,0.643312,0.352472,0.004216,0.562265722616
724000,0.643272,0.35252,0.004208,0.560599750104
725000,0.642928,0.35288,0.004192,0.56143273636
726000,0.642888,0.352952,0.00416,0.560807996668
727000,0.642632,0.353232,0.004136,0.561224489796
728000,0.6426,0.353272,0.004128,0.559766763848
729000,0.64248,0.3534,0.00412,0.558725531029
730000,0.642256,0.35364,0.004104,0.556434818825
731000,0.642072,0.35388,0.004048,0.553935860058
732000,0.641672,0.354288,0.00404,0.557267805081
733000,0.641864,0.354096,0.00404,0.559766763848
734000,0.641856,0.354136,0.004008,0.557267805081
735000,0.641328,0.35468,0.003992,0.556643065389
736000,0.641048,0.355,0.003952,0.555393586006
737000,0.641176,0.354912,0.003912,0.557892544773
738000,0.641008,0.355096,0.003896,0.558309037901
739000,0.64096,0.355176,0.003864,0.557476051645
740000,0.640944,0.355232,0.003824,0.559558517284
741000,0.64084,0.355368,0.003792,0.559350270721
742000,0.640944,0.35528,0.003776,0.559766763848
743000,0.640728,0.355496,0.003776,0.559766763848
744000,0.64064,0.355608,0.003752,0.563515201999
745000,0.640792,0.355488,0.00372,0.564348188255
746000,0.640424,0.355904,0.003672,0.564764681383
747000,0.64048,0.35588,0.00364,0.567888379842
748000,0.640408,0.35596,0.003632,0.567888379842
749000,0.64048,0.355896,0.003624,0.565805914202
750000,0.640392,0.356008,0.0036,0.567888379842
751000,0.640256,0.356176,0.003568,0.568929612661
752000,0.640072,0.3564,0.003528,0.569762598917
753000,0.63984,0.35664,0.00352,0.570179092045
754000,0.640064,0.356456,0.00348,0.570803831737
755000,0.639712,0.356856,0.003432,0.57205331112
756000,0.639656,0.35696,0.003384,0.57309454394
757000,0.639712,0.35692,0.003368,0.572469804248
758000,0.639656,0.356992,0.003352,0.573719283632
759000,0.639632,0.357064,0.003304,0.572886297376
760000,0.639808,0.356896,0.003296,0.572261557684
761000,0.639416,0.35732,0.003264,0.573302790504
762000,0.639416,0.357368,0.003216,0.570803831737
763000,0.639312,0.35748,0.003208,0.568513119534
764000,0.639296,0.357528,0.003176,0.56830487297
765000,0.639072,0.3578,0.003128,0.56726364015
766000,0.638992,0.357904,0.003104,0.566847147022
767000,0.639112,0.357824,0.003064,0.567471886714
768000,0.63936,0.357624,0.003016,0.566638900458
769000,0.639184,0.357816,0.003,0.567680133278
770000,0.639032,0.357976,0.002992,0.569554352353
771000,0.638864,0.35816,0.002976,0.573302790504
772000,0.63884,0.358192,0.002968,0.573927530196
773000,0.638816,0.358224,0.00296,0.576218242399
774000,0.638872,0.358192,0.002936,0.577259475219
775000,0.63868,0.358432,0.002888,0.575593502707
776000,0.638552,0.358576,0.002872,0.576842982091
777000,0.63828,0.358872,0.002848,0.577467721783
778000,0.638,0.35916,0.00284,0.576426488963
779000,0.637808,0.35936,0.002832,0.577675968347
780000,0.637712,0.359464,0.002824,0.576426488963
781000,0.637616,0.359592,0.002792,0.576634735527
782000,0.637616,0.3596,0.002784,0.574760516451
783000,0.637408,0.359848,0.002744,0.576842982091
784000,0.63756,0.35972,0.00272,0.577259475219
785000,0.63744,0.359856,0.002704,0.576634735527
786000,0.637456,0.35984,0.002704,0.575801749271
787000,0.63732,0.36,0.00268,0.576842982091
788000,0.636936,0.3604,0.002664,0.576634735527
789000,0.63696,0.360392,0.002648,0.575593502707
790000,0.63688,0.360488,0.002632,0.575801749271
791000,0.636792,0.360616,0.002592,0.576426488963
792000,0.637008,0.360408,0.002584,0.573927530196
793000,0.6368,0.360632,0.002568,0.573719283632
794000,0.636664,0.360816,0.00252,0.57413577676
795000,0.636376,0.36112,0.002504,0.574968763015
796000,0.636208,0.361296,0.002496,0.574344023324
797000,0.635992,0.36152,0.002488,0.573927530196
798000,0.63596,0.361568,0.002472,0.573719283632
799000,0.635728,0.361808,0.002464,0.57309454394
800000,0.635624,0.361936,0.00244,0.571845064556
801000,0.635592,0.361984,0.002424,0.569762598917
802000,0.635448,0.362168,0.002384,0.569554352353
803000,0.635568,0.36208,0.002352,0.569762598917
804000,0.635408,0.362272,0.00232,0.570595585173
805000,0.635512,0.362216,0.002272,0.57309454394
806000,0.63516,0.362592,0.002248,0.573927530196
807000,0.634992,0.362768,0.00224,0.574344023324
808000,0.635016,0.362744,0.00224,0.573719283632
809000,0.634816,0.362952,0.002232,0.574552269888
810000,0.634912,0.362872,0.002216,0.57413577676
811000,0.634464,0.36332,0.002216,0.576218242399
812000,0.634432,0.363368,0.0022,0.576426488963
813000,0.634408,0.363424,0.002168,0.578508954602
814000,0.634592,0.363256,0.002152,0.579341940858
815000,0.634656,0.3632,0.002144,0.578092461474
816000,0.634792,0.363072,0.002136,0.57996668055
817000,0.634848,0.363024,0.002128,0.578717201166
818000,0.634784,0.363088,0.002128,0.578300708038
819000,0.634872,0.363016,0.002112,0.578300708038
820000,0.634552,0.363328,0.00212,0.574344023324
821000,0.634496,0.363384,0.00212,0.572886297376
822000,0.634512,0.363384,0.002104,0.570387338609
823000,0.634488,0.363432,0.00208,0.571012078301
824000,0.634176,0.363744,0.00208,0.569970845481
825000,0.63444,0.363504,0.002056,0.570179092045
826000,0.634432,0.36352,0.002048,0.570179092045
827000,0.634336,0.36368,0.001984,0.571845064556
828000,0.634136,0.363896,0.001968,0.570803831737
829000,0.63428,0.36376,0.00196,0.570595585173
830000,0.634296,0.363752,0.001952,0.572261557684
831000,0.634264,0.363808,0.001928,0.570387338609
832000,0.634016,0.364056,0.001928,0.569970845481
