1000,0.333297,0.333484,0.333219,0.338332823181
2000,0.333466,0.333512,0.333022,0.337924701561
3000,0.333592,0.333525,0.332883,0.337975716764
4000,0.333772,0.33354,0.332688,0.338077747169
5000,0.333946,0.333545,0.332509,0.338281807979
6000,0.334115,0.333532,0.332353,0.338740944802
7000,0.334294,0.333524,0.332182,0.338996020814
8000,0.334425,0.333531,0.332044,0.339149066422
9000,0.334631,0.333494,0.331875,0.339353127232
10000,0.334816,0.333491,0.331693,0.339353127232
11000,0.334987,0.333461,0.331552,0.339353127232
12000,0.335145,0.333467,0.331388,0.339251096827
13000,0.335345,0.33344,0.331215,0.338945005612
14000,0.335491,0.333451,0.331058,0.338996020814
15000,0.335631,0.333469,0.3309,0.339251096827
16000,0.335759,0.333469,0.330772,0.339353127232
17000,0.335961,0.333463,0.330576,0.339353127232
18000,0.336141,0.333453,0.330406,0.339200081624
19000,0.336348,0.333427,0.330225,0.339251096827
20000,0.336507,0.333435,0.330058,0.338791960004
21000,0.336659,0.333459,0.329882,0.338945005612
22000,0.336816,0.333472,0.329712,0.338945005612
23000,0.336952,0.333472,0.329576,0.339302112029
24000,0.337093,0.333493,0.329414,0.339200081624
25000,0.337272,0.333487,0.329241,0.339302112029
26000,0.337394,0.333507,0.329099,0.339404142434
27000,0.337587,0.333496,0.328917,0.339149066422
28000,0.337787,0.333467,0.328746,0.339302112029
29000,0.337945,0.333489,0.328566,0.339302112029
30000,0.33808,0.333505,0.328415,0.339200081624
31000,0.33823,0.333542,0.328228,0.33950617284
32000,0.338391,0.333581,0.328028,0.339455157637
33000,0.338544,0.333582,0.327874,0.33971023365
34000,0.338673,0.333613,0.327714,0.339965309662
35000,0.338808,0.333651,0.327541,0.339659218447
36000,0.338932,0.333678,0.32739,0.339812264055
37000,0.339082,0.333695,0.327223,0.339863279257
38000,0.339221,0.333724,0.327055,0.339761248852
39000,0.339349,0.333747,0.326904,0.33971023365
40000,0.33953,0.333753,0.326717,0.339761248852
41000,0.339718,0.333762,0.32652,0.340016324865
42000,0.339885,0.333766,0.326349,0.339812264055
43000,0.340047,0.333771,0.326182,0.339965309662
44000,0.340205,0.333779,0.326016,0.33991429446
45000,0.340372,0.333768,0.32586,0.340220385675
46000,0.34057,0.333807,0.325623,0.34011835527
47000,0.340769,0.333781,0.32545,0.340067340067
48000,0.340891,0.333783,0.325326,0.339812264055
49000,0.34104,0.333777,0.325183,0.339761248852
50000,0.341225,0.333767,0.325008,0.34011835527
51000,0.341403,0.333766,0.324831,0.340373431283
52000,0.341571,0.333748,0.324681,0.340271400877
53000,0.341708,0.333787,0.324505,0.340220385675
54000,0.341821,0.333822,0.324357,0.340016324865
55000,0.342004,0.333801,0.324195,0.33971023365
56000,0.342173,0.33384,0.323987,0.339761248852
57000,0.342347,0.333821,0.323832,0.340424446485
58000,0.342519,0.333836,0.323645,0.340781552903
59000,0.342714,0.333825,0.323461,0.340832568105
60000,0.34285,0.333852,0.323298,0.341036628915
61000,0.342982,0.333862,0.323156,0.3407305377
62000,0.343149,0.33387,0.322981,0.340628507295
63000,0.343299,0.333889,0.322812,0.34052647689
64000,0.343463,0.333899,0.322638,0.340373431283
65000,0.343613,0.333917,0.32247,0.340220385675
66000,0.343801,0.333934,0.322265,0.34011835527
67000,0.343964,0.333936,0.3221,0.340220385675
68000,0.344153,0.333945,0.321902,0.340475461688
69000,0.344299,0.333979,0.321722,0.340679522498
70000,0.344482,0.333961,0.321557,0.340832568105
71000,0.344627,0.333989,0.321384,0.341393735333
72000,0.344814,0.334036,0.32115,0.341444750536
73000,0.34494,0.334074,0.320986,0.341291704928
74000,0.345061,0.334086,0.320853,0.341087644118
75000,0.345269,0.334044,0.320687,0.340883583308
76000,0.345439,0.334036,0.320525,0.341036628915
77000,0.345633,0.334049,0.320318,0.341546780941
78000,0.345791,0.334082,0.320127,0.341597796143
79000,0.345949,0.334085,0.319966,0.341648811346
80000,0.346088,0.334115,0.319797,0.341648811346
81000,0.34622,0.334115,0.319665,0.341342720131
82000,0.346381,0.334122,0.319497,0.341444750536
83000,0.346542,0.334132,0.319326,0.341291704928
84000,0.346726,0.334135,0.319139,0.34113865932
85000,0.34689,0.334141,0.318969,0.34113865932
86000,0.347046,0.334139,0.318815,0.34113865932
87000,0.347188,0.334143,0.318669,0.340832568105
88000,0.347358,0.33416,0.318482,0.340832568105
89000,0.347523,0.334179,0.318298,0.341240689726
90000,0.347721,0.334194,0.318085,0.34113865932
91000,0.347829,0.334252,0.317919,0.34113865932
92000,0.347992,0.33426,0.317748,0.341393735333
93000,0.34812,0.334257,0.317623,0.341342720131
94000,0.34828,0.334272,0.317448,0.34113865932
95000,0.348427,0.334307,0.317266,0.340679522498
96000,0.348552,0.334367,0.317081,0.3407305377
97000,0.348718,0.334388,0.316894,0.340883583308
98000,0.348845,0.334428,0.316727,0.340832568105
99000,0.348996,0.334437,0.316567,0.340985613713
100000,0.349138,0.334436,0.316426,0.341189674523
101000,0.349276,0.334431,0.316293,0.341342720131
102000,0.349437,0.334456,0.316107,0.340985613713
103000,0.349556,0.334494,0.31595,0.34093459851
104000,0.349728,0.334502,0.31577,0.341087644118
105000,0.349859,0.334552,0.315589,0.3407305377
106000,0.350033,0.334539,0.315428,0.3407305377
107000,0.350222,0.334513,0.315265,0.340883583308
108000,0.350373,0.334513,0.315114,0.341189674523
109000,0.350561,0.334521,0.314918,0.341087644118
110000,0.350688,0.334563,0.314749,0.34113865932
111000,0.350869,0.334569,0.314562,0.341036628915
112000,0.350998,0.334605,0.314397,0.341087644118
113000,0.351151,0.334614,0.314235,0.341087644118
114000,0.351316,0.334624,0.31406,0.341240689726
115000,0.351466,0.334658,0.313876,0.340832568105
116000,0.351635,0.334636,0.313729,0.340781552903
117000,0.351765,0.334655,0.31358,0.340781552903
118000,0.35192,0.33466,0.31342,0.340781552903
119000,0.352079,0.334694,0.313227,0.340883583308
120000,0.352239,0.334713,0.313048,0.341189674523
121000,0.352411,0.334729,0.31286,0.34113865932
122000,0.352539,0.33476,0.312701,0.341189674523
123000,0.352708,0.334766,0.312526,0.341393735333
124000,0.352912,0.334733,0.312355,0.341342720131
125000,0.353044,0.334783,0.312173,0.341597796143
126000,0.353236,0.334764,0.312,0.341648811346
127000,0.353409,0.334774,0.311817,0.341699826548
128000,0.353565,0.334778,0.311657,0.341801856953
129000,0.35373,0.334797,0.311473,0.341597796143
130000,0.353936,0.334797,0.311267,0.341648811346
131000,0.354087,0.334803,0.31111,0.341801856953
132000,0.354257,0.334809,0.310934,0.341648811346
133000,0.354394,0.334861,0.310745,0.341291704928
134000,0.354554,0.334899,0.310547,0.341393735333
135000,0.354699,0.334911,0.31039,0.341444750536
136000,0.354868,0.33489,0.310242,0.341597796143
137000,0.355017,0.334933,0.31005,0.341750841751
138000,0.355159,0.334964,0.309877,0.341495765738
139000,0.355327,0.334942,0.309731,0.341699826548
140000,0.355492,0.334975,0.309533,0.341750841751
141000,0.355681,0.334969,0.30935,0.341852872156
142000,0.355808,0.334999,0.309193,0.342005917763
143000,0.355917,0.335053,0.30903,0.341750841751
144000,0.356061,0.335075,0.308864,0.341495765738
145000,0.356231,0.335098,0.308671,0.341546780941
146000,0.35637,0.335106,0.308524,0.341597796143
147000,0.356521,0.335142,0.308337,0.341546780941
148000,0.356651,0.335185,0.308164,0.341597796143
149000,0.35681,0.335222,0.307968,0.341852872156
150000,0.356974,0.335224,0.307802,0.341750841751
151000,0.3571,0.335243,0.307657,0.341291704928
152000,0.357202,0.335271,0.307527,0.341291704928
153000,0.357351,0.335301,0.307348,0.34113865932
154000,0.357518,0.335338,0.307144,0.341189674523
155000,0.357686,0.335324,0.30699,0.341291704928
156000,0.357835,0.335358,0.306807,0.341699826548
157000,0.358008,0.335383,0.306609,0.341648811346
158000,0.358152,0.335398,0.30645,0.341648811346
159000,0.358302,0.335411,0.306287,0.342056932966
160000,0.35847,0.335408,0.306122,0.342260993776
161000,0.358624,0.33542,0.305956,0.342465054586
162000,0.358771,0.335453,0.305776,0.342516069789
163000,0.358937,0.335482,0.305581,0.342567084991
164000,0.359102,0.335474,0.305424,0.342465054586
165000,0.359293,0.33548,0.305227,0.342363024181
166000,0.359453,0.335511,0.305036,0.342414039384
167000,0.359607,0.335527,0.304866,0.342107948169
168000,0.35975,0.335566,0.304684,0.342414039384
169000,0.359884,0.335585,0.304531,0.342465054586
170000,0.360038,0.335599,0.304363,0.342209978574
171000,0.360212,0.335611,0.304177,0.342312008979
172000,0.360381,0.335607,0.304012,0.342414039384
173000,0.360515,0.335637,0.303848,0.342567084991
174000,0.360658,0.335668,0.303674,0.342873176207
175000,0.360783,0.335705,0.303512,0.342975206612
176000,0.360922,0.335749,0.303329,0.342465054586
177000,0.361097,0.335777,0.303126,0.342414039384
178000,0.361278,0.335771,0.302951,0.342618100194
179000,0.361436,0.335791,0.302773,0.342516069789
180000,0.361568,0.335819,0.302613,0.342618100194
181000,0.361709,0.335824,0.302467,0.342669115396
182000,0.361888,0.335805,0.302307,0.342975206612
183000,0.362021,0.33581,0.302169,0.343128252219
184000,0.362179,0.335832,0.301989,0.343077237017
185000,0.362333,0.335858,0.301809,0.343383328232
186000,0.36252,0.335856,0.301624,0.343689419447
187000,0.36267,0.335874,0.301456,0.343842465055
188000,0.362841,0.335897,0.301262,0.34414855627
189000,0.362952,0.335936,0.301112,0.344505662687
190000,0.363084,0.335961,0.300955,0.344862769105
191000,0.363231,0.336001,0.300768,0.3447607387
192000,0.363347,0.336068,0.300585,0.345015814713
193000,0.363478,0.336108,0.300414,0.345066829915
194000,0.363591,0.33614,0.300269,0.344811753903
195000,0.363745,0.336134,0.300121,0.344709723498
196000,0.363909,0.33612,0.299971,0.345117845118
197000,0.364072,0.336112,0.299816,0.345066829915
198000,0.364233,0.336102,0.299665,0.344862769105
199000,0.364417,0.336099,0.299484,0.344607693093
200000,0.364594,0.336099,0.299307,0.344811753903
201000,0.364744,0.3361,0.299156,0.345066829915
202000,0.364921,0.336097,0.298982,0.34496479951
203000,0.365059,0.336116,0.298825,0.345117845118
204000,0.365177,0.336149,0.298674,0.345576981941
205000,0.365297,0.336193,0.29851,0.345679012346
206000,0.365501,0.336193,0.298306,0.346036118763
207000,0.365641,0.336212,0.298147,0.346138149168
208000,0.365782,0.336229,0.297989,0.346087133966
209000,0.365943,0.336249,0.297808,0.345985103561
210000,0.366078,0.336288,0.297634,0.346291194776
211000,0.366184,0.336348,0.297468,0.345934088358
212000,0.366292,0.336389,0.297319,0.345934088358
213000,0.366428,0.336394,0.297178,0.345576981941
214000,0.366554,0.336425,0.297021,0.345576981941
215000,0.366693,0.336436,0.296871,0.345423936333
216000,0.366837,0.336436,0.296727,0.34537292113
217000,0.366935,0.336491,0.296574,0.34516886032
218000,0.367057,0.336531,0.296412,0.345270890725
219000,0.367211,0.336538,0.296251,0.345474951536
220000,0.367355,0.336579,0.296066,0.345576981941
221000,0.367516,0.33658,0.295904,0.345270890725
222000,0.367679,0.3366,0.295721,0.34537292113
223000,0.367787,0.336638,0.295575,0.345321905928
224000,0.367924,0.336666,0.29541,0.345627997143
225000,0.368103,0.33668,0.295217,0.345627997143
226000,0.368217,0.336727,0.295056,0.345627997143
227000,0.368356,0.336747,0.294897,0.345730027548
228000,0.368505,0.33677,0.294725,0.345781042751
229000,0.368684,0.336755,0.294561,0.345832057953
230000,0.368837,0.3368,0.294363,0.345730027548
231000,0.368958,0.336829,0.294213,0.345730027548
232000,0.369106,0.336843,0.294051,0.345730027548
233000,0.369229,0.336871,0.2939,0.345730027548
234000,0.369391,0.336876,0.293733,0.345730027548
235000,0.36959,0.336877,0.293533,0.345730027548
236000,0.369736,0.336909,0.293355,0.345832057953
237000,0.369887,0.336919,0.293194,0.345883073156
238000,0.370005,0.336978,0.293017,0.345781042751
239000,0.370119,0.337021,0.29286,0.345883073156
240000,0.3703,0.337014,0.292686,0.345627997143
241000,0.370461,0.337004,0.292535,0.345525966738
242000,0.370611,0.336997,0.292392,0.345576981941
243000,0.370777,0.337004,0.292219,0.345219875523
244000,0.370907,0.337023,0.29207,0.345474951536
245000,0.371071,0.337072,0.291857,0.345525966738
246000,0.371252,0.337079,0.291669,0.345576981941
247000,0.371428,0.337082,0.29149,0.345525966738
248000,0.371626,0.337043,0.291331,0.34516886032
249000,0.371798,0.337018,0.291184,0.345474951536
250000,0.371957,0.337028,0.291015,0.345525966738
251000,0.372112,0.337034,0.290854,0.345679012346
252000,0.372284,0.337041,0.290675,0.345985103561
253000,0.372364,0.337105,0.290531,0.345934088358
254000,0.372486,0.337145,0.290369,0.345934088358
255000,0.372596,0.337196,0.290208,0.345883073156
256000,0.372735,0.337211,0.290054,0.345627997143
257000,0.372853,0.337264,0.289883,0.345730027548
258000,0.372988,0.33731,0.289702,0.345525966738
259000,0.373162,0.337321,0.289517,0.345679012346
260000,0.373273,0.337385,0.289342,0.345627997143
261000,0.373431,0.337408,0.289161,0.345627997143
262000,0.373519,0.337476,0.289005,0.34537292113
263000,0.373686,0.337473,0.288841,0.345321905928
264000,0.373797,0.337541,0.288662,0.345627997143
265000,0.373936,0.337553,0.288511,0.345423936333
266000,0.374112,0.337558,0.28833,0.34537292113
267000,0.374247,0.337582,0.288171,0.345627997143
268000,0.374414,0.337602,0.287984,0.345627997143
269000,0.374542,0.337629,0.287829,0.345474951536
270000,0.374656,0.337669,0.287675,0.345934088358
271000,0.374816,0.337688,0.287496,0.346036118763
272000,0.374968,0.337715,0.287317,0.346087133966
273000,0.37508,0.337731,0.287189,0.346189164371
274000,0.375242,0.337756,0.287002,0.345934088358
275000,0.375365,0.337777,0.286858,0.345985103561
276000,0.375516,0.337781,0.286703,0.345832057953
277000,0.375688,0.337811,0.286501,0.345679012346
278000,0.375833,0.337843,0.286324,0.34516886032
279000,0.375957,0.337867,0.286176,0.345270890725
280000,0.376077,0.337884,0.286039,0.34537292113
281000,0.376218,0.337895,0.285887,0.345679012346
282000,0.376352,0.337937,0.285711,0.345781042751
283000,0.376528,0.337932,0.28554,0.345423936333
284000,0.376662,0.33795,0.285388,0.345883073156
285000,0.376774,0.337997,0.285229,0.346138149168
286000,0.376886,0.338049,0.285065,0.346240179574
287000,0.377031,0.338075,0.284894,0.346546270789
288000,0.377155,0.338112,0.284733,0.346750331599
289000,0.377356,0.338114,0.28453,0.347005407611
290000,0.377534,0.338116,0.28435,0.347056422814
291000,0.37767,0.338142,0.284188,0.347260483624
292000,0.377799,0.338152,0.284049,0.347413529232
293000,0.377922,0.338184,0.283894,0.347260483624
294000,0.378046,0.338234,0.28372,0.346903377206
295000,0.378169,0.338286,0.283545,0.346903377206
296000,0.378318,0.338311,0.283371,0.347056422814
297000,0.378444,0.338317,0.283239,0.347515559637
298000,0.378586,0.338341,0.283073,0.347566574839
299000,0.378713,0.338384,0.282903,0.347362514029
300000,0.378848,0.338412,0.28274,0.347158453219
301000,0.378947,0.338468,0.282585,0.347566574839
302000,0.37905,0.338512,0.282438,0.347668605244
303000,0.379209,0.33853,0.282261,0.347821650852
304000,0.379342,0.33856,0.282098,0.347821650852
305000,0.37946,0.338583,0.281957,0.347719620447
306000,0.379582,0.338637,0.281781,0.347668605244
307000,0.37972,0.338655,0.281625,0.34797469646
308000,0.379847,0.338662,0.281491,0.347617590042
309000,0.380023,0.33866,0.281317,0.347821650852
310000,0.380171,0.338683,0.281146,0.347770635649
311000,0.380305,0.338713,0.280982,0.347617590042
312000,0.380462,0.338705,0.280833,0.347770635649
313000,0.380594,0.338741,0.280665,0.34797469646
314000,0.380722,0.338775,0.280503,0.34797469646
315000,0.38083,0.33882,0.28035,0.348229772472
316000,0.380967,0.338853,0.28018,0.348127742067
317000,0.381126,0.338864,0.28001,0.3487909397
318000,0.381301,0.338872,0.279827,0.34899500051
319000,0.381441,0.338906,0.279653,0.34899500051
320000,0.381546,0.338951,0.279503,0.34919906132
321000,0.381694,0.338967,0.279339,0.349097030915
322000,0.381896,0.338954,0.27915,0.349454137333
323000,0.38209,0.338949,0.278961,0.349454137333
324000,0.382206,0.338979,0.278815,0.349352106928
325000,0.382358,0.338987,0.278655,0.349454137333
326000,0.382504,0.338984,0.278512,0.349760228548
327000,0.382662,0.338969,0.278369,0.349913274156
328000,0.382786,0.338983,0.278231,0.349811243751
329000,0.38292,0.339022,0.278058,0.349964289358
330000,0.383072,0.339026,0.277902,0.349964289358
331000,0.38316,0.339096,0.277744,0.349964289358
332000,0.383302,0.339121,0.277577,0.349964289358
333000,0.383458,0.339142,0.2774,0.349913274156
334000,0.383617,0.339129,0.277254,0.349862258953
335000,0.383741,0.339168,0.277091,0.349760228548
336000,0.383881,0.339201,0.276918,0.349709213346
337000,0.384035,0.339241,0.276724,0.350270380573
338000,0.384174,0.339278,0.276548,0.350321395776
339000,0.384303,0.339309,0.276388,0.350270380573
340000,0.38444,0.339353,0.276207,0.350423426181
341000,0.384568,0.339368,0.276064,0.350627486991
342000,0.384701,0.339378,0.275921,0.351035608611
343000,0.384867,0.339419,0.275714,0.351239669421
344000,0.384979,0.33946,0.275561,0.351341699827
345000,0.385109,0.339462,0.275429,0.351290684624
346000,0.385211,0.339508,0.275281,0.351290684624
347000,0.385314,0.339587,0.275099,0.351494745434
348000,0.385504,0.339554,0.274942,0.351392715029
349000,0.385636,0.339592,0.274772,0.351545760637
350000,0.385782,0.339614,0.274604,0.351596775839
351000,0.385915,0.339637,0.274448,0.351953882257
352000,0.38604,0.339631,0.274329,0.351698806244
353000,0.386203,0.339655,0.274142,0.351647791042
354000,0.386342,0.339679,0.273979,0.351545760637
355000,0.38648,0.339718,0.273802,0.351392715029
356000,0.38665,0.339718,0.273632,0.351647791042
357000,0.386792,0.339742,0.273466,0.351647791042
358000,0.386909,0.33977,0.273321,0.351800836649
359000,0.38705,0.339768,0.273182,0.351698806244
360000,0.387151,0.339825,0.273024,0.351749821447
361000,0.387237,0.339869,0.272894,0.351545760637
362000,0.387375,0.339884,0.272741,0.351698806244
363000,0.387514,0.33992,0.272566,0.351953882257
364000,0.387649,0.339937,0.272414,0.352310988675
365000,0.3878,0.33992,0.27228,0.35220895827
366000,0.387923,0.339975,0.272102,0.352464034282
367000,0.388094,0.339982,0.271924,0.352923171105
368000,0.388233,0.340029,0.271738,0.352974186308
369000,0.388366,0.340042,0.271592,0.35261707989
370000,0.3885,0.340085,0.271415,0.352515049485
371000,0.388654,0.340091,0.271255,0.352770125497
372000,0.388795,0.340117,0.271088,0.352719110295
373000,0.388923,0.340148,0.270929,0.353076216713
374000,0.389035,0.340179,0.270786,0.35322926232
375000,0.389206,0.340191,0.270603,0.353127231915
376000,0.389354,0.340223,0.270423,0.353382307928
377000,0.389463,0.340264,0.270273,0.353280277523
378000,0.389615,0.340292,0.270093,0.353331292725
379000,0.389781,0.340305,0.269914,0.35322926232
380000,0.389928,0.340325,0.269747,0.35322926232
381000,0.390089,0.340341,0.26957,0.353280277523
382000,0.390196,0.340372,0.269432,0.353127231915
383000,0.39034,0.340373,0.269287,0.353331292725
384000,0.390496,0.340394,0.26911,0.353331292725
385000,0.39064,0.340401,0.268959,0.353586368738
386000,0.390761,0.340447,0.268792,0.353586368738
387000,0.390945,0.340418,0.268637,0.353739414345
388000,0.391058,0.340459,0.268483,0.353739414345
389000,0.391212,0.340444,0.268344,0.353943475156
390000,0.391329,0.340474,0.268197,0.353535353535
391000,0.391489,0.34049,0.268021,0.353178247118
392000,0.391614,0.340544,0.267842,0.352770125497
393000,0.391743,0.340577,0.26768,0.352464034282
394000,0.391866,0.340599,0.267535,0.352362003877
395000,0.39201,0.340601,0.267389,0.35241301908
396000,0.392151,0.340613,0.267236,0.3528211407
397000,0.392324,0.34061,0.267066,0.352464034282
398000,0.392466,0.340662,0.266872,0.352362003877
399000,0.392621,0.340657,0.266722,0.35241301908
400000,0.392783,0.340661,0.266556,0.352157943067
401000,0.392889,0.340725,0.266386,0.35241301908
402000,0.393022,0.340761,0.266217,0.352566064687
403000,0.393113,0.340843,0.266044,0.352668095092
404000,0.39324,0.340869,0.265891,0.352566064687
405000,0.393383,0.34091,0.265707,0.35261707989
406000,0.393514,0.34099,0.265496,0.352259973472
407000,0.39368,0.340986,0.265334,0.352157943067
408000,0.393804,0.341031,0.265165,0.35241301908
409000,0.393927,0.34109,0.264983,0.352974186308
410000,0.394124,0.341052,0.264824,0.35302520151
411000,0.394251,0.341098,0.264651,0.3528211407
412000,0.394339,0.341155,0.264506,0.3528211407
413000,0.394478,0.341168,0.264354,0.35302520151
414000,0.394625,0.341196,0.264179,0.35322926232
415000,0.394748,0.341228,0.264024,0.353178247118
416000,0.394888,0.341252,0.26386,0.353280277523
417000,0.395006,0.341307,0.263687,0.353331292725
418000,0.395124,0.341327,0.263549,0.353331292725
419000,0.395261,0.341363,0.263376,0.35302520151
420000,0.395352,0.341394,0.263254,0.35261707989
421000,0.395471,0.341443,0.263086,0.352974186308
422000,0.395583,0.341489,0.262928,0.353076216713
423000,0.39572,0.341514,0.262766,0.353484338333
424000,0.395848,0.341536,0.262616,0.353535353535
425000,0.395952,0.341596,0.262452,0.353688399143
426000,0.396042,0.341648,0.26231,0.35363738394
427000,0.396165,0.341704,0.262131,0.353688399143
428000,0.396325,0.341726,0.261949,0.353535353535
429000,0.396467,0.341749,0.261784,0.353484338333
430000,0.396558,0.3418,0.261642,0.353382307928
431000,0.396676,0.341839,0.261485,0.353178247118
432000,0.396808,0.341894,0.261298,0.353127231915
433000,0.396944,0.341926,0.26113,0.352872155902
434000,0.397106,0.341939,0.260955,0.353178247118
435000,0.397267,0.341932,0.260801,0.353127231915
436000,0.397433,0.341942,0.260625,0.353484338333
437000,0.397522,0.341995,0.260483,0.353688399143
438000,0.39765,0.342011,0.260339,0.354147535966
439000,0.397737,0.342065,0.260198,0.354249566371
440000,0.397883,0.34209,0.260027,0.354504642383
441000,0.398006,0.342128,0.259866,0.354657687991
442000,0.398104,0.342197,0.259699,0.354402611978
443000,0.398259,0.342196,0.259545,0.354555657586
444000,0.398368,0.342264,0.259368,0.354606672788
445000,0.398489,0.342313,0.259198,0.354453627181
446000,0.398651,0.342297,0.259052,0.354708703194
447000,0.398759,0.34233,0.258911,0.354657687991
448000,0.398925,0.342305,0.25877,0.354555657586
449000,0.399082,0.342327,0.258591,0.354759718396
450000,0.399233,0.34233,0.258437,0.354963779206
451000,0.399338,0.342395,0.258267,0.354861748801
452000,0.399507,0.34241,0.258083,0.354861748801
453000,0.399658,0.342444,0.257898,0.355014794409
454000,0.399748,0.342508,0.257744,0.355065809611
455000,0.399882,0.342548,0.25757,0.355014794409
456000,0.400025,0.342547,0.257428,0.355065809611
457000,0.400183,0.342516,0.257301,0.355218855219
458000,0.400307,0.342571,0.257122,0.355167840016
459000,0.400458,0.342598,0.256944,0.355167840016
460000,0.400577,0.342632,0.256791,0.355422916029
461000,0.400699,0.342673,0.256628,0.355575961637
462000,0.400834,0.342704,0.256462,0.35644322008
463000,0.400936,0.342757,0.256307,0.356698296092
464000,0.401032,0.342795,0.256173,0.357157432915
465000,0.401153,0.342876,0.255971,0.357361493725
466000,0.40129,0.342869,0.255841,0.357565554535
467000,0.401393,0.342903,0.255704,0.357820630548
468000,0.401498,0.342932,0.25557,0.358075706561
469000,0.401653,0.342959,0.255388,0.358177736966
470000,0.401772,0.342986,0.255242,0.358381797776
471000,0.401942,0.342982,0.255076,0.358687888991
472000,0.40205,0.343063,0.254887,0.358534843383
473000,0.402172,0.343102,0.254726,0.358432812978
474000,0.4023,0.343144,0.254556,0.358636873788
475000,0.402396,0.343213,0.254391,0.358636873788
476000,0.402551,0.343238,0.254211,0.358891949801
477000,0.402673,0.343275,0.254052,0.358891949801
478000,0.402803,0.343317,0.25388,0.358942965004
479000,0.402921,0.343362,0.253717,0.359249056219
480000,0.40302,0.343416,0.253564,0.358687888991
481000,0.403149,0.343435,0.253416,0.358942965004
482000,0.403261,0.34347,0.253269,0.359096010611
483000,0.403364,0.343499,0.253137,0.358891949801
484000,0.403512,0.343531,0.252957,0.358891949801
485000,0.40365,0.343551,0.252799,0.358534843383
486000,0.403794,0.343579,0.252627,0.358534843383
487000,0.403889,0.343633,0.252478,0.358789919396
488000,0.404002,0.343696,0.252302,0.358483828181
489000,0.404112,0.343721,0.252167,0.358585858586
490000,0.404203,0.343798,0.251999,0.358483828181
491000,0.404331,0.343833,0.251836,0.358891949801
492000,0.404461,0.343835,0.251704,0.358942965004
493000,0.404596,0.343861,0.251543,0.358789919396
494000,0.404726,0.3439,0.251374,0.358942965004
495000,0.40483,0.343917,0.251253,0.358738904193
496000,0.404949,0.343944,0.251107,0.358942965004
497000,0.40507,0.343993,0.250937,0.359198041016
498000,0.405178,0.344047,0.250775,0.359044995409
499000,0.405312,0.344083,0.250605,0.359657177839
500000,0.405458,0.344094,0.250448,0.359402101826
501000,0.405557,0.344129,0.250314,0.359044995409
502000,0.405715,0.344133,0.250152,0.358993980206
503000,0.405864,0.344127,0.250009,0.358942965004
504000,0.405977,0.344154,0.249869,0.358534843383
505000,0.406138,0.344156,0.249706,0.358330782573
506000,0.406286,0.344146,0.249568,0.358330782573
507000,0.406394,0.344191,0.249415,0.358177736966
508000,0.406511,0.34423,0.249259,0.358279767371
509000,0.406627,0.344292,0.249081,0.358432812978
510000,0.406752,0.344326,0.248922,0.358636873788
511000,0.406916,0.344332,0.248752,0.358738904193
512000,0.40707,0.344322,0.248608,0.358789919396
513000,0.407197,0.344331,0.248472,0.358942965004
514000,0.407333,0.344336,0.248331,0.358738904193
515000,0.407443,0.344348,0.248209,0.358534843383
516000,0.407552,0.344384,0.248064,0.358840934599
517000,0.407704,0.344379,0.247917,0.358687888991
518000,0.407849,0.344394,0.247757,0.358891949801
519000,0.407931,0.344463,0.247606,0.359147025814
520000,0.408033,0.34452,0.247447,0.359351086624
521000,0.408179,0.344551,0.24727,0.359402101826
522000,0.408299,0.344572,0.247129,0.359453117029
523000,0.408423,0.34462,0.246957,0.359606162636
524000,0.408563,0.344613,0.246824,0.359606162636
525000,0.408708,0.344629,0.246663,0.359657177839
526000,0.408877,0.344634,0.246489,0.359657177839
527000,0.408984,0.344665,0.246351,0.359606162636
528000,0.409077,0.344706,0.246217,0.359657177839
529000,0.409213,0.344739,0.246048,0.359657177839
530000,0.409344,0.344771,0.245885,0.360014284257
531000,0.409465,0.344797,0.245738,0.359606162636
532000,0.409582,0.344842,0.245576,0.359657177839
533000,0.409679,0.3449,0.245421,0.359351086624
534000,0.409812,0.344895,0.245293,0.359453117029
535000,0.409985,0.344884,0.245131,0.359351086624
536000,0.41012,0.344911,0.244969,0.359249056219
537000,0.410262,0.344909,0.244829,0.359351086624
538000,0.410397,0.344909,0.244694,0.359402101826
539000,0.41054,0.34494,0.24452,0.358891949801
540000,0.410661,0.344961,0.244378,0.359044995409
541000,0.410817,0.344959,0.244224,0.358993980206
542000,0.410937,0.345013,0.24405,0.358942965004
543000,0.411029,0.345042,0.243929,0.359147025814
544000,0.411168,0.34505,0.243782,0.359453117029
545000,0.41129,0.345066,0.243644,0.359453117029
546000,0.411459,0.345036,0.243505,0.359504132231
547000,0.411597,0.345028,0.243375,0.359453117029
548000,0.411738,0.345065,0.243197,0.359351086624
549000,0.411838,0.345125,0.243037,0.359147025814
550000,0.411956,0.345182,0.242862,0.359453117029
551000,0.412062,0.345232,0.242706,0.359708193042
552000,0.412161,0.345286,0.242553,0.359912253852
553000,0.412335,0.34527,0.242395,0.359963269054
554000,0.412494,0.345257,0.242249,0.360065299459
555000,0.412628,0.34528,0.242092,0.360014284257
556000,0.412765,0.34531,0.241925,0.360371390674
557000,0.412891,0.345374,0.241735,0.360320375472
558000,0.413047,0.34536,0.241593,0.360320375472
559000,0.413149,0.345383,0.241468,0.360269360269
560000,0.413266,0.345436,0.241298,0.360626466687
561000,0.413381,0.345485,0.241134,0.360626466687
562000,0.413537,0.345479,0.240984,0.360779512295
563000,0.413654,0.3455,0.240846,0.360575451485
564000,0.413705,0.345594,0.240701,0.360932557902
565000,0.413837,0.345632,0.240531,0.360983573105
566000,0.413922,0.345684,0.240394,0.361340679522
567000,0.41404,0.345721,0.240239,0.36128966432
568000,0.414181,0.34573,0.240089,0.36128966432
569000,0.414316,0.345749,0.239935,0.361238649117
570000,0.414451,0.34577,0.239779,0.361136618712
571000,0.414526,0.345833,0.239641,0.361238649117
572000,0.414652,0.345835,0.239513,0.361799816345
573000,0.414762,0.345883,0.239355,0.361799816345
574000,0.414882,0.345943,0.239175,0.36190184675
575000,0.414972,0.345965,0.239063,0.361391694725
576000,0.415113,0.345991,0.238896,0.361238649117
577000,0.415233,0.346044,0.238723,0.361442709928
578000,0.415325,0.346097,0.238578,0.361187633915
579000,0.415443,0.346149,0.238408,0.361442709928
580000,0.415548,0.346189,0.238263,0.361595755535
581000,0.415666,0.346236,0.238098,0.36128966432
582000,0.415813,0.346265,0.237922,0.361442709928
583000,0.415936,0.346289,0.237775,0.361595755535
584000,0.41604,0.346322,0.237638,0.361442709928
585000,0.416178,0.34636,0.237462,0.361646770738
586000,0.416321,0.346397,0.237282,0.361442709928
587000,0.416441,0.346425,0.237134,0.361748801143
588000,0.416585,0.34646,0.236955,0.362207937966
589000,0.416725,0.346468,0.236807,0.362054892358
590000,0.416879,0.346445,0.236676,0.362258953168
591000,0.417022,0.346469,0.236509,0.362514029181
592000,0.417113,0.346529,0.236358,0.362156922763
593000,0.417231,0.346546,0.236223,0.361850831548
594000,0.417353,0.346576,0.236071,0.361748801143
595000,0.417485,0.346615,0.2359,0.361799816345
596000,0.417593,0.346657,0.23575,0.361595755535
597000,0.417734,0.346675,0.235591,0.362156922763
598000,0.417856,0.346685,0.235459,0.362309968371
599000,0.418023,0.346666,0.235311,0.362360983573
600000,0.418145,0.346707,0.235148,0.362463013978
601000,0.418225,0.346768,0.235007,0.363075196409
602000,0.418364,0.346791,0.234845,0.362973166003
603000,0.41852,0.346798,0.234682,0.363432302826
604000,0.418622,0.346852,0.234526,0.363330272421
605000,0.41873,0.346885,0.234385,0.363126211611
606000,0.418803,0.346968,0.234229,0.363075196409
607000,0.418915,0.347001,0.234084,0.363075196409
608000,0.419053,0.347004,0.233943,0.362922150801
609000,0.419185,0.347014,0.233801,0.362922150801
610000,0.419296,0.347034,0.23367,0.363024181206
611000,0.419412,0.347084,0.233504,0.363330272421
612000,0.41952,0.347108,0.233372,0.363381287624
613000,0.419651,0.347141,0.233208,0.363993470054
614000,0.419773,0.347172,0.233055,0.364350576472
615000,0.41988,0.347214,0.232906,0.364401591674
616000,0.419949,0.347242,0.232809,0.364146515662
617000,0.420072,0.347277,0.232651,0.364452606877
618000,0.420151,0.347338,0.232511,0.364350576472
619000,0.420285,0.347339,0.232376,0.36470768289
620000,0.420408,0.347342,0.23225,0.364554637282
621000,0.420523,0.347369,0.232108,0.364809713295
622000,0.420583,0.347443,0.231974,0.36470768289
623000,0.420715,0.347489,0.231796,0.3649117437
624000,0.420817,0.347534,0.231649,0.365064789307
625000,0.420942,0.347548,0.23151,0.36531986532
626000,0.42105,0.347594,0.231356,0.365064789307
627000,0.421142,0.347675,0.231183,0.364758698092
628000,0.421258,0.347724,0.231018,0.36470768289
629000,0.421362,0.34775,0.230888,0.364860728497
630000,0.421492,0.347761,0.230747,0.364656667687
631000,0.421623,0.347802,0.230575,0.364758698092
632000,0.421748,0.347809,0.230443,0.36470768289
633000,0.421856,0.347833,0.230311,0.364401591674
634000,0.421982,0.347861,0.230157,0.3649117437
635000,0.422131,0.347873,0.229996,0.3649117437
636000,0.422264,0.347891,0.229845,0.365268850117
637000,0.422375,0.347922,0.229703,0.365268850117
638000,0.422518,0.347945,0.229537,0.365574941333
639000,0.422629,0.347967,0.229404,0.365676971738
640000,0.422712,0.347993,0.229295,0.365421895725
641000,0.422796,0.348036,0.229168,0.365676971738
642000,0.422896,0.34807,0.229034,0.365779002143
643000,0.423019,0.348094,0.228887,0.36593204775
644000,0.423122,0.348121,0.228757,0.365779002143
645000,0.423193,0.348196,0.228611,0.366034078155
646000,0.423344,0.348206,0.22845,0.36593204775
647000,0.423433,0.34824,0.228327,0.365983062953
648000,0.423531,0.348288,0.228181,0.365830017345
649000,0.423657,0.348303,0.22804,0.365676971738
650000,0.423756,0.34836,0.227884,0.365983062953
651000,0.423887,0.348371,0.227742,0.366289154168
652000,0.423986,0.348425,0.227589,0.366595245383
653000,0.424066,0.34849,0.227444,0.366952351801
654000,0.424228,0.348468,0.227304,0.366697275788
655000,0.424331,0.348504,0.227165,0.367003367003
656000,0.424446,0.348546,0.227008,0.366901336598
657000,0.424558,0.34857,0.226872,0.366952351801
658000,0.424664,0.348604,0.226732,0.367156412611
659000,0.424765,0.348632,0.226603,0.366799306193
660000,0.424831,0.348687,0.226482,0.366799306193
661000,0.424967,0.348713,0.22632,0.366748290991
662000,0.425093,0.348734,0.226173,0.366493214978
663000,0.425224,0.34878,0.225996,0.366799306193
664000,0.425339,0.34879,0.225871,0.366544230181
665000,0.425449,0.348803,0.225748,0.366442199776
666000,0.425544,0.348836,0.22562,0.366442199776
667000,0.425647,0.348858,0.225495,0.366697275788
668000,0.425767,0.348914,0.225319,0.366952351801
669000,0.425921,0.348933,0.225146,0.366850321396
670000,0.426059,0.348943,0.224998,0.366697275788
671000,0.426204,0.348936,0.22486,0.366697275788
672000,0.426315,0.348961,0.224724,0.366952351801
673000,0.42642,0.34901,0.22457,0.367207427813
674000,0.42654,0.349044,0.224416,0.367003367003
675000,0.426667,0.349065,0.224268,0.367207427813
676000,0.426804,0.349084,0.224112,0.367105397408
677000,0.426928,0.349106,0.223966,0.367513519029
678000,0.427067,0.349136,0.223797,0.367564534231
679000,0.427165,0.349176,0.223659,0.367156412611
680000,0.427307,0.349187,0.223506,0.367105397408
681000,0.427422,0.349216,0.223362,0.367054382206
682000,0.427531,0.349271,0.223198,0.367360473421
683000,0.427593,0.349346,0.223061,0.367054382206
684000,0.427707,0.349374,0.222919,0.367258443016
685000,0.427802,0.349409,0.222789,0.367309458219
686000,0.427892,0.349456,0.222652,0.367462503826
687000,0.428003,0.349487,0.22251,0.367972655851
688000,0.428097,0.349525,0.222378,0.368125701459
689000,0.428201,0.349582,0.222217,0.368380777472
690000,0.428329,0.349613,0.222058,0.368329762269
691000,0.428476,0.349624,0.2219,0.368482807877
692000,0.428643,0.349627,0.22173,0.368686868687
693000,0.428719,0.349671,0.22161,0.368788899092
694000,0.428841,0.34969,0.221469,0.368482807877
695000,0.428973,0.349702,0.221325,0.368635853484
696000,0.429065,0.349737,0.221198,0.368635853484
697000,0.429194,0.349753,0.221053,0.368737883889
698000,0.429296,0.349807,0.220897,0.369043975105
699000,0.429366,0.349883,0.220751,0.368992959902
700000,0.429517,0.34987,0.220613,0.3689419447
701000,0.429659,0.349865,0.220476,0.369094990307
702000,0.429748,0.349901,0.220351,0.368992959902
703000,0.429891,0.349912,0.220197,0.369094990307
704000,0.429997,0.349936,0.220067,0.369094990307
705000,0.430097,0.349987,0.219916,0.369248035915
706000,0.430255,0.350006,0.219739,0.369605142332
707000,0.430355,0.35004,0.219605,0.3689419447
708000,0.430482,0.35003,0.219488,0.368482807877
709000,0.430574,0.350086,0.21934,0.368227731864
710000,0.430707,0.350095,0.219198,0.368584838282
711000,0.430792,0.350166,0.219042,0.3689419447
712000,0.43088,0.350218,0.218902,0.368839914294
713000,0.43101,0.350251,0.218739,0.368788899092
714000,0.431079,0.350332,0.218589,0.368890929497
715000,0.431193,0.350354,0.218453,0.368992959902
716000,0.431288,0.350384,0.218328,0.368737883889
717000,0.431417,0.350387,0.218196,0.368839914294
718000,0.43155,0.350436,0.218014,0.3689419447
719000,0.431666,0.35048,0.217854,0.369043975105
720000,0.431778,0.350511,0.217711,0.369299051117
721000,0.431844,0.350575,0.217581,0.36935006632
722000,0.431908,0.350667,0.217425,0.36975818794
723000,0.431999,0.350727,0.217274,0.369860218345
724000,0.432106,0.350744,0.21715,0.370064279155
725000,0.432197,0.350791,0.217012,0.370217324763
726000,0.432306,0.350823,0.216871,0.37016630956
727000,0.432424,0.350871,0.216705,0.370217324763
728000,0.432516,0.350921,0.216563,0.370217324763
729000,0.432624,0.350974,0.216402,0.370217324763
730000,0.432713,0.351007,0.21628,0.370064279155
731000,0.432815,0.351051,0.216134,0.36996224875
732000,0.432945,0.351068,0.215987,0.370217324763
733000,0.433068,0.351075,0.215857,0.37037037037
734000,0.433177,0.351121,0.215702,0.370829507193
735000,0.433277,0.351159,0.215564,0.370880522396
736000,0.43341,0.351188,0.215402,0.370625446383
737000,0.433532,0.351219,0.215249,0.370880522396
738000,0.433655,0.35123,0.215115,0.370931537598
739000,0.433764,0.351264,0.214972,0.371084583206
740000,0.433889,0.351305,0.214806,0.371543720029
741000,0.434017,0.351341,0.214642,0.371798796041
742000,0.434122,0.351394,0.214484,0.372359963269
743000,0.434225,0.351461,0.214314,0.372564024079
744000,0.434335,0.351501,0.214164,0.372870115294
745000,0.434437,0.351528,0.214035,0.372666054484
746000,0.434559,0.351533,0.213908,0.372513008877
747000,0.434695,0.351565,0.21374,0.372666054484
748000,0.434837,0.351577,0.213586,0.372666054484
749000,0.434959,0.351608,0.213433,0.372564024079
750000,0.435046,0.351646,0.213308,0.372308948067
751000,0.435125,0.351689,0.213186,0.372513008877
752000,0.435198,0.351743,0.213059,0.372461993674
753000,0.43533,0.351749,0.212921,0.372410978472
754000,0.435468,0.351771,0.212761,0.372768084889
755000,0.435601,0.351815,0.212584,0.372768084889
756000,0.435711,0.351833,0.212456,0.372921130497
757000,0.435822,0.351833,0.212345,0.372972145699
758000,0.435895,0.351895,0.21221,0.372972145699
759000,0.436027,0.351875,0.212098,0.372972145699
760000,0.436115,0.351908,0.211977,0.372819100092
761000,0.436243,0.351916,0.211841,0.372768084889
762000,0.436382,0.351928,0.21169,0.372921130497
763000,0.43651,0.351941,0.211549,0.372564024079
764000,0.436623,0.35197,0.211407,0.372768084889
765000,0.436712,0.352016,0.211272,0.372921130497
766000,0.436859,0.352038,0.211103,0.372717069687
767000,0.436953,0.352079,0.210968,0.372870115294
768000,0.437056,0.352108,0.210836,0.373074176104
769000,0.437173,0.352146,0.210681,0.37358432813
770000,0.437307,0.352166,0.210527,0.373839404142
771000,0.437405,0.352178,0.210417,0.374094480155
772000,0.437515,0.352194,0.210291,0.374298540965
773000,0.437586,0.352256,0.210158,0.37460463218
774000,0.437675,0.35229,0.210035,0.374502601775
775000,0.437737,0.352352,0.209911,0.374502601775
776000,0.437803,0.352397,0.2098,0.374553616978
777000,0.437933,0.352417,0.20965,0.374553616978
778000,0.437989,0.3525,0.209511,0.374859708193
779000,0.438073,0.352577,0.20935,0.375063769003
780000,0.438177,0.352611,0.209212,0.374961738598
781000,0.438242,0.352662,0.209096,0.374655647383
782000,0.438392,0.352667,0.208941,0.374757677788
783000,0.438477,0.352711,0.208812,0.374706662585
784000,0.438574,0.352752,0.208674,0.374655647383
785000,0.438702,0.352785,0.208513,0.37460463218
786000,0.438839,0.352797,0.208364,0.374706662585
787000,0.438956,0.352826,0.208218,0.37460463218
788000,0.439066,0.352854,0.20808,0.374961738598
789000,0.439186,0.35288,0.207934,0.375063769003
790000,0.439302,0.352911,0.207787,0.375216814611
791000,0.439416,0.352918,0.207666,0.375267829813
792000,0.439542,0.352933,0.207525,0.375420875421
793000,0.439679,0.352954,0.207367,0.375318845016
794000,0.43979,0.352977,0.207233,0.375318845016
795000,0.439899,0.353,0.207101,0.375216814611
796000,0.440005,0.353014,0.206981,0.375420875421
797000,0.440118,0.353011,0.206871,0.375318845016
798000,0.440226,0.353026,0.206748,0.375012753801
799000,0.440353,0.353033,0.206614,0.375165799408
800000,0.440492,0.353066,0.206442,0.375063769003
801000,0.440593,0.353087,0.20632,0.375369860218
802000,0.440707,0.353101,0.206192,0.375267829813
803000,0.440797,0.353128,0.206075,0.375318845016
804000,0.440915,0.353154,0.205931,0.375216814611
805000,0.441019,0.353184,0.205797,0.374910723396
806000,0.441129,0.353202,0.205669,0.374808692991
807000,0.441234,0.353254,0.205512,0.37440057137
808000,0.441314,0.353272,0.205414,0.374247525763
809000,0.441417,0.353315,0.205268,0.374655647383
810000,0.4415,0.353362,0.205138,0.374808692991
811000,0.441606,0.353393,0.205001,0.375114784206
812000,0.441739,0.353413,0.204848,0.375267829813
813000,0.441831,0.353459,0.20471,0.375216814611
814000,0.441922,0.3535,0.204578,0.375012753801
815000,0.442031,0.353516,0.204453,0.375318845016
816000,0.44213,0.353568,0.204302,0.375063769003
817000,0.442237,0.353594,0.204169,0.375063769003
818000,0.442359,0.353612,0.204029,0.375216814611
819000,0.442408,0.353677,0.203915,0.375267829813
820000,0.44251,0.353716,0.203774,0.375573921028
821000,0.442602,0.353762,0.203636,0.375522905826
822000,0.442716,0.353787,0.203497,0.375624936231
823000,0.442815,0.353832,0.203353,0.375624936231
824000,0.442907,0.353885,0.203208,0.375522905826
825000,0.443033,0.353922,0.203045,0.374961738598
