1000,0.335136,0.33164,0.333224,0.327571845065
2000,0.336568,0.329368,0.334064,0.328196584756
3000,0.337544,0.327432,0.335024,0.33048729696
4000,0.338408,0.32524,0.336352,0.331736776343
5000,0.339456,0.323168,0.337376,0.333819241983
6000,0.34048,0.321184,0.338336,0.335485214494
7000,0.341544,0.31924,0.339216,0.332986255727
8000,0.3426,0.317264,0.340136,0.333610995419
9000,0.343888,0.315104,0.341008,0.333402748855
10000,0.345016,0.313096,0.341888,0.332986255727
11000,0.346216,0.311032,0.342752,0.332361516035
12000,0.347288,0.309136,0.343576,0.332778009163
13000,0.348256,0.307096,0.344648,0.332153269471
14000,0.349536,0.305128,0.345336,0.332569762599
15000,0.35032,0.303296,0.346384,0.332778009163
16000,0.351352,0.301296,0.347352,0.33527696793
17000,0.35276,0.299264,0.347976,0.337775926697
18000,0.353936,0.297304,0.34876,0.337775926697
19000,0.354968,0.295256,0.349776,0.337359433569
20000,0.355712,0.29336,0.350928,0.337359433569
21000,0.356792,0.291264,0.351944,0.337567680133
22000,0.357872,0.289248,0.35288,0.339441899209
23000,0.359112,0.287464,0.353424,0.340483132028
24000,0.360168,0.28568,0.354152,0.338817159517
25000,0.3612,0.28384,0.35496,0.339441899209
26000,0.362032,0.282064,0.355904,0.341732611412
27000,0.363096,0.280184,0.35672,0.344439816743
28000,0.364144,0.278344,0.357512,0.345689296127
29000,0.36504,0.276448,0.358512,0.34693877551
30000,0.366,0.274456,0.359544,0.346730528946
31000,0.367248,0.272504,0.360248,0.347355268638
32000,0.368176,0.270632,0.361192,0.34902124115
33000,0.369328,0.268624,0.362048,0.352144939608
34000,0.37032,0.266752,0.362928,0.351311953353
35000,0.371384,0.264968,0.363648,0.347771761766
36000,0.372296,0.263184,0.36452,0.348604748022
37000,0.37336,0.261312,0.365328,0.349437734277
38000,0.374376,0.259576,0.366048,0.349229487713
39000,0.375352,0.25776,0.366888,0.349854227405
40000,0.37644,0.255944,0.367616,0.351311953353
41000,0.377488,0.254312,0.3682,0.351936693045
42000,0.378472,0.252456,0.369072,0.352353186172
43000,0.379552,0.250928,0.36952,0.355268638067
44000,0.38044,0.249264,0.370296,0.356101624323
45000,0.381488,0.247544,0.370968,0.357142857143
46000,0.38264,0.245784,0.371576,0.357559350271
47000,0.383736,0.243976,0.372288,0.357142857143
48000,0.384248,0.242272,0.37348,0.358184089963
49000,0.38536,0.2406,0.37404,0.358808829654
50000,0.386312,0.23892,0.374768,0.360058309038
51000,0.387168,0.237224,0.375608,0.359850062474
52000,0.388424,0.235608,0.375968,0.361307788421
53000,0.389072,0.234024,0.376904,0.360058309038
54000,0.38984,0.23252,0.37764,0.358392336526
55000,0.390776,0.231,0.378224,0.357767596835
56000,0.391696,0.22952,0.378784,0.359225322782
57000,0.392488,0.228064,0.379448,0.359850062474
58000,0.393336,0.22648,0.380184,0.361516034985
59000,0.39416,0.225208,0.380632,0.361724281549
60000,0.394816,0.223688,0.381496,0.36443148688
61000,0.395624,0.222184,0.382192,0.366097459392
62000,0.396136,0.22088,0.382984,0.364639733444
63000,0.396944,0.21916,0.383896,0.366722199084
64000,0.397944,0.217584,0.384472,0.365264473136
65000,0.39888,0.21608,0.38504,0.364847980008
66000,0.399424,0.214672,0.385904,0.365264473136
67000,0.400088,0.213136,0.386776,0.3654727197
68000,0.400888,0.211592,0.38752,0.365680966264
69000,0.401264,0.210176,0.38856,0.366930445648
70000,0.40212,0.208784,0.389096,0.364847980008
71000,0.40304,0.207408,0.389552,0.367138692212
72000,0.403872,0.205984,0.390144,0.36651395252
73000,0.404616,0.204312,0.391072,0.369429404415
74000,0.40528,0.202856,0.391864,0.371095376926
75000,0.405848,0.201616,0.392536,0.373594335693
76000,0.406712,0.200136,0.393152,0.373802582257
77000,0.407584,0.198704,0.393712,0.371720116618
78000,0.408336,0.197224,0.39444,0.372553102874
79000,0.409032,0.195744,0.395224,0.375260308205
80000,0.409792,0.19448,0.395728,0.376093294461
81000,0.4108,0.192952,0.396248,0.380049979175
82000,0.411688,0.191792,0.39652,0.381715951687
83000,0.412552,0.190312,0.397136,0.383381924198
84000,0.413544,0.188952,0.397504,0.384839650146
85000,0.413784,0.187816,0.3984,0.384423157018
86000,0.414728,0.18652,0.398752,0.385464389838
87000,0.415384,0.18524,0.399376,0.385464389838
88000,0.415672,0.184008,0.40032,0.386089129529
89000,0.41652,0.182744,0.400736,0.386922115785
90000,0.417184,0.181672,0.401144,0.389212827988
91000,0.417856,0.180472,0.401672,0.3908788005
92000,0.418224,0.179216,0.40256,0.391711786756
93000,0.418776,0.178064,0.40316,0.391503540192
94000,0.419568,0.17684,0.403592,0.3908788005
95000,0.420416,0.175552,0.404032,0.390670553936
96000,0.420784,0.174576,0.40464,0.389004581424
97000,0.421176,0.17348,0.405344,0.389629321116
98000,0.421904,0.172352,0.405744,0.387963348605
99000,0.422808,0.171056,0.406136,0.388588088297
100000,0.423352,0.169896,0.406752,0.387130362349
101000,0.424208,0.168824,0.406968,0.386297376093
102000,0.425096,0.167584,0.40732,0.388171595169
103000,0.425944,0.166448,0.407608,0.38879633486
104000,0.426488,0.165368,0.408144,0.389212827988
105000,0.427104,0.16408,0.408816,0.389629321116
106000,0.42764,0.162984,0.409376,0.389004581424
107000,0.428256,0.161928,0.409816,0.38983756768
108000,0.429056,0.160688,0.410256,0.391503540192
109000,0.42956,0.1596,0.41084,0.392753019575
110000,0.430376,0.158512,0.411112,0.393169512703
111000,0.431136,0.157304,0.41156,0.394835485214
112000,0.431456,0.156232,0.412312,0.39670970429
113000,0.432072,0.155152,0.412776,0.397959183673
114000,0.432424,0.154176,0.4134,0.397126197418
115000,0.433,0.15308,0.41392,0.39566847147
116000,0.433504,0.15208,0.414416,0.395460224906
117000,0.433912,0.151,0.415088,0.398375676801
118000,0.434584,0.150096,0.41532,0.399833402749
119000,0.435184,0.1492,0.415616,0.400041649313
120000,0.435648,0.148088,0.416264,0.401291128696
121000,0.436568,0.146992,0.41644,0.401291128696
122000,0.436952,0.14596,0.417088,0.402957101208
123000,0.437424,0.14492,0.417656,0.402748854644
124000,0.437984,0.143864,0.418152,0.405247813411
125000,0.438536,0.14276,0.418704,0.407122032486
126000,0.439088,0.141776,0.419136,0.40837151187
127000,0.439576,0.140568,0.419856,0.408996251562
128000,0.439848,0.139656,0.420496,0.407746772178
129000,0.440336,0.138656,0.421008,0.409204498126
130000,0.440776,0.137632,0.421592,0.410037484382
131000,0.441016,0.136592,0.422392,0.409204498126
132000,0.441328,0.135672,0.423,0.40837151187
133000,0.44196,0.134656,0.423384,0.410245730945
134000,0.442392,0.133752,0.423856,0.409620991254
135000,0.442368,0.132824,0.424808,0.411703456893
136000,0.443072,0.131848,0.42508,0.411911703457
137000,0.443696,0.13096,0.425344,0.415868388172
138000,0.444272,0.130192,0.425536,0.417742607247
139000,0.444664,0.12916,0.426176,0.416284881299
140000,0.445368,0.12824,0.426392,0.417742607247
141000,0.445656,0.127352,0.426992,0.418575593503
142000,0.446168,0.126384,0.427448,0.42107455227
143000,0.446664,0.125448,0.427888,0.422532278217
144000,0.447072,0.124408,0.42852,0.423781757601
145000,0.447488,0.123696,0.428816,0.424198250729
146000,0.448064,0.122832,0.429104,0.426280716368
147000,0.448472,0.12196,0.429568,0.42586422324
148000,0.448768,0.121048,0.430184,0.428154935444
149000,0.44936,0.12024,0.4304,0.428154935444
150000,0.449832,0.119248,0.43092,0.430029154519
151000,0.45028,0.118464,0.431256,0.433361099542
152000,0.450816,0.117592,0.431592,0.436276551437
153000,0.451312,0.116688,0.432,0.437734277384
154000,0.451656,0.115856,0.432488,0.437942523948
155000,0.452096,0.115112,0.432792,0.437734277384
156000,0.45292,0.11412,0.43296,0.43752603082
157000,0.453208,0.113352,0.43344,0.436484798001
158000,0.453976,0.112376,0.433648,0.434402332362
159000,0.454752,0.111544,0.433704,0.433985839234
160000,0.45516,0.110712,0.434128,0.435443565181
161000,0.455368,0.110064,0.434568,0.437317784257
162000,0.455848,0.109384,0.434768,0.43856726364
163000,0.456328,0.108528,0.435144,0.439400249896
164000,0.456912,0.107688,0.4354,0.441274468971
165000,0.457432,0.106864,0.435704,0.441899208663
166000,0.458056,0.106,0.435944,0.440024989588
167000,0.458408,0.1052,0.436392,0.442940441483
168000,0.459112,0.104352,0.436536,0.445231153686
169000,0.459912,0.1036,0.436488,0.447313619325
170000,0.460312,0.10284,0.436848,0.448979591837
171000,0.460568,0.102112,0.43732,0.44648063307
172000,0.460904,0.10128,0.437816,0.446272386506
173000,0.461112,0.100736,0.438152,0.446688879633
174000,0.461184,0.09992,0.438896,0.448146605581
175000,0.461624,0.099392,0.438984,0.447938359017
176000,0.462056,0.09876,0.439184,0.447730112453
177000,0.462696,0.098,0.439304,0.445022907122
178000,0.46328,0.097408,0.439312,0.443773427738
179000,0.463696,0.096704,0.4396,0.442732194919
180000,0.46384,0.096056,0.440104,0.443356934611
181000,0.464424,0.095224,0.440352,0.447730112453
182000,0.464928,0.094432,0.44064,0.44648063307
183000,0.465208,0.09372,0.441072,0.446897126197
184000,0.465392,0.093024,0.441584,0.447313619325
185000,0.465312,0.092536,0.442152,0.447730112453
186000,0.466008,0.091776,0.442216,0.448771345273
187000,0.466512,0.091168,0.44232,0.449604331529
188000,0.467248,0.090408,0.442344,0.451478550604
189000,0.467536,0.089784,0.44268,0.453352769679
190000,0.468016,0.089016,0.442968,0.452936276551
191000,0.468368,0.088424,0.443208,0.453352769679
192000,0.468808,0.08776,0.443432,0.455851728446
193000,0.468728,0.087136,0.444136,0.457725947522
194000,0.468944,0.086456,0.4446,0.459600166597
195000,0.4694,0.085784,0.444816,0.459600166597
196000,0.469832,0.085216,0.444952,0.461474385673
197000,0.470256,0.08452,0.445224,0.460016659725
198000,0.470456,0.083936,0.445608,0.45814244065
199000,0.47084,0.083224,0.445936,0.460433152853
200000,0.471096,0.08264,0.446264,0.461474385673
201000,0.471672,0.082008,0.44632,0.461266139109
202000,0.472192,0.0814,0.446408,0.462723865056
203000,0.47224,0.080784,0.446976,0.463140358184
204000,0.472392,0.080296,0.447312,0.463140358184
205000,0.473072,0.079776,0.447152,0.464598084132
206000,0.473304,0.079288,0.447408,0.466264056643
207000,0.47368,0.078688,0.447632,0.468346522282
208000,0.473896,0.078104,0.448,0.468971261974
209000,0.474248,0.07752,0.448232,0.469387755102
210000,0.474152,0.077128,0.44872,0.468346522282
211000,0.474536,0.0766,0.448864,0.467721782591
212000,0.474824,0.075984,0.449192,0.469179508538
213000,0.47524,0.075456,0.449304,0.469179508538
214000,0.47564,0.074848,0.449512,0.467513536027
215000,0.476184,0.074336,0.44948,0.467930029155
216000,0.476728,0.073784,0.449488,0.466888796335
217000,0.476976,0.073232,0.449792,0.468971261974
218000,0.477096,0.072704,0.4502,0.467721782591
219000,0.477168,0.07224,0.450592,0.46980424823
220000,0.477768,0.071616,0.450616,0.469179508538
221000,0.47824,0.071144,0.450616,0.470220741358
222000,0.478432,0.070616,0.450952,0.471053727613
223000,0.478656,0.070088,0.451256,0.472719700125
224000,0.478952,0.069648,0.4514,0.473969179509
225000,0.479352,0.06912,0.451528,0.474385672636
226000,0.4796,0.068536,0.451864,0.474802165764
227000,0.480048,0.068152,0.4518,0.475218658892
228000,0.480256,0.067656,0.452088,0.477301124531
229000,0.480448,0.067056,0.452496,0.479383590171
230000,0.480744,0.066496,0.45276,0.480216576426
231000,0.481168,0.066,0.452832,0.479175343607
232000,0.48148,0.065552,0.452968,0.476259891712
233000,0.481608,0.065016,0.453376,0.478758850479
234000,0.481784,0.064656,0.45356,0.479383590171
235000,0.482168,0.064088,0.453744,0.480633069554
236000,0.482608,0.063696,0.453696,0.48250728863
237000,0.483056,0.063224,0.45372,0.481257809246
238000,0.483432,0.062688,0.45388,0.485214493961
239000,0.483728,0.062248,0.454024,0.48833819242
240000,0.483744,0.061752,0.454504,0.488962932112
241000,0.484104,0.061352,0.454544,0.490420658059
242000,0.48432,0.060816,0.454864,0.490837151187
243000,0.484712,0.060344,0.454944,0.491670137443
244000,0.485368,0.059784,0.454848,0.492711370262
245000,0.48544,0.059424,0.455136,0.49312786339
246000,0.485728,0.059008,0.455264,0.49312786339
247000,0.48608,0.058504,0.455416,0.491253644315
248000,0.486224,0.058128,0.455648,0.491461890879
249000,0.486536,0.05772,0.455744,0.493336109954
250000,0.486848,0.057312,0.45584,0.49416909621
251000,0.487392,0.056856,0.455752,0.497917534361
252000,0.487688,0.0564,0.455912,0.499583506872
253000,0.48804,0.055944,0.456016,0.498750520616
254000,0.488392,0.055552,0.456056,0.499583506872
255000,0.488904,0.055168,0.455928,0.498750520616
256000,0.4892,0.054792,0.456008,0.497501041233
257000,0.489432,0.054448,0.45612,0.497084548105
258000,0.489904,0.054072,0.456024,0.496251561849
259000,0.490128,0.053656,0.456216,0.496043315285
260000,0.490448,0.053304,0.456248,0.496876301541
261000,0.490768,0.05296,0.456272,0.498334027489
262000,0.491032,0.052552,0.456416,0.498125780925
263000,0.491232,0.052152,0.456616,0.499167013744
264000,0.491592,0.051864,0.456544,0.503331945023
265000,0.492088,0.051536,0.456376,0.504581424406
266000,0.492352,0.051272,0.456376,0.504373177843
267000,0.492952,0.050848,0.4562,0.504373177843
268000,0.493528,0.050416,0.456056,0.503331945023
269000,0.493792,0.050056,0.456152,0.501249479384
270000,0.493872,0.049712,0.456416,0.500832986256
271000,0.494208,0.049368,0.456424,0.503123698459
272000,0.494336,0.04904,0.456624,0.501665972511
273000,0.494528,0.048688,0.456784,0.501457725948
274000,0.495384,0.048336,0.45628,0.502498958767
275000,0.495728,0.048024,0.456248,0.500832986256
276000,0.496288,0.047544,0.456168,0.503956684715
277000,0.496424,0.047112,0.456464,0.504164931279
278000,0.496656,0.046776,0.456568,0.506039150354
279000,0.497048,0.046408,0.456544,0.505206164098
280000,0.497,0.046008,0.456992,0.507496876302
281000,0.4974,0.045664,0.456936,0.508121615993
282000,0.498152,0.045424,0.456424,0.508538109121
283000,0.4984,0.045144,0.456456,0.509579341941
284000,0.498576,0.044768,0.456656,0.512286547272
285000,0.498896,0.044376,0.456728,0.512911286964
286000,0.49904,0.044064,0.456896,0.513536026656
287000,0.499312,0.043752,0.456936,0.5127030404
288000,0.499912,0.043368,0.45672,0.511453561016
289000,0.500312,0.042944,0.456744,0.514160766347
290000,0.500792,0.042592,0.456616,0.513119533528
291000,0.501072,0.042288,0.45664,0.510828821324
292000,0.501288,0.042,0.456712,0.508538109121
293000,0.501312,0.041688,0.457,0.508329862557
294000,0.5016,0.041368,0.457032,0.507705122865
295000,0.501888,0.041024,0.457088,0.507705122865
296000,0.502056,0.040608,0.457336,0.511870054144
297000,0.50224,0.040344,0.457416,0.512078300708
298000,0.502456,0.040096,0.457448,0.511245314452
299000,0.502584,0.03984,0.457576,0.512286547272
300000,0.503072,0.03948,0.457448,0.512911286964
301000,0.503384,0.039048,0.457568,0.514993752603
302000,0.50372,0.038792,0.457488,0.514369012911
303000,0.504008,0.038496,0.457496,0.515826738859
304000,0.504368,0.038112,0.45752,0.516451478551
305000,0.504792,0.03776,0.457448,0.513952519783
306000,0.504824,0.037464,0.457712,0.515201999167
307000,0.505056,0.037184,0.45776,0.513536026656
308000,0.505248,0.036832,0.45792,0.5127030404
309000,0.505536,0.036608,0.457856,0.516451478551
310000,0.505816,0.036304,0.45788,0.519158683882
311000,0.506264,0.03604,0.457696,0.519366930446
312000,0.506288,0.035744,0.457968,0.514993752603
313000,0.50636,0.035456,0.458184,0.515826738859
314000,0.506608,0.035136,0.458256,0.517700957934
315000,0.506592,0.03488,0.458528,0.517700957934
316000,0.506808,0.034664,0.458528,0.519158683882
317000,0.507128,0.034392,0.45848,0.51957517701
318000,0.507224,0.034144,0.458632,0.521241149521
319000,0.50748,0.033912,0.458608,0.520824656393
320000,0.507968,0.033592,0.45844,0.521449396085
321000,0.508416,0.033368,0.458216,0.521032902957
322000,0.508504,0.033144,0.458352,0.522074135777
323000,0.508688,0.032944,0.458368,0.522490628905
324000,0.508952,0.032736,0.458312,0.522490628905
325000,0.509152,0.032504,0.458344,0.521657642649
326000,0.509272,0.032224,0.458504,0.520616409829
327000,0.50944,0.032016,0.458544,0.518325697626
328000,0.509576,0.0318,0.458624,0.51853394419
329000,0.509816,0.031608,0.458576,0.519991670137
330000,0.510064,0.031424,0.458512,0.519366930446
331000,0.51012,0.031216,0.458664,0.51853394419
332000,0.510136,0.031008,0.458856,0.51853394419
333000,0.510416,0.030752,0.458832,0.520616409829
334000,0.510632,0.030584,0.458784,0.520824656393
335000,0.51088,0.03032,0.4588,0.519366930446
336000,0.511384,0.029944,0.458672,0.517076218242
337000,0.511464,0.029808,0.458728,0.519158683882
338000,0.51184,0.02952,0.45864,0.51749271137
339000,0.512208,0.029304,0.458488,0.517284464806
340000,0.512608,0.029128,0.458264,0.516451478551
341000,0.51264,0.028952,0.458408,0.514785506039
342000,0.512776,0.02872,0.458504,0.513952519783
343000,0.513096,0.02836,0.458544,0.514785506039
344000,0.513472,0.028136,0.458392,0.516243231987
345000,0.513592,0.02792,0.458488,0.516867971678
346000,0.513848,0.027712,0.45844,0.51749271137
347000,0.514376,0.027472,0.458152,0.519158683882
348000,0.514616,0.027224,0.45816,0.51853394419
349000,0.515048,0.027048,0.457904,0.519783423574
350000,0.515504,0.026832,0.457664,0.519991670137
351000,0.515904,0.026656,0.45744,0.51957517701
352000,0.516216,0.02648,0.457304,0.521241149521
353000,0.516464,0.026312,0.457224,0.520199916701
354000,0.516984,0.026112,0.456904,0.522282382341
355000,0.517144,0.025864,0.456992,0.523948354852
356000,0.517456,0.025728,0.456816,0.524156601416
357000,0.517616,0.025544,0.45684,0.52436484798
358000,0.517648,0.025336,0.457016,0.524573094544
359000,0.517888,0.025192,0.45692,0.525614327364
360000,0.518128,0.025008,0.456864,0.526447313619
361000,0.518296,0.024872,0.456832,0.526030820491
362000,0.518408,0.024744,0.456848,0.526655560183
363000,0.518544,0.024584,0.456872,0.527072053311
364000,0.518712,0.024392,0.456896,0.529987505206
365000,0.518912,0.024248,0.45684,0.529571012078
366000,0.519192,0.023976,0.456832,0.53019575177
367000,0.51936,0.023824,0.456816,0.529571012078
368000,0.519648,0.023656,0.456696,0.531653477718
369000,0.519848,0.023472,0.45668,0.53123698459
370000,0.520048,0.023304,0.456648,0.531445231154
371000,0.5204,0.02304,0.45656,0.533319450229
372000,0.520832,0.022848,0.45632,0.532486463973
373000,0.52104,0.022688,0.456272,0.534568929613
374000,0.5214,0.022544,0.456056,0.534985422741
375000,0.521616,0.022328,0.456056,0.535401915868
376000,0.521904,0.022176,0.45592,0.534777176177
377000,0.522184,0.021976,0.45584,0.535818408996
378000,0.522368,0.021824,0.455808,0.536859641816
379000,0.522744,0.021624,0.455632,0.53706788838
380000,0.523144,0.021456,0.4554,0.538317367763
381000,0.523464,0.021272,0.455264,0.539150354019
382000,0.523712,0.021096,0.455192,0.538733860891
383000,0.52412,0.020944,0.454936,0.537692628072
384000,0.524352,0.020728,0.45492,0.538942107455
385000,0.524696,0.02056,0.454744,0.541441066222
386000,0.52492,0.020456,0.454624,0.541649312786
387000,0.525128,0.020312,0.45456,0.542690545606
388000,0.5252,0.020248,0.454552,0.540191586839
389000,0.525304,0.02008,0.454616,0.539983340275
390000,0.5256,0.01992,0.45448,0.539775093711
391000,0.525672,0.019784,0.454544,0.540191586839
392000,0.525984,0.01968,0.454336,0.539150354019
393000,0.526088,0.019616,0.454296,0.538525614327
394000,0.526576,0.019456,0.453968,0.53602665556
395000,0.526736,0.019312,0.453952,0.53602665556
396000,0.526952,0.019192,0.453856,0.537692628072
397000,0.527144,0.019088,0.453768,0.5381091212
398000,0.5274,0.019008,0.453592,0.537276134944
399000,0.527456,0.018904,0.45364,0.536859641816
400000,0.52788,0.0188,0.45332,0.539566847147
401000,0.528008,0.018648,0.453344,0.542065805914
402000,0.528256,0.018464,0.45328,0.543731778426
403000,0.5282,0.018256,0.453544,0.542274052478
404000,0.528576,0.01804,0.453384,0.543107038734
405000,0.528592,0.017912,0.453496,0.542482299042
406000,0.529032,0.017744,0.453224,0.543523531862
407000,0.529336,0.017624,0.45304,0.54394002499
408000,0.529472,0.017512,0.453016,0.544564764681
409000,0.529768,0.01736,0.452872,0.546022490629
410000,0.52996,0.0172,0.45284,0.546022490629
411000,0.53004,0.01708,0.45288,0.547896709704
412000,0.530384,0.016968,0.452648,0.549354435652
413000,0.530448,0.016848,0.452704,0.549354435652
414000,0.530792,0.016704,0.452504,0.54977092878
415000,0.5312,0.016592,0.452208,0.550812161599
416000,0.531408,0.016496,0.452096,0.550812161599
417000,0.531552,0.016424,0.452024,0.550603915035
418000,0.531784,0.016328,0.451888,0.550603915035
419000,0.531992,0.01624,0.451768,0.551853394419
420000,0.532096,0.016128,0.451776,0.552686380675
421000,0.532544,0.016016,0.45144,0.551853394419
422000,0.53276,0.01592,0.45132,0.553935860058
423000,0.53332,0.01576,0.45092,0.552269887547
424000,0.533496,0.01564,0.450864,0.553727613494
425000,0.53388,0.015536,0.450584,0.553727613494
426000,0.53436,0.015392,0.450248,0.552269887547
427000,0.534488,0.015304,0.450208,0.552686380675
428000,0.534616,0.01516,0.450224,0.551853394419
429000,0.534768,0.01508,0.450152,0.554352353186
430000,0.535192,0.015,0.449808,0.552686380675
431000,0.535248,0.014904,0.449848,0.552478134111
432000,0.535528,0.014744,0.449728,0.55456059975
433000,0.535728,0.01464,0.449632,0.557059558517
434000,0.536264,0.01448,0.449256,0.556643065389
435000,0.536496,0.01436,0.449144,0.558309037901
436000,0.5366,0.014232,0.449168,0.559558517284
437000,0.536664,0.014096,0.44924,0.559766763848
438000,0.536848,0.013992,0.44916,0.559766763848
439000,0.53736,0.013848,0.448792,0.559350270721
440000,0.537568,0.013768,0.448664,0.560807996668
441000,0.5374,0.013656,0.448944,0.561224489796
442000,0.537792,0.01352,0.448688,0.56247396918
443000,0.537944,0.0134,0.448656,0.563515201999
444000,0.538152,0.013296,0.448552,0.560807996668
445000,0.538408,0.013136,0.448456,0.562682215743
446000,0.5386,0.013016,0.448384,0.564139941691
447000,0.538392,0.012968,0.44864,0.56622240733
448000,0.5388,0.01288,0.44832,0.567055393586
449000,0.538848,0.012824,0.448328,0.566430653894
450000,0.539392,0.01276,0.447848,0.566430653894
451000,0.539584,0.012704,0.447712,0.56726364015
452000,0.539752,0.0126,0.447648,0.567680133278
453000,0.540112,0.012456,0.447432,0.568096626406
454000,0.540296,0.012328,0.447376,0.567055393586
455000,0.54056,0.012256,0.447184,0.566014160766
456000,0.54072,0.012184,0.447096,0.56726364015
457000,0.541224,0.012136,0.44664,0.567471886714
458000,0.54132,0.01204,0.44664,0.568513119534
459000,0.541696,0.01196,0.446344,0.569762598917
460000,0.541944,0.011856,0.4462,0.57205331112
461000,0.54204,0.0118,0.44616,0.571636817993
462000,0.542256,0.01168,0.446064,0.572469804248
463000,0.542472,0.011608,0.44592,0.572678050812
464000,0.54268,0.011536,0.445784,0.574344023324
465000,0.542864,0.011424,0.445712,0.576218242399
466000,0.543456,0.01132,0.445224,0.577467721783
467000,0.543904,0.011256,0.44484,0.578508954602
468000,0.544144,0.011152,0.444704,0.579133694294
469000,0.544184,0.011048,0.444768,0.57996668055
470000,0.544416,0.01096,0.444624,0.581007913369
471000,0.544664,0.010848,0.444488,0.581632653061
472000,0.54512,0.010752,0.444128,0.581424406497
473000,0.54528,0.010664,0.444056,0.581216159933
474000,0.545528,0.0106,0.443872,0.581424406497
475000,0.545728,0.010536,0.443736,0.582465639317
476000,0.546128,0.010344,0.443528,0.579550187422
477000,0.546232,0.010264,0.443504,0.580174927114
478000,0.546384,0.010216,0.4434,0.578508954602
479000,0.546296,0.010128,0.443576,0.57788421491
480000,0.546608,0.01004,0.443352,0.577467721783
481000,0.54696,0.009976,0.443064,0.576634735527
482000,0.547032,0.009912,0.443056,0.575593502707
483000,0.547368,0.009808,0.442824,0.575593502707
484000,0.547432,0.009744,0.442824,0.577259475219
485000,0.54772,0.009648,0.442632,0.578508954602
486000,0.547992,0.009544,0.442464,0.577467721783
487000,0.548408,0.00948,0.442112,0.577675968347
488000,0.548872,0.009376,0.441752,0.577051228655
489000,0.549256,0.00928,0.441464,0.576634735527
490000,0.549688,0.0092,0.441112,0.577467721783
491000,0.54992,0.009184,0.440896,0.579758433986
492000,0.550232,0.009104,0.440664,0.581840899625
493000,0.550448,0.00904,0.440512,0.582049146189
494000,0.550288,0.008984,0.440728,0.579758433986
495000,0.550344,0.008904,0.440752,0.580799666805
496000,0.550368,0.008832,0.4408,0.582465639317
497000,0.550808,0.008712,0.44048,0.583506872137
498000,0.550896,0.008608,0.440496,0.583923365264
499000,0.551048,0.008552,0.4404,0.581424406497
500000,0.551176,0.00848,0.440344,0.58475635152
501000,0.55136,0.008392,0.440248,0.586422324032
502000,0.551696,0.008312,0.439992,0.586005830904
503000,0.552024,0.00824,0.439736,0.589962515618
504000,0.55232,0.008208,0.439472,0.589337775927
505000,0.552464,0.008152,0.439384,0.587463556851
506000,0.552672,0.008112,0.439216,0.590379008746
507000,0.552872,0.007992,0.439136,0.59162848813
508000,0.552848,0.007944,0.439208,0.592877967514
509000,0.55288,0.007912,0.439208,0.594543940025
510000,0.553224,0.007856,0.43892,0.594752186589
511000,0.55328,0.007784,0.438936,0.595585172845
512000,0.55336,0.007768,0.438872,0.597251145356
513000,0.553672,0.007704,0.438624,0.59745939192
514000,0.553896,0.007672,0.438432,0.596001665973
515000,0.5542,0.007584,0.438216,0.597875885048
516000,0.554704,0.007552,0.437744,0.597042898792
517000,0.554832,0.007512,0.437656,0.597875885048
518000,0.55496,0.007496,0.437544,0.59745939192
519000,0.555128,0.007424,0.437448,0.596209912536
520000,0.555712,0.007336,0.436952,0.594543940025
521000,0.55592,0.007304,0.436776,0.595793419409
522000,0.556488,0.007264,0.436248,0.595376926281
523000,0.556656,0.0072,0.436144,0.596209912536
524000,0.55668,0.007152,0.436168,0.597251145356
525000,0.556896,0.007128,0.435976,0.596001665973
526000,0.557016,0.007048,0.435936,0.595585172845
527000,0.557088,0.007,0.435912,0.596209912536
528000,0.557144,0.006928,0.435928,0.597667638484
529000,0.55724,0.006792,0.435968,0.59745939192
530000,0.55756,0.00672,0.43572,0.59745939192
531000,0.55788,0.00668,0.43544,0.598708871304
532000,0.558168,0.006608,0.435224,0.598708871304
533000,0.558432,0.006528,0.43504,0.599333610995
534000,0.558768,0.006456,0.434776,0.59850062474
535000,0.558992,0.006416,0.434592,0.597667638484
536000,0.559096,0.006392,0.434512,0.598917117868
537000,0.559576,0.006328,0.434096,0.598917117868
538000,0.559744,0.006296,0.43396,0.598917117868
539000,0.559976,0.00624,0.433784,0.59850062474
540000,0.560312,0.006208,0.43348,0.597251145356
541000,0.560464,0.006152,0.433384,0.596001665973
542000,0.560768,0.006104,0.433128,0.597042898792
543000,0.560568,0.00608,0.433352,0.599958350687
544000,0.560824,0.006048,0.433128,0.600374843815
545000,0.560944,0.006016,0.43304,0.600166597251
546000,0.56084,0.005992,0.433168,0.601624323199
547000,0.561192,0.005984,0.432824,0.601832569763
548000,0.561312,0.005928,0.43276,0.600999583507
549000,0.561456,0.005896,0.432648,0.60329029571
550000,0.561656,0.005864,0.43248,0.60224906289
551000,0.561672,0.00584,0.432488,0.601207830071
552000,0.562008,0.0058,0.432192,0.599541857559
553000,0.562336,0.005744,0.43192,0.600791336943
554000,0.562584,0.005712,0.431704,0.600583090379
555000,0.563056,0.005664,0.43128,0.600583090379
556000,0.563384,0.005648,0.430968,0.599958350687
557000,0.56368,0.0056,0.43072,0.600374843815
558000,0.563816,0.005536,0.430648,0.602457309454
559000,0.564232,0.005504,0.430264,0.601207830071
560000,0.564528,0.005472,0.43,0.602873802582
561000,0.564776,0.00544,0.429784,0.602040816327
562000,0.564896,0.005416,0.429688,0.600374843815
563000,0.565096,0.0054,0.429504,0.600791336943
564000,0.565232,0.00532,0.429448,0.599125364431
565000,0.5654,0.005304,0.429296,0.597875885048
566000,0.565768,0.00528,0.428952,0.598292378176
567000,0.566184,0.005256,0.42856,0.599125364431
568000,0.566448,0.0052,0.428352,0.601416076635
569000,0.566784,0.005144,0.428072,0.600166597251
570000,0.567088,0.005096,0.427816,0.600583090379
571000,0.567304,0.005056,0.42764,0.598917117868
572000,0.567712,0.004984,0.427304,0.599541857559
573000,0.5678,0.004944,0.427256,0.601207830071
574000,0.567992,0.00492,0.427088,0.601416076635
575000,0.56796,0.004912,0.427128,0.602457309454
576000,0.568472,0.00488,0.426648,0.604539775094
577000,0.56832,0.004872,0.426808,0.603706788838
578000,0.568312,0.004856,0.426832,0.603706788838
579000,0.568416,0.004792,0.426792,0.60329029571
580000,0.568544,0.004752,0.426704,0.603082049146
581000,0.568824,0.004712,0.426464,0.602873802582
582000,0.569136,0.004672,0.426192,0.603706788838
583000,0.569312,0.00464,0.426048,0.603706788838
584000,0.569408,0.004624,0.425968,0.606622240733
585000,0.56912,0.004584,0.426296,0.603706788838
586000,0.569288,0.004544,0.426168,0.604539775094
587000,0.569416,0.004536,0.426048,0.605789254477
588000,0.569616,0.004464,0.42592,0.605372761349
589000,0.56976,0.004432,0.425808,0.605581007913
590000,0.56996,0.004392,0.425648,0.606205747605
591000,0.569968,0.004336,0.425696,0.605789254477
592000,0.570328,0.004296,0.425376,0.606830487297
593000,0.570616,0.004232,0.425152,0.608288213244
594000,0.57072,0.004208,0.425072,0.6091211995
595000,0.57068,0.004192,0.425128,0.608288213244
596000,0.570616,0.004152,0.425232,0.608704706372
597000,0.570712,0.004128,0.42516,0.610787172012
598000,0.571016,0.004112,0.424872,0.610787172012
599000,0.571064,0.004064,0.424872,0.612453144523
600000,0.571296,0.004024,0.42468,0.614119117035
601000,0.57152,0.003976,0.424504,0.614535610162
602000,0.5718,0.00392,0.42428,0.614327363599
603000,0.572128,0.003904,0.423968,0.617659308621
604000,0.572288,0.00388,0.423832,0.619741774261
605000,0.572384,0.003872,0.423744,0.622032486464
606000,0.572632,0.003872,0.423496,0.623281965848
607000,0.5728,0.003856,0.423344,0.623281965848
608000,0.57312,0.003824,0.423056,0.624323198667
609000,0.573552,0.003792,0.422656,0.624739691795
610000,0.57376,0.003776,0.422464,0.625364431487
611000,0.573896,0.003768,0.422336,0.624947938359
612000,0.573904,0.003704,0.422392,0.624531445231
613000,0.57404,0.003688,0.422272,0.625780924615
614000,0.574328,0.00364,0.422032,0.625364431487
615000,0.574528,0.003608,0.421864,0.625572678051
616000,0.574624,0.003568,0.421808,0.623906705539
617000,0.5746,0.003552,0.421848,0.623073719284
618000,0.574704,0.003536,0.42176,0.623490212411
619000,0.574984,0.003512,0.421504,0.624739691795
620000,0.575408,0.003488,0.421104,0.623698458975
621000,0.575656,0.00348,0.420864,0.622032486464
622000,0.575752,0.003448,0.4208,0.621615993336
623000,0.575872,0.003408,0.42072,0.622448979592
624000,0.57596,0.003384,0.420656,0.623073719284
625000,0.576072,0.00336,0.420568,0.623073719284
626000,0.57644,0.003344,0.420216,0.623490212411
627000,0.576384,0.003312,0.420304,0.624531445231
628000,0.576544,0.00328,0.420176,0.624947938359
629000,0.576784,0.003224,0.419992,0.623698458975
630000,0.576616,0.003192,0.420192,0.624739691795
631000,0.576984,0.003168,0.419848,0.624323198667
632000,0.577384,0.003144,0.419472,0.625156184923
633000,0.577432,0.00312,0.419448,0.624739691795
634000,0.577336,0.003112,0.419552,0.624323198667
635000,0.577552,0.003072,0.419376,0.625989171179
636000,0.577752,0.00304,0.419208,0.626405664307
637000,0.577736,0.00304,0.419224,0.627238650562
638000,0.5778,0.003032,0.419168,0.625989171179
639000,0.578128,0.003008,0.418864,0.626822157434
640000,0.578616,0.002976,0.418408,0.628071636818
641000,0.579024,0.002976,0.418,0.629321116202
642000,0.579432,0.002952,0.417616,0.630987088713
643000,0.579544,0.002944,0.417512,0.633069554352
644000,0.579928,0.002928,0.417144,0.630778842149
645000,0.579872,0.002872,0.417256,0.631611828405
646000,0.57992,0.002864,0.417216,0.630362349021
647000,0.580176,0.002832,0.416992,0.631195335277
648000,0.580608,0.002816,0.416576,0.632028321533
649000,0.580632,0.002808,0.41656,0.632444814661
650000,0.581008,0.002792,0.4162,0.630987088713
651000,0.580984,0.002792,0.416224,0.630154102457
652000,0.581256,0.002768,0.415976,0.629737609329
653000,0.581616,0.002728,0.415656,0.629737609329
654000,0.5818,0.002688,0.415512,0.631611828405
655000,0.581896,0.002688,0.415416,0.632236568097
656000,0.582192,0.002648,0.41516,0.633069554352
657000,0.582328,0.002632,0.41504,0.63348604748
658000,0.582496,0.002608,0.414896,0.635776759683
659000,0.582456,0.0026,0.414944,0.634943773428
660000,0.582736,0.002584,0.41468,0.635360266556
661000,0.582456,0.002568,0.414976,0.634110787172
662000,0.58284,0.002552,0.414608,0.635985006247
663000,0.582952,0.002536,0.414512,0.635985006247
664000,0.583048,0.002528,0.414424,0.635360266556
665000,0.58324,0.002504,0.414256,0.634943773428
666000,0.583464,0.002488,0.414048,0.633694294044
667000,0.583696,0.002472,0.413832,0.636401499375
668000,0.583888,0.002448,0.413664,0.640566430654
669000,0.583984,0.002416,0.4136,0.638900458142
670000,0.584184,0.0024,0.413416,0.639525197834
671000,0.584272,0.002384,0.413344,0.64035818409
672000,0.58448,0.00236,0.41316,0.640149937526
673000,0.584472,0.002328,0.4132,0.639941690962
674000,0.584752,0.00232,0.412928,0.638275718451
675000,0.5848,0.002296,0.412904,0.637859225323
676000,0.584864,0.002288,0.412848,0.636401499375
677000,0.585072,0.002272,0.412656,0.635985006247
678000,0.585304,0.002264,0.412432,0.638067471887
679000,0.585392,0.002224,0.412384,0.641607663474
680000,0.585568,0.002216,0.412216,0.642440649729
681000,0.586024,0.0022,0.411776,0.644106622241
682000,0.586184,0.00216,0.411656,0.644314868805
683000,0.586528,0.002136,0.411336,0.642648896293
684000,0.5864,0.00212,0.41148,0.640982923782
685000,0.586744,0.002112,0.411144,0.640982923782
686000,0.586936,0.002088,0.410976,0.641191170346
687000,0.587064,0.002072,0.410864,0.640774677218
688000,0.587208,0.002048,0.410744,0.640149937526
689000,0.587464,0.002016,0.41052,0.641815910037
690000,0.587872,0.001992,0.410136,0.641815910037
691000,0.588104,0.001968,0.409928,0.644731361933
692000,0.588112,0.00196,0.409928,0.645564348188
693000,0.588264,0.00192,0.409816,0.644106622241
694000,0.58824,0.001928,0.409832,0.64618908788
695000,0.58856,0.001912,0.409528,0.645980841316
696000,0.58888,0.001896,0.409224,0.644106622241
697000,0.589136,0.00188,0.408984,0.644939608496
698000,0.589392,0.001888,0.40872,0.643898375677
699000,0.589472,0.00188,0.408648,0.64514785506
700000,0.589832,0.001872,0.408296,0.645980841316
701000,0.590256,0.001864,0.40788,0.645980841316
702000,0.5902,0.001848,0.407952,0.644731361933
703000,0.590264,0.001824,0.407912,0.64514785506
704000,0.590648,0.001816,0.407536,0.643898375677
705000,0.591048,0.001808,0.407144,0.643065389421
706000,0.591168,0.001792,0.40704,0.643273635985
707000,0.591448,0.001776,0.406776,0.642857142857
708000,0.592032,0.001768,0.4062,0.64139941691
709000,0.592192,0.001768,0.40604,0.640774677218
710000,0.59232,0.001728,0.405952,0.641191170346
711000,0.592464,0.00172,0.405816,0.641191170346
712000,0.592872,0.001712,0.405416,0.644106622241
713000,0.593248,0.001704,0.405048,0.64514785506
714000,0.593024,0.001664,0.405312,0.644731361933
715000,0.59324,0.001648,0.405112,0.647646813828
716000,0.593592,0.001632,0.404776,0.647646813828
717000,0.593704,0.001632,0.404664,0.647438567264
718000,0.593816,0.00164,0.404544,0.648688046647
719000,0.594248,0.001616,0.404136,0.648688046647
720000,0.594464,0.001592,0.403944,0.648688046647
721000,0.59448,0.001568,0.403952,0.646605581008
722000,0.594672,0.00156,0.403768,0.647855060392
723000,0.594864,0.001544,0.403592,0.647646813828
724000,0.59492,0.001536,0.403544,0.647646813828
725000,0.595008,0.001528,0.403464,0.648896293211
726000,0.595152,0.001512,0.403336,0.649312786339
727000,0.595328,0.001504,0.403168,0.649937526031
728000,0.595744,0.001496,0.40276,0.649937526031
729000,0.595824,0.001488,0.402688,0.650354019159
730000,0.595744,0.001448,0.402808,0.650562265723
731000,0.595624,0.00144,0.402936,0.649937526031
732000,0.595832,0.001424,0.402744,0.649104539775
733000,0.596104,0.001408,0.402488,0.648479800083
734000,0.595984,0.001392,0.402624,0.649312786339
735000,0.596248,0.001384,0.402368,0.650145772595
736000,0.59632,0.001384,0.402296,0.651395251978
737000,0.596728,0.001376,0.401896,0.652228238234
738000,0.596896,0.001368,0.401736,0.651395251978
739000,0.596976,0.001368,0.401656,0.650145772595
740000,0.597312,0.001352,0.401336,0.651811745106
741000,0.597464,0.001344,0.401192,0.654518950437
742000,0.597592,0.001328,0.40108,0.653269471054
743000,0.597896,0.00132,0.400784,0.655351936693
744000,0.598328,0.001304,0.400368,0.657017909204
745000,0.598728,0.001304,0.399968,0.658059142024
746000,0.598424,0.001304,0.400272,0.660349854227
747000,0.598704,0.001304,0.399992,0.6599333611
748000,0.599096,0.001288,0.399616,0.659100374844
749000,0.59912,0.001272,0.399608,0.658267388588
750000,0.599384,0.001256,0.39936,0.660766347355
751000,0.599536,0.001248,0.399216,0.662015826739
752000,0.599936,0.00124,0.398824,0.662432319867
753000,0.600112,0.0012,0.398688,0.662015826739
754000,0.600272,0.001168,0.39856,0.662432319867
755000,0.600328,0.001152,0.39852,0.664098292378
756000,0.60056,0.001144,0.398296,0.662848812995
757000,0.60052,0.001144,0.398336,0.664931278634
758000,0.600744,0.001128,0.398128,0.666597251145
759000,0.60084,0.00112,0.39804,0.668679716785
760000,0.600904,0.00112,0.397976,0.668679716785
761000,0.60108,0.001104,0.397816,0.668263223657
762000,0.601072,0.001096,0.397832,0.669929196168
763000,0.60112,0.001096,0.397784,0.66951270304
764000,0.60144,0.00108,0.39748,0.670137442732
765000,0.601768,0.001056,0.397176,0.670970428988
766000,0.602,0.001056,0.396944,0.672219908372
767000,0.602088,0.00104,0.396872,0.672428154935
768000,0.602232,0.001016,0.396752,0.672219908372
769000,0.6024,0.001,0.3966,0.672219908372
770000,0.602624,0.000984,0.396392,0.672844648063
771000,0.602728,0.000976,0.396296,0.673677634319
772000,0.603096,0.000976,0.395928,0.675760099958
773000,0.603128,0.000968,0.395904,0.674927113703
774000,0.6034,0.000944,0.395656,0.673677634319
775000,0.603576,0.000944,0.39548,0.677009579342
776000,0.603792,0.000944,0.395264,0.678259058726
777000,0.60428,0.000928,0.394792,0.678259058726
778000,0.604456,0.000912,0.394632,0.677842565598
779000,0.604672,0.000912,0.394416,0.677634319034
780000,0.604992,0.000888,0.39412,0.678883798417
781000,0.605288,0.000864,0.393848,0.679925031237
782000,0.605576,0.000856,0.393568,0.679508538109
783000,0.605648,0.000856,0.393496,0.680341524365
784000,0.605664,0.000856,0.39348,0.681174510621
785000,0.60596,0.000856,0.393184,0.683465222824
786000,0.60616,0.000848,0.392992,0.683673469388
787000,0.606448,0.000832,0.39272,0.683673469388
788000,0.60668,0.000832,0.392488,0.684922948771
789000,0.606968,0.000824,0.392208,0.685339441899
790000,0.607112,0.000824,0.392064,0.686588921283
791000,0.607272,0.000808,0.39192,0.685339441899
792000,0.607232,0.0008,0.391968,0.684089962516
793000,0.60708,0.000792,0.392128,0.683465222824
794000,0.607176,0.000792,0.392032,0.684714702207
795000,0.607456,0.000784,0.39176,0.684922948771
796000,0.6074,0.000776,0.391824,0.686797167847
797000,0.607872,0.000768,0.39136,0.687838400666
798000,0.608064,0.000768,0.391168,0.68908788005
799000,0.608232,0.000768,0.391,0.692003331945
800000,0.608616,0.000752,0.390632,0.695335276968
801000,0.608776,0.000752,0.390472,0.695751770096
802000,0.609096,0.000744,0.39016,0.695335276968
803000,0.60916,0.000744,0.390096,0.694502290712
804000,0.608952,0.000744,0.390304,0.694085797584
805000,0.609024,0.000728,0.390248,0.692211578509
806000,0.608928,0.000736,0.390336,0.691795085381
807000,0.609096,0.000736,0.390168,0.694710537276
808000,0.609336,0.000736,0.389928,0.69596001666
809000,0.609376,0.00072,0.389904,0.69596001666
810000,0.609552,0.00072,0.389728,0.695127030404
811000,0.609872,0.000712,0.389416,0.696376509788
812000,0.609968,0.000712,0.38932,0.697417742607
813000,0.610192,0.000712,0.389096,0.699291961683
814000,0.610296,0.000704,0.389,0.699291961683
815000,0.610624,0.000696,0.38868,0.69970845481
816000,0.610608,0.000696,0.388696,0.700124947938
817000,0.611,0.000696,0.388304,0.700957934194
818000,0.611072,0.000696,0.388232,0.700957934194
819000,0.611256,0.000696,0.388048,0.701999167014
820000,0.611232,0.000696,0.388072,0.704914618909
821000,0.611432,0.000688,0.38788,0.706164098292
822000,0.611544,0.00068,0.387776,0.705955851728
823000,0.611544,0.00068,0.387776,0.705539358601
824000,0.611608,0.000664,0.387728,0.705331112037
825000,0.6116,0.000656,0.387744,0.707830070804
826000,0.611704,0.000648,0.387648,0.707830070804
827000,0.611808,0.000648,0.387544,0.709912536443
828000,0.611872,0.000648,0.38748,0.710120783007
829000,0.611984,0.00064,0.387376,0.710537276135
830000,0.61224,0.00064,0.38712,0.711786755519
831000,0.612408,0.000624,0.386968,0.71345272803
832000,0.61248,0.000624,0.386896,0.713036234902
833000,0.61272,0.000624,0.386656,0.714702207414
