1000,0.331384,0.33304,0.335576,0.325281132861
2000,0.332424,0.330888,0.336688,0.324864639733
3000,0.333712,0.328752,0.337536,0.324031653478
4000,0.334488,0.32672,0.338792,0.326114119117
5000,0.33548,0.324728,0.339792,0.327988338192
6000,0.33652,0.322464,0.341016,0.329237817576
7000,0.337672,0.320368,0.34196,0.327155351937
8000,0.338184,0.318448,0.343368,0.326738858809
9000,0.339272,0.316328,0.3444,0.327988338192
10000,0.340152,0.314432,0.345416,0.32944606414
11000,0.341264,0.312368,0.346368,0.331945022907
12000,0.342096,0.31032,0.347584,0.332778009163
13000,0.342848,0.308256,0.348896,0.335693461058
14000,0.343736,0.306392,0.349872,0.337775926697
15000,0.344824,0.304408,0.350768,0.339233652645
16000,0.345848,0.302504,0.351648,0.339441899209
17000,0.346744,0.300544,0.352712,0.340274885464
18000,0.347688,0.298416,0.353896,0.3400666389
19000,0.348704,0.296368,0.354928,0.337984173261
20000,0.34944,0.294416,0.356144,0.338608912953
21000,0.350368,0.292168,0.357464,0.338400666389
22000,0.351,0.290224,0.358776,0.337775926697
23000,0.352096,0.288144,0.35976,0.336734693878
24000,0.353064,0.286328,0.360608,0.339650145773
25000,0.353672,0.284512,0.361816,0.339650145773
26000,0.354168,0.282848,0.362984,0.340483132028
27000,0.354768,0.281112,0.36412,0.340899625156
28000,0.355664,0.279344,0.364992,0.343190337359
29000,0.356408,0.277472,0.36612,0.345272802999
30000,0.357208,0.275552,0.36724,0.346105789254
31000,0.35784,0.273736,0.368424,0.346522282382
32000,0.358816,0.271872,0.369312,0.348604748022
33000,0.359776,0.270128,0.370096,0.348396501458
34000,0.360584,0.268472,0.370944,0.352144939608
35000,0.361072,0.266624,0.372304,0.353186172428
36000,0.361736,0.26504,0.373224,0.353186172428
37000,0.362696,0.263512,0.373792,0.354019158684
38000,0.363704,0.261792,0.374504,0.356101624323
39000,0.364512,0.260064,0.375424,0.357142857143
40000,0.365488,0.258408,0.376104,0.357767596835
41000,0.3658,0.256856,0.377344,0.359433569346
42000,0.366704,0.254952,0.378344,0.360058309038
43000,0.367512,0.253304,0.379184,0.361516034985
44000,0.368288,0.251832,0.37988,0.363390254061
45000,0.368736,0.250456,0.380808,0.362349021241
46000,0.369376,0.248848,0.381776,0.364014993753
47000,0.37,0.247152,0.382848,0.366305705956
48000,0.37096,0.24544,0.3836,0.367138692212
49000,0.371784,0.243624,0.384592,0.369012911287
50000,0.3726,0.241968,0.385432,0.370678883798
51000,0.373272,0.2404,0.386328,0.371720116618
52000,0.374136,0.23872,0.387144,0.373177842566
53000,0.374864,0.237112,0.388024,0.370887130362
54000,0.375528,0.235552,0.38892,0.371095376926
55000,0.376352,0.233968,0.38968,0.371095376926
56000,0.377232,0.232408,0.39036,0.371928363182
57000,0.37776,0.230968,0.391272,0.371511870054
58000,0.378616,0.229456,0.391928,0.372761349438
59000,0.379184,0.228032,0.392784,0.374635568513
60000,0.379928,0.2264,0.393672,0.376301541025
61000,0.38048,0.22476,0.39476,0.376926280716
62000,0.381256,0.2232,0.395544,0.379633486047
63000,0.3818,0.221664,0.396536,0.378592253228
64000,0.382576,0.220184,0.39724,0.381299458559
65000,0.383192,0.218576,0.398232,0.381507705123
66000,0.383552,0.217208,0.39924,0.382132444815
67000,0.38424,0.215704,0.400056,0.383381924198
68000,0.384856,0.214176,0.400968,0.385464389838
69000,0.385416,0.212896,0.401688,0.385672636401
70000,0.386344,0.211304,0.402352,0.387130362349
71000,0.386944,0.209912,0.403144,0.389212827988
72000,0.387544,0.208456,0.404,0.390670553936
73000,0.388352,0.207136,0.404512,0.392544773011
74000,0.388768,0.205832,0.4054,0.392753019575
75000,0.389488,0.204304,0.406208,0.394835485214
76000,0.389808,0.202752,0.40744,0.394002498959
77000,0.39048,0.201392,0.408128,0.395251978342
78000,0.39088,0.20016,0.40896,0.396917950854
79000,0.391448,0.198936,0.409616,0.400249895877
80000,0.391904,0.1976,0.410496,0.403998334027
81000,0.39252,0.196248,0.411232,0.403165347772
82000,0.39284,0.194936,0.412224,0.403790087464
83000,0.393288,0.193584,0.413128,0.403790087464
84000,0.393968,0.192248,0.413784,0.403998334027
85000,0.394224,0.191128,0.414648,0.405456059975
86000,0.394848,0.189688,0.415464,0.40941274469
87000,0.395424,0.188456,0.41612,0.40733027905
88000,0.395592,0.1872,0.417208,0.406705539359
89000,0.395904,0.18588,0.418216,0.408163265306
90000,0.396648,0.18452,0.418832,0.405872553103
91000,0.397128,0.183216,0.419656,0.405664306539
92000,0.397904,0.181952,0.420144,0.407955018742
93000,0.39824,0.180672,0.421088,0.40837151187
94000,0.398696,0.179424,0.42188,0.407955018742
95000,0.398848,0.178336,0.422816,0.405664306539
96000,0.39924,0.177088,0.423672,0.406080799667
97000,0.399568,0.1758,0.424632,0.408788004998
98000,0.400144,0.174536,0.42532,0.410245730945
99000,0.40064,0.173392,0.425968,0.409620991254
100000,0.40116,0.172128,0.426712,0.409204498126
101000,0.401704,0.17092,0.427376,0.410662224073
102000,0.402184,0.169704,0.428112,0.411703456893
103000,0.402744,0.168496,0.42876,0.411286963765
104000,0.403016,0.167424,0.42956,0.410453977509
105000,0.403512,0.166344,0.430144,0.411703456893
106000,0.403784,0.16524,0.430976,0.413577675968
107000,0.404592,0.164024,0.431384,0.412744689713
108000,0.405104,0.16292,0.431976,0.412119950021
109000,0.405208,0.161936,0.432856,0.414410662224
110000,0.405704,0.160728,0.433568,0.414618908788
111000,0.405952,0.159728,0.43432,0.41524364848
112000,0.406648,0.158672,0.43468,0.413577675968
113000,0.40696,0.157616,0.435424,0.411286963765
114000,0.40724,0.156584,0.436176,0.412744689713
115000,0.407696,0.155464,0.43684,0.410453977509
116000,0.408128,0.154376,0.437496,0.411495210329
117000,0.40844,0.153272,0.438288,0.410453977509
118000,0.408664,0.152272,0.439064,0.410662224073
119000,0.408952,0.151312,0.439736,0.415868388172
120000,0.409064,0.150136,0.4408,0.415451895044
121000,0.409392,0.149016,0.441592,0.417117867555
122000,0.409944,0.148,0.442056,0.418367346939
123000,0.410408,0.147016,0.442576,0.417742607247
124000,0.410992,0.145904,0.443104,0.417117867555
125000,0.411576,0.144976,0.443448,0.421491045398
126000,0.411928,0.143952,0.44412,0.418575593503
127000,0.412592,0.142952,0.444456,0.420241566014
128000,0.41256,0.141976,0.445464,0.420658059142
129000,0.413008,0.140824,0.446168,0.420449812578
130000,0.413192,0.139776,0.447032,0.421282798834
131000,0.413472,0.138912,0.447616,0.422532278217
132000,0.414072,0.138008,0.44792,0.423990004165
133000,0.41416,0.137216,0.448624,0.424198250729
134000,0.414744,0.136008,0.449248,0.423781757601
135000,0.414952,0.13504,0.450008,0.422948771345
136000,0.415296,0.134112,0.450592,0.423573511037
137000,0.4154,0.13328,0.45132,0.422740524781
138000,0.41596,0.132336,0.451704,0.425655976676
139000,0.416064,0.131304,0.452632,0.425447730112
140000,0.416176,0.130272,0.453552,0.426072469804
141000,0.416472,0.129544,0.453984,0.427321949188
142000,0.416824,0.12848,0.454696,0.430445647647
143000,0.41708,0.127712,0.455208,0.43169512703
144000,0.417096,0.126752,0.456152,0.432319866722
145000,0.417192,0.125976,0.456832,0.432528113286
146000,0.41736,0.125112,0.457528,0.43273635985
147000,0.41772,0.124184,0.458096,0.435651811745
148000,0.417896,0.123224,0.45888,0.435651811745
149000,0.418064,0.122336,0.4596,0.435860058309
150000,0.4188,0.121296,0.459904,0.436484798001
151000,0.418808,0.120344,0.460848,0.436068304873
152000,0.419104,0.119496,0.4614,0.438150770512
153000,0.419344,0.118584,0.462072,0.439816743024
154000,0.419552,0.1178,0.462648,0.442315701791
155000,0.419872,0.116872,0.463256,0.445231153686
156000,0.420296,0.115944,0.46376,0.44543940025
157000,0.420232,0.115344,0.464424,0.446688879633
158000,0.420264,0.11472,0.465016,0.446272386506
159000,0.420328,0.113984,0.465688,0.444814660558
160000,0.420528,0.11332,0.466152,0.443148688047
161000,0.420952,0.112328,0.46672,0.445022907122
162000,0.421168,0.11172,0.467112,0.445647646814
163000,0.421216,0.110952,0.467832,0.447521865889
164000,0.42136,0.110224,0.468416,0.448979591837
165000,0.421904,0.109232,0.468864,0.450020824656
166000,0.422312,0.108624,0.469064,0.448354852145
167000,0.42236,0.107896,0.469744,0.447938359017
168000,0.422368,0.107112,0.47052,0.45127030404
169000,0.422584,0.106344,0.471072,0.451686797168
170000,0.422576,0.10564,0.471784,0.453352769679
171000,0.422696,0.104856,0.472448,0.453977509371
172000,0.422808,0.104232,0.47296,0.452936276551
173000,0.423376,0.103344,0.47328,0.453352769679
174000,0.423488,0.102624,0.473888,0.453352769679
175000,0.423528,0.101952,0.47452,0.454810495627
176000,0.424,0.101256,0.474744,0.453561016243
177000,0.424024,0.100464,0.475512,0.454394002499
178000,0.42436,0.099712,0.475928,0.453769262807
179000,0.42432,0.09912,0.47656,0.453977509371
180000,0.4248,0.098464,0.476736,0.454810495627
181000,0.424864,0.09784,0.477296,0.45710120783
182000,0.425088,0.097064,0.477848,0.457725947522
183000,0.425288,0.096344,0.478368,0.45710120783
184000,0.425272,0.095568,0.47916,0.457934194086
185000,0.425312,0.094984,0.479704,0.45710120783
186000,0.425176,0.094272,0.480552,0.45710120783
187000,0.425248,0.093504,0.481248,0.458350687214
188000,0.425272,0.092784,0.481944,0.459183673469
189000,0.425384,0.09204,0.482576,0.460224906289
190000,0.425296,0.091424,0.48328,0.460433152853
191000,0.425496,0.090752,0.483752,0.461266139109
192000,0.425416,0.090152,0.484432,0.462307371928
193000,0.425464,0.0896,0.484936,0.464181591004
194000,0.42532,0.088952,0.485728,0.465014577259
195000,0.425328,0.088288,0.486384,0.466680549771
196000,0.425696,0.087624,0.48668,0.468554768846
197000,0.425808,0.087,0.487192,0.46876301541
198000,0.425824,0.086392,0.487784,0.46876301541
199000,0.425952,0.085768,0.48828,0.466888796335
200000,0.425808,0.085096,0.489096,0.468138275718
201000,0.425912,0.084488,0.4896,0.469179508538
202000,0.425792,0.083792,0.490416,0.472303206997
203000,0.425736,0.083232,0.491032,0.469596001666
204000,0.426016,0.082624,0.49136,0.471261974177
205000,0.426184,0.08196,0.491856,0.46980424823
206000,0.426168,0.081328,0.492504,0.470637234486
207000,0.42604,0.080736,0.493224,0.471678467305
208000,0.42632,0.080296,0.493384,0.475218658892
209000,0.42636,0.079736,0.493904,0.47563515202
210000,0.426352,0.079264,0.494384,0.477301124531
211000,0.426392,0.078768,0.49484,0.478550603915
212000,0.42628,0.078224,0.495496,0.480841316118
213000,0.426288,0.077672,0.49604,0.484798000833
214000,0.425944,0.077144,0.496912,0.484589754269
215000,0.425792,0.076656,0.497552,0.483132028322
216000,0.425336,0.076136,0.498528,0.485630987089
217000,0.425464,0.075592,0.498944,0.486672219908
218000,0.425648,0.074968,0.499384,0.48833819242
219000,0.42568,0.07428,0.50004,0.489379425239
220000,0.42568,0.073584,0.500736,0.489171178676
221000,0.425576,0.072984,0.50144,0.489171178676
222000,0.425448,0.072576,0.501976,0.490628904623
223000,0.42524,0.072096,0.502664,0.492711370262
224000,0.42528,0.071632,0.503088,0.493960849646
225000,0.4248,0.07112,0.50408,0.496043315285
226000,0.42476,0.07056,0.50468,0.494793835902
227000,0.424744,0.070056,0.5052,0.493752603082
228000,0.42464,0.069496,0.505864,0.495835068721
229000,0.42444,0.069072,0.506488,0.496668054977
230000,0.424232,0.0686,0.507168,0.498125780925
231000,0.423896,0.068216,0.507888,0.500832986256
232000,0.423848,0.067776,0.508376,0.501665972511
233000,0.42356,0.067336,0.509104,0.503123698459
234000,0.423288,0.066832,0.50988,0.503123698459
235000,0.423016,0.066328,0.510656,0.502290712203
236000,0.423088,0.065744,0.511168,0.500832986256
237000,0.423184,0.065264,0.511552,0.502290712203
238000,0.42292,0.064912,0.512168,0.500624739692
239000,0.422816,0.064448,0.512736,0.499791753436
240000,0.422624,0.06396,0.513416,0.496876301541
241000,0.422472,0.063496,0.514032,0.495626822157
242000,0.422728,0.062968,0.514304,0.497709287797
243000,0.422664,0.06252,0.514816,0.49895876718
244000,0.422456,0.06212,0.515424,0.500416493128
245000,0.422248,0.06172,0.516032,0.501665972511
246000,0.42204,0.061288,0.516672,0.501874219075
247000,0.422008,0.060896,0.517096,0.502915451895
248000,0.421528,0.060408,0.518064,0.504581424406
249000,0.421216,0.060048,0.518736,0.503123698459
250000,0.420928,0.05964,0.519432,0.502082465639
251000,0.420464,0.059296,0.52024,0.499791753436
252000,0.420256,0.058864,0.52088,0.498542274052
253000,0.420152,0.058512,0.521336,0.5
254000,0.419824,0.058,0.522176,0.501457725948
255000,0.419784,0.05756,0.522656,0.501665972511
256000,0.419712,0.057256,0.523032,0.501665972511
257000,0.419352,0.056896,0.523752,0.502498958767
258000,0.419064,0.056408,0.524528,0.503540191587
259000,0.41904,0.05604,0.52492,0.503123698459
260000,0.418744,0.055616,0.52564,0.50478967097
261000,0.418328,0.055152,0.52652,0.504997917534
262000,0.418096,0.054832,0.527072,0.506455643482
263000,0.417832,0.054384,0.527784,0.507913369429
264000,0.41748,0.054,0.52852,0.509995835069
265000,0.417384,0.05348,0.529136,0.510204081633
266000,0.416904,0.053144,0.529952,0.509787588505
267000,0.416664,0.052776,0.53056,0.511245314452
268000,0.416,0.0524,0.5316,0.511870054144
269000,0.41536,0.051936,0.532704,0.512078300708
270000,0.41508,0.0516,0.53332,0.510412328197
271000,0.41472,0.051208,0.534072,0.510204081633
272000,0.414288,0.050864,0.534848,0.509787588505
273000,0.414008,0.050512,0.53548,0.510620574761
274000,0.414048,0.049992,0.53596,0.511453561016
275000,0.413448,0.049544,0.537008,0.510828821324
276000,0.41316,0.04916,0.53768,0.509579341941
277000,0.412872,0.048888,0.53824,0.510412328197
278000,0.412384,0.048504,0.539112,0.508954602249
279000,0.412072,0.04816,0.539768,0.509371095377
280000,0.41188,0.047768,0.540352,0.511037067888
281000,0.411632,0.047416,0.540952,0.511870054144
282000,0.411296,0.047032,0.541672,0.513952519783
283000,0.41044,0.046704,0.542856,0.514993752603
284000,0.409808,0.046344,0.543848,0.51749271137
285000,0.409352,0.046032,0.544616,0.519158683882
286000,0.40876,0.045672,0.545568,0.51853394419
287000,0.40844,0.045352,0.546208,0.519991670137
288000,0.408056,0.045152,0.546792,0.517909204498
289000,0.407792,0.044824,0.547384,0.517284464806
290000,0.40736,0.044432,0.548208,0.51853394419
291000,0.407024,0.044128,0.548848,0.520408163265
292000,0.406632,0.043728,0.54964,0.520824656393
293000,0.40632,0.043464,0.550216,0.522282382341
294000,0.40572,0.043176,0.551104,0.52332361516
295000,0.405504,0.042928,0.551568,0.52436484798
296000,0.405072,0.042576,0.552352,0.524781341108
297000,0.404736,0.042224,0.55304,0.524156601416
298000,0.4042,0.041872,0.553928,0.5254060808
299000,0.403896,0.041496,0.554608,0.526655560183
300000,0.403688,0.041232,0.55508,0.526447313619
301000,0.403368,0.040944,0.555688,0.524781341108
302000,0.40284,0.040624,0.556536,0.525197834236
303000,0.402136,0.040256,0.557608,0.527072053311
304000,0.401568,0.039912,0.55852,0.526030820491
305000,0.400928,0.03956,0.559512,0.524989587672
306000,0.400496,0.039184,0.56032,0.525614327364
307000,0.40012,0.038872,0.561008,0.526030820491
308000,0.399616,0.038552,0.561832,0.526655560183
309000,0.398856,0.038296,0.562848,0.527696793003
310000,0.398176,0.038056,0.563768,0.529571012078
311000,0.397624,0.037736,0.56464,0.527905039567
312000,0.396944,0.03752,0.565536,0.528113286131
313000,0.39652,0.037256,0.566224,0.528946272387
314000,0.395864,0.037024,0.567112,0.529362765514
315000,0.394992,0.036872,0.568136,0.528738025823
316000,0.394432,0.036472,0.569096,0.528529779259
317000,0.393832,0.036248,0.56992,0.530820491462
318000,0.39308,0.035968,0.570952,0.53123698459
319000,0.392376,0.035776,0.571848,0.533319450229
320000,0.391712,0.035552,0.572736,0.534360683049
321000,0.39128,0.035224,0.573496,0.534777176177
322000,0.390624,0.034912,0.574464,0.536234902124
323000,0.389872,0.034584,0.575544,0.5381091212
324000,0.389152,0.034296,0.576552,0.539566847147
325000,0.388752,0.034024,0.577224,0.538942107455
326000,0.388056,0.03372,0.578224,0.541232819658
327000,0.3874,0.03344,0.57916,0.540399833403
328000,0.38688,0.033248,0.579872,0.541232819658
329000,0.386016,0.033008,0.580976,0.544356518117
330000,0.385504,0.032832,0.581664,0.545397750937
331000,0.384928,0.032616,0.582456,0.545814244065
332000,0.38432,0.032272,0.583408,0.547271970012
333000,0.383648,0.032048,0.584304,0.549354435652
334000,0.382856,0.031872,0.585272,0.548313202832
335000,0.38232,0.031576,0.586104,0.549146189088
336000,0.381616,0.031336,0.587048,0.549354435652
337000,0.380584,0.031112,0.588304,0.54768846314
338000,0.380168,0.030968,0.588864,0.547271970012
339000,0.379048,0.030816,0.590136,0.544981257809
340000,0.378504,0.03064,0.590856,0.545605997501
341000,0.378,0.030416,0.591584,0.547063723449
342000,0.377136,0.030248,0.592616,0.548521449396
343000,0.376544,0.02996,0.593496,0.548937942524
344000,0.37588,0.029784,0.594336,0.549146189088
345000,0.375152,0.02952,0.595328,0.547063723449
346000,0.374392,0.029264,0.596344,0.547480216576
347000,0.37368,0.029104,0.597216,0.545397750937
348000,0.372888,0.028896,0.598216,0.54394002499
349000,0.371992,0.028672,0.599336,0.54394002499
350000,0.371256,0.028488,0.600256,0.545814244065
351000,0.370576,0.028336,0.601088,0.545189504373
352000,0.369864,0.02816,0.601976,0.545814244065
353000,0.369144,0.027928,0.602928,0.545605997501
354000,0.368416,0.027688,0.603896,0.54872969596
355000,0.367448,0.027544,0.605008,0.549354435652
356000,0.366856,0.027416,0.605728,0.547271970012
357000,0.36608,0.027208,0.606712,0.548104956268
358000,0.365512,0.026848,0.60764,0.547271970012
359000,0.36464,0.026624,0.608736,0.548104956268
360000,0.363904,0.026392,0.609704,0.550187421908
361000,0.363008,0.026176,0.610816,0.550812161599
362000,0.362464,0.026024,0.611512,0.549562682216
363000,0.361568,0.025848,0.612584,0.549354435652
364000,0.36104,0.025688,0.613272,0.549562682216
365000,0.360344,0.025496,0.61416,0.548313202832
366000,0.359912,0.025312,0.614776,0.548313202832
367000,0.359296,0.025088,0.615616,0.548313202832
368000,0.358552,0.02496,0.616488,0.547896709704
369000,0.357896,0.024696,0.617408,0.547896709704
370000,0.35696,0.024464,0.618576,0.549562682216
371000,0.356248,0.024248,0.619504,0.551645147855
372000,0.355368,0.024096,0.620536,0.55351936693
373000,0.354504,0.023904,0.621592,0.55456059975
374000,0.353984,0.023672,0.622344,0.55560183257
375000,0.35324,0.023488,0.623272,0.557267805081
376000,0.352352,0.023376,0.624272,0.559350270721
377000,0.351736,0.023192,0.625072,0.56039150354
378000,0.3504,0.02296,0.62664,0.561224489796
379000,0.349712,0.022776,0.627512,0.56143273636
380000,0.348896,0.022552,0.628552,0.562265722616
381000,0.348136,0.022384,0.62948,0.562682215743
382000,0.347176,0.02216,0.630664,0.562265722616
383000,0.346464,0.022016,0.63152,0.562890462307
384000,0.345376,0.021896,0.632728,0.56247396918
385000,0.344496,0.021728,0.633776,0.563098708871
386000,0.343424,0.021664,0.634912,0.563306955435
387000,0.342592,0.021536,0.635872,0.566847147022
388000,0.341488,0.021392,0.63712,0.569137859225
389000,0.340504,0.021176,0.63832,0.569554352353
390000,0.33928,0.02104,0.63968,0.572678050812
391000,0.338416,0.020952,0.640632,0.572886297376
392000,0.33756,0.020736,0.641704,0.57413577676
393000,0.336696,0.020568,0.642736,0.576009995835
394000,0.335424,0.020408,0.644168,0.577259475219
395000,0.334464,0.020192,0.645344,0.577467721783
396000,0.333536,0.02004,0.646424,0.577051228655
397000,0.332688,0.019864,0.647448,0.57788421491
398000,0.33172,0.019632,0.648648,0.577259475219
399000,0.330864,0.019488,0.649648,0.577467721783
400000,0.33004,0.019416,0.650544,0.578092461474
401000,0.329136,0.019272,0.651592,0.580383173678
402000,0.328424,0.019136,0.65244,0.580591420242
403000,0.32756,0.018992,0.653448,0.582257392753
404000,0.326456,0.018872,0.654672,0.581424406497
405000,0.325712,0.018696,0.655592,0.582882132445
406000,0.324784,0.018568,0.656648,0.583715118701
407000,0.323848,0.018504,0.657648,0.585381091212
408000,0.32272,0.018352,0.658928,0.584964598084
409000,0.321512,0.01824,0.660248,0.58683881716
410000,0.320656,0.018136,0.661208,0.587671803415
411000,0.31968,0.018064,0.662256,0.589129529363
412000,0.318792,0.017944,0.663264,0.59058725531
413000,0.318032,0.017808,0.66416,0.591003748438
414000,0.317168,0.017672,0.66516,0.591211995002
415000,0.316208,0.017536,0.666256,0.590170762182
416000,0.315096,0.017408,0.667496,0.590170762182
417000,0.314176,0.017264,0.66856,0.592877967514
418000,0.3132,0.01712,0.66968,0.593710953769
419000,0.312408,0.017024,0.670568,0.594543940025
420000,0.31128,0.01684,0.67188,0.592877967514
421000,0.310408,0.016728,0.672864,0.592253227822
422000,0.309456,0.016632,0.673912,0.594335693461
423000,0.308568,0.01656,0.674872,0.596209912536
424000,0.3076,0.016384,0.676016,0.597667638484
425000,0.306432,0.01624,0.677328,0.598084131612
426000,0.305392,0.01612,0.678488,0.599958350687
427000,0.30444,0.015992,0.679568,0.598292378176
428000,0.30364,0.015888,0.680472,0.599125364431
429000,0.30272,0.015776,0.681504,0.600791336943
430000,0.301728,0.015704,0.682568,0.600999583507
431000,0.300992,0.0156,0.683408,0.603915035402
432000,0.30008,0.01548,0.68444,0.604956268222
433000,0.298984,0.015328,0.685688,0.606205747605
434000,0.297984,0.015208,0.686808,0.607038733861
435000,0.297192,0.01508,0.687728,0.606830487297
436000,0.296264,0.014936,0.6888,0.607246980425
437000,0.295504,0.014872,0.689624,0.606622240733
438000,0.294488,0.01472,0.690792,0.605997501041
439000,0.293384,0.014576,0.69204,0.607246980425
440000,0.292648,0.01444,0.692912,0.608288213244
441000,0.2916,0.014352,0.694048,0.608704706372
442000,0.290384,0.01428,0.695336,0.611828404831
443000,0.289392,0.014192,0.696416,0.612244897959
444000,0.288376,0.01412,0.697504,0.614119117035
445000,0.287392,0.013992,0.698616,0.612869637651
446000,0.286576,0.013864,0.69956,0.612036651395
447000,0.285624,0.013736,0.70064,0.612869637651
448000,0.284696,0.013608,0.701696,0.614119117035
449000,0.283888,0.013504,0.702608,0.615160349854
450000,0.283208,0.013424,0.703368,0.615368596418
451000,0.282264,0.01332,0.704416,0.615785089546
452000,0.281392,0.013256,0.705352,0.615576842982
453000,0.280384,0.013152,0.706464,0.616618075802
454000,0.279472,0.013064,0.707464,0.619325281133
455000,0.278432,0.012992,0.708576,0.618492294877
456000,0.277808,0.012952,0.70924,0.618075801749
457000,0.276752,0.012896,0.710352,0.617867555185
458000,0.275888,0.012784,0.711328,0.617867555185
459000,0.275008,0.012744,0.712248,0.621199500208
460000,0.274248,0.012632,0.71312,0.621199500208
461000,0.273024,0.012536,0.71444,0.622657226156
462000,0.271984,0.012376,0.71564,0.626405664307
463000,0.271176,0.01228,0.716544,0.625989171179
464000,0.27024,0.012176,0.717584,0.624739691795
465000,0.269288,0.012048,0.718664,0.625989171179
466000,0.268232,0.011992,0.719776,0.626822157434
467000,0.267336,0.01192,0.720744,0.628488129946
468000,0.266592,0.011864,0.721544,0.629529362766
469000,0.265816,0.011728,0.722456,0.630570595585
470000,0.26508,0.011592,0.723328,0.631820074969
471000,0.264192,0.01152,0.724288,0.632028321533
472000,0.263072,0.011456,0.725472,0.632444814661
473000,0.262216,0.01136,0.726424,0.631820074969
474000,0.261584,0.01128,0.727136,0.632444814661
475000,0.26076,0.0112,0.72804,0.633902540608
476000,0.259712,0.011136,0.729152,0.635985006247
477000,0.258976,0.011016,0.730008,0.637234485631
478000,0.257984,0.010952,0.731064,0.636609745939
479000,0.256936,0.010904,0.73216,0.639733444398
480000,0.256232,0.010824,0.732944,0.64139941691
481000,0.255224,0.01076,0.734016,0.643481882549
482000,0.254472,0.010688,0.73484,0.643065389421
483000,0.253512,0.010632,0.735856,0.642440649729
484000,0.252728,0.010568,0.736704,0.643273635985
485000,0.25164,0.010472,0.737888,0.644939608496
486000,0.250696,0.010368,0.738936,0.64514785506
487000,0.249512,0.01028,0.740208,0.64514785506
488000,0.248656,0.0102,0.741144,0.64514785506
489000,0.2478,0.01012,0.74208,0.644523115369
490000,0.24692,0.00996,0.74312,0.644731361933
491000,0.246056,0.009888,0.744056,0.645356101624
492000,0.245096,0.0098,0.745104,0.645356101624
493000,0.244248,0.009736,0.746016,0.64514785506
494000,0.24328,0.00964,0.74708,0.64618908788
495000,0.242328,0.009576,0.748096,0.64618908788
496000,0.241544,0.009464,0.748992,0.6472303207
497000,0.24076,0.009368,0.749872,0.647438567264
498000,0.239992,0.009304,0.750704,0.647438567264
499000,0.238936,0.009216,0.751848,0.649312786339
500000,0.237952,0.009184,0.752864,0.648896293211
501000,0.237224,0.00908,0.753696,0.650562265723
502000,0.23612,0.009,0.75488,0.650562265723
503000,0.235136,0.008968,0.755896,0.65306122449
504000,0.234104,0.008912,0.756984,0.65785089546
505000,0.23328,0.008872,0.757848,0.658059142024
506000,0.232032,0.00876,0.759208,0.658683881716
507000,0.231112,0.008672,0.760216,0.661391087047
508000,0.230216,0.0086,0.761184,0.662848812995
509000,0.22928,0.008544,0.762176,0.663473552686
510000,0.228488,0.008496,0.763016,0.665556018326
511000,0.22748,0.008424,0.764096,0.666180758017
512000,0.226608,0.008328,0.765064,0.668054977093
513000,0.225808,0.008224,0.765968,0.669096209913
514000,0.224952,0.008184,0.766864,0.668887963349
515000,0.224016,0.008088,0.767896,0.671386922116
516000,0.223208,0.008016,0.768776,0.672011661808
517000,0.222304,0.007952,0.769744,0.673261141191
518000,0.221528,0.007888,0.770584,0.674510620575
519000,0.22048,0.007856,0.771664,0.676176593086
520000,0.21948,0.0078,0.77272,0.675760099958
521000,0.218624,0.007752,0.773624,0.675968346522
522000,0.217832,0.00768,0.774488,0.675135360267
523000,0.216808,0.007648,0.775544,0.67638483965
524000,0.215984,0.007584,0.776432,0.677217825906
525000,0.215168,0.007544,0.777288,0.677009579342
526000,0.214304,0.00748,0.778216,0.67742607247
527000,0.21352,0.007392,0.779088,0.678467305289
528000,0.212768,0.007352,0.77988,0.679300291545
529000,0.212056,0.007304,0.78064,0.680549770929
530000,0.211248,0.00724,0.781512,0.68221574344
531000,0.210304,0.0072,0.782496,0.684714702207
532000,0.20948,0.007144,0.783376,0.686797167847
533000,0.208464,0.007072,0.784464,0.689504373178
534000,0.207728,0.007024,0.785248,0.691378592253
535000,0.206616,0.006968,0.786416,0.691378592253
536000,0.205952,0.006896,0.787152,0.693044564765
537000,0.20512,0.00684,0.78804,0.694085797584
538000,0.204096,0.006808,0.789096,0.694085797584
539000,0.203152,0.006752,0.790096,0.695335276968
540000,0.202464,0.006672,0.790864,0.695751770096
541000,0.201696,0.006648,0.791656,0.695335276968
542000,0.200968,0.006632,0.7924,0.693669304456
543000,0.200024,0.00656,0.793416,0.694710537276
544000,0.19932,0.006472,0.794208,0.695335276968
545000,0.19856,0.006416,0.795024,0.698250728863
546000,0.19816,0.006376,0.795464,0.698250728863
547000,0.197344,0.006336,0.79632,0.699291961683
548000,0.196488,0.006256,0.797256,0.700541441066
549000,0.195608,0.006208,0.798184,0.701374427322
550000,0.19488,0.00616,0.79896,0.701166180758
551000,0.194128,0.006072,0.7998,0.702415660142
552000,0.19324,0.006008,0.800752,0.703873386089
553000,0.192504,0.005968,0.801528,0.703248646397
554000,0.191496,0.005928,0.802576,0.703665139525
555000,0.190768,0.00588,0.803352,0.703665139525
556000,0.190104,0.00584,0.804056,0.705747605165
557000,0.189352,0.00576,0.804888,0.705539358601
558000,0.188632,0.005688,0.80568,0.706788837984
559000,0.18796,0.005624,0.806416,0.708038317368
560000,0.187144,0.005616,0.80724,0.709496043315
561000,0.186304,0.005592,0.808104,0.710329029571
562000,0.185512,0.005584,0.808904,0.710329029571
563000,0.185008,0.005512,0.80948,0.711786755519
564000,0.184152,0.005488,0.81036,0.712619741774
565000,0.183408,0.00544,0.811152,0.71345272803
566000,0.182584,0.005352,0.812064,0.718034152436
567000,0.181896,0.005304,0.8128,0.717617659309
568000,0.181208,0.005264,0.813528,0.720116618076
569000,0.180544,0.005224,0.814232,0.720949604332
570000,0.180096,0.005192,0.814712,0.722615576843
571000,0.179424,0.005136,0.81544,0.721157850895
572000,0.178568,0.005088,0.816344,0.722407330279
573000,0.177728,0.005032,0.81724,0.723448563099
574000,0.176776,0.004936,0.818288,0.724698042482
575000,0.175832,0.004896,0.819272,0.725531028738
576000,0.174976,0.00488,0.820144,0.725947521866
577000,0.174,0.004816,0.821184,0.727613494377
578000,0.173216,0.004792,0.821992,0.728238234069
579000,0.172408,0.004776,0.822816,0.728238234069
580000,0.171512,0.004752,0.823736,0.728862973761
581000,0.170896,0.004712,0.824392,0.730737192836
582000,0.170248,0.00468,0.825072,0.733236151603
583000,0.169664,0.004664,0.825672,0.734693877551
584000,0.168992,0.00464,0.826368,0.735943356935
585000,0.168216,0.004624,0.82716,0.736568096626
586000,0.167632,0.0046,0.827768,0.735110370679
587000,0.166848,0.00456,0.828592,0.736359850062
588000,0.166136,0.004536,0.829328,0.735526863807
589000,0.16564,0.004504,0.829856,0.73677634319
590000,0.164936,0.00448,0.830584,0.738025822574
591000,0.164168,0.004448,0.831384,0.740108288213
592000,0.163368,0.004416,0.832216,0.739483548521
593000,0.162528,0.004392,0.83308,0.740108288213
594000,0.161768,0.004336,0.833896,0.741982507289
595000,0.161144,0.004312,0.834544,0.741357767597
596000,0.16052,0.004264,0.835216,0.743231986672
597000,0.159704,0.004232,0.836064,0.746147438567
598000,0.158856,0.004184,0.83696,0.747813411079
599000,0.158,0.00416,0.83784,0.749687630154
600000,0.157296,0.004128,0.838576,0.750104123282
601000,0.156512,0.004096,0.839392,0.751978342357
602000,0.155744,0.004088,0.840168,0.753436068305
603000,0.154912,0.00404,0.841048,0.755518533944
604000,0.15424,0.004,0.84176,0.755102040816
605000,0.153504,0.003968,0.842528,0.755726780508
606000,0.152912,0.00396,0.843128,0.756559766764
607000,0.152,0.00392,0.84408,0.758850478967
608000,0.151336,0.003872,0.844792,0.760308204915
609000,0.15064,0.003832,0.845528,0.761765930862
610000,0.149864,0.003808,0.846328,0.76218242399
611000,0.149272,0.003768,0.84696,0.761974177426
612000,0.148552,0.003736,0.847712,0.764889629321
613000,0.1478,0.003712,0.848488,0.765722615577
614000,0.147104,0.00368,0.849216,0.766763848397
615000,0.14648,0.003656,0.849864,0.766763848397
616000,0.145944,0.003624,0.850432,0.767180341524
617000,0.14524,0.0036,0.85116,0.767388588088
618000,0.144632,0.00356,0.851808,0.766763848397
619000,0.144032,0.003536,0.852432,0.767596834652
620000,0.143496,0.003512,0.852992,0.76801332778
621000,0.142904,0.00348,0.853616,0.769679300292
622000,0.142424,0.003448,0.854128,0.770304039983
623000,0.141952,0.003408,0.85464,0.770720533111
624000,0.141208,0.003392,0.8554,0.772386505623
625000,0.140504,0.003376,0.85612,0.77488546439
626000,0.13996,0.003344,0.856696,0.776134943773
627000,0.13952,0.003312,0.857168,0.777592669721
628000,0.138776,0.003312,0.857912,0.778009162849
629000,0.13804,0.003288,0.858672,0.780299875052
630000,0.137296,0.003248,0.859456,0.781757601
631000,0.136608,0.003248,0.860144,0.783007080383
632000,0.13608,0.0032,0.86072,0.784256559767
633000,0.135456,0.003168,0.861376,0.785922532278
634000,0.134856,0.003136,0.862008,0.785922532278
635000,0.13412,0.003128,0.862752,0.786130778842
636000,0.133408,0.003112,0.86348,0.786130778842
637000,0.132776,0.003104,0.86412,0.786339025406
638000,0.132008,0.003056,0.864936,0.787380258226
639000,0.131368,0.00304,0.865592,0.786755518534
640000,0.1308,0.003,0.8662,0.788629737609
641000,0.130144,0.002984,0.866872,0.789879216993
642000,0.129472,0.002968,0.86756,0.790295710121
643000,0.128784,0.002944,0.868272,0.791128696377
644000,0.128208,0.00292,0.868872,0.791128696377
645000,0.127616,0.002896,0.869488,0.792794668888
646000,0.126792,0.002888,0.87032,0.792794668888
647000,0.126008,0.002872,0.87112,0.794044148272
648000,0.125328,0.002832,0.87184,0.793627655144
649000,0.124688,0.002808,0.872504,0.795710120783
650000,0.12416,0.0028,0.87304,0.796959600167
651000,0.12352,0.002792,0.873688,0.797584339858
652000,0.12292,0.002768,0.874312,0.798625572678
653000,0.12224,0.002752,0.875008,0.80029154519
654000,0.121616,0.00272,0.875664,0.801332778009
655000,0.121016,0.002696,0.876288,0.801124531445
656000,0.120496,0.002632,0.876872,0.801541024573
657000,0.119952,0.002624,0.877424,0.801541024573
658000,0.119312,0.002608,0.87808,0.801749271137
659000,0.118832,0.0026,0.878568,0.802165764265
660000,0.118336,0.0026,0.879064,0.802582257393
661000,0.117664,0.002568,0.879768,0.802790503957
662000,0.117072,0.002552,0.880376,0.803623490212
663000,0.1166,0.002544,0.880856,0.804872969596
664000,0.11588,0.002528,0.881592,0.804872969596
665000,0.115208,0.002512,0.88228,0.807371928363
666000,0.114576,0.002504,0.88292,0.806747188671
667000,0.114216,0.002488,0.883296,0.807163681799
668000,0.113672,0.002488,0.88384,0.807996668055
669000,0.113128,0.002464,0.884408,0.809037900875
670000,0.112376,0.002456,0.885168,0.811745106206
671000,0.11188,0.002456,0.885664,0.812578092461
672000,0.111328,0.00244,0.886232,0.814035818409
673000,0.110672,0.00244,0.886888,0.814452311537
674000,0.110136,0.002416,0.887448,0.81674302374
675000,0.109536,0.0024,0.888064,0.816951270304
676000,0.108968,0.002384,0.888648,0.816951270304
677000,0.108368,0.002384,0.889248,0.818617242815
678000,0.10772,0.002352,0.889928,0.818408996252
679000,0.107128,0.002344,0.890528,0.818408996252
680000,0.106584,0.00232,0.891096,0.820907955019
681000,0.10604,0.00232,0.89164,0.821116201583
682000,0.105528,0.002296,0.892176,0.821532694711
683000,0.104968,0.00228,0.892752,0.821532694711
684000,0.104456,0.002256,0.893288,0.822365680966
685000,0.103936,0.00224,0.893824,0.823406913786
686000,0.103264,0.002224,0.894512,0.826738858809
687000,0.102824,0.002184,0.894992,0.826738858809
688000,0.102312,0.002144,0.895544,0.826738858809
689000,0.101712,0.002128,0.89616,0.82840483132
690000,0.101208,0.002096,0.896696,0.829654310704
691000,0.100632,0.002072,0.897296,0.830903790087
692000,0.10008,0.00204,0.89788,0.831736776343
693000,0.099512,0.002024,0.898464,0.831736776343
694000,0.099032,0.002024,0.898944,0.831528529779
695000,0.09848,0.002016,0.899504,0.832153269471
696000,0.098176,0.002,0.899824,0.832778009163
697000,0.097664,0.001984,0.900352,0.833194502291
698000,0.097112,0.00196,0.900928,0.834027488546
699000,0.096528,0.001944,0.901528,0.834860474802
700000,0.09588,0.001936,0.902184,0.834860474802
701000,0.095352,0.001928,0.90272,0.836526447314
702000,0.094912,0.001896,0.903192,0.838608912953
703000,0.094296,0.001896,0.903808,0.840274885464
704000,0.093872,0.001896,0.904232,0.840274885464
705000,0.0934,0.001896,0.904704,0.841524364848
706000,0.092984,0.001888,0.905128,0.842357351104
707000,0.092504,0.001888,0.905608,0.842357351104
708000,0.091976,0.001888,0.906136,0.846105789254
709000,0.091368,0.00188,0.906752,0.846522282382
710000,0.090768,0.001856,0.907376,0.847355268638
711000,0.090232,0.001808,0.90796,0.84902124115
712000,0.08976,0.0018,0.90844,0.849854227405
713000,0.089208,0.0018,0.908992,0.849437734277
714000,0.088712,0.0018,0.909488,0.849437734277
715000,0.088248,0.0018,0.909952,0.850062473969
716000,0.087736,0.001792,0.910472,0.850062473969
717000,0.08728,0.001792,0.910928,0.851936693045
718000,0.086768,0.00176,0.911472,0.851936693045
719000,0.086344,0.001736,0.91192,0.853602665556
720000,0.08592,0.001704,0.912376,0.853186172428
721000,0.085304,0.001672,0.913024,0.854019158684
722000,0.084744,0.001656,0.9136,0.854643898376
723000,0.084296,0.001648,0.914056,0.856101624323
724000,0.083832,0.001616,0.914552,0.856518117451
725000,0.083312,0.001608,0.91508,0.858184089963
726000,0.082824,0.001584,0.915592,0.859850062474
727000,0.082424,0.001576,0.916,0.861307788421
728000,0.082056,0.001568,0.916376,0.860891295294
729000,0.081616,0.001568,0.916816,0.862973760933
730000,0.081224,0.001576,0.9172,0.862973760933
731000,0.080792,0.00156,0.917648,0.863390254061
732000,0.080344,0.001552,0.918104,0.864223240317
733000,0.079928,0.001552,0.91852,0.86651395252
734000,0.079448,0.001544,0.919008,0.867138692212
735000,0.079024,0.00152,0.919456,0.868388171595
736000,0.078432,0.001512,0.920056,0.867555185339
737000,0.078008,0.001512,0.92048,0.870262390671
738000,0.077568,0.001512,0.92092,0.870262390671
739000,0.07708,0.001496,0.921424,0.87234485631
740000,0.076616,0.00148,0.921904,0.87234485631
741000,0.076176,0.001456,0.922368,0.87234485631
742000,0.07564,0.001448,0.922912,0.87234485631
743000,0.075248,0.00144,0.923312,0.87234485631
744000,0.07492,0.001424,0.923656,0.87234485631
745000,0.074576,0.001424,0.924,0.873594335693
746000,0.07412,0.001416,0.924464,0.876718034152
747000,0.07376,0.001408,0.924832,0.878384006664
748000,0.07344,0.001392,0.925168,0.878800499792
749000,0.073136,0.001392,0.925472,0.878800499792
750000,0.072648,0.0014,0.925952,0.878800499792
751000,0.072272,0.0014,0.926328,0.879633486047
752000,0.071944,0.001376,0.92668,0.879841732611
753000,0.071576,0.001352,0.927072,0.880258225739
754000,0.071176,0.00132,0.927504,0.881091211995
755000,0.070816,0.001288,0.927896,0.881924198251
756000,0.07024,0.00128,0.92848,0.883173677634
757000,0.069896,0.001264,0.92884,0.885256143274
758000,0.06928,0.001216,0.929504,0.886922115785
759000,0.068896,0.001208,0.929896,0.886922115785
760000,0.068568,0.001208,0.930224,0.887755102041
761000,0.068096,0.001208,0.930696,0.887755102041
762000,0.067704,0.001208,0.931088,0.887755102041
763000,0.06724,0.001208,0.931552,0.887963348605
764000,0.066808,0.0012,0.931992,0.88879633486
765000,0.066304,0.001184,0.932512,0.888588088297
766000,0.065896,0.001176,0.932928,0.887755102041
767000,0.065608,0.001176,0.933216,0.88879633486
768000,0.065264,0.001168,0.933568,0.88879633486
769000,0.064824,0.001168,0.934008,0.889629321116
770000,0.064408,0.001152,0.93444,0.891087047064
771000,0.064008,0.001152,0.93484,0.891087047064
772000,0.063544,0.001144,0.935312,0.891503540192
773000,0.063184,0.001136,0.93568,0.891503540192
774000,0.062808,0.001136,0.936056,0.891503540192
775000,0.062392,0.001128,0.93648,0.891711786756
776000,0.062024,0.001128,0.936848,0.891711786756
777000,0.061768,0.00112,0.937112,0.895043731778
778000,0.061352,0.001112,0.937536,0.897542690546
779000,0.061008,0.001112,0.93788,0.899208663057
780000,0.060536,0.001096,0.938368,0.899625156185
781000,0.060184,0.001088,0.938728,0.899625156185
782000,0.0598,0.00108,0.93912,0.899625156185
783000,0.05936,0.001072,0.939568,0.900458142441
784000,0.058808,0.001072,0.94012,0.902748854644
785000,0.058536,0.001056,0.940408,0.903998334027
786000,0.058208,0.001048,0.940744,0.904831320283
787000,0.057912,0.00104,0.941048,0.904831320283
788000,0.057544,0.001024,0.941432,0.905664306539
789000,0.057168,0.001024,0.941808,0.906080799667
790000,0.05684,0.001016,0.942144,0.906497292795
791000,0.05644,0.001008,0.942552,0.90837151187
792000,0.056168,0.001008,0.942824,0.907538525614
793000,0.055816,0.000992,0.943192,0.90837151187
794000,0.055512,0.000976,0.943512,0.909829237818
795000,0.05524,0.000984,0.943776,0.909829237818
796000,0.054952,0.000976,0.944072,0.910662224073
797000,0.054704,0.000976,0.94432,0.910662224073
798000,0.0544,0.000968,0.944632,0.911286963765
799000,0.054104,0.000968,0.944928,0.911286963765
800000,0.053792,0.000952,0.945256,0.912536443149
801000,0.05364,0.000944,0.945416,0.912328196585
802000,0.053344,0.000944,0.945712,0.912328196585
803000,0.053024,0.000928,0.946048,0.911495210329
804000,0.052784,0.000928,0.946288,0.910870470637
805000,0.052472,0.000912,0.946616,0.911703456893
806000,0.052144,0.000904,0.946952,0.912536443149
807000,0.05184,0.000896,0.947264,0.912952936277
808000,0.051488,0.000888,0.947624,0.914618908788
809000,0.051128,0.00088,0.947992,0.914618908788
810000,0.050752,0.000872,0.948376,0.915035401916
811000,0.050592,0.000864,0.948544,0.916076634736
812000,0.050368,0.000856,0.948776,0.916076634736
813000,0.050192,0.00084,0.948968,0.917742607247
814000,0.049784,0.000832,0.949384,0.917742607247
815000,0.049416,0.000824,0.94976,0.917742607247
816000,0.04912,0.000824,0.950056,0.918367346939
817000,0.048816,0.000816,0.950368,0.918367346939
818000,0.048512,0.000816,0.950672,0.919200333195
819000,0.048216,0.000808,0.950976,0.919200333195
820000,0.047936,0.0008,0.951264,0.92003331945
821000,0.047608,0.0008,0.951592,0.920866305706
822000,0.0472,0.0008,0.952,0.920866305706
823000,0.04692,0.000792,0.952288,0.920866305706
824000,0.046696,0.000792,0.952512,0.919200333195
825000,0.046392,0.000784,0.952824,0.92003331945
826000,0.046096,0.000784,0.95312,0.92003331945
827000,0.045792,0.000768,0.95344,0.92003331945
828000,0.045552,0.000768,0.95368,0.920866305706
829000,0.04532,0.000768,0.953912,0.921491045398
830000,0.045008,0.00076,0.954232,0.921491045398
831000,0.0448,0.00076,0.95444,0.921491045398
832000,0.044552,0.000744,0.954704,0.921491045398
833000,0.044288,0.000736,0.954976,0.921491045398
