1000,0.33016,0.33348,0.33636,0.337151187005
2000,0.328192,0.33324,0.338568,0.336734693878
3000,0.326392,0.333248,0.34036,0.337567680133
4000,0.324488,0.33328,0.342232,0.336526447314
5000,0.322672,0.333272,0.344056,0.337984173261
6000,0.320832,0.333064,0.346104,0.340274885464
7000,0.319096,0.332528,0.348376,0.341732611412
8000,0.317368,0.332488,0.350144,0.341316118284
9000,0.315488,0.33228,0.352232,0.341524364848
10000,0.31352,0.33212,0.35436,0.340483132028
11000,0.31188,0.332064,0.356056,0.340691378592
12000,0.3102,0.33196,0.35784,0.339233652645
13000,0.308408,0.332112,0.35948,0.340691378592
14000,0.30664,0.332136,0.361224,0.339858392337
15000,0.30488,0.332024,0.363096,0.340691378592
16000,0.302856,0.331928,0.365216,0.339233652645
17000,0.300992,0.331872,0.367136,0.339441899209
18000,0.299392,0.331408,0.3692,0.339858392337
19000,0.297816,0.331328,0.370856,0.340483132028
20000,0.295824,0.331432,0.372744,0.340274885464
21000,0.294032,0.331376,0.374592,0.3400666389
22000,0.292072,0.331376,0.376552,0.339858392337
23000,0.290656,0.331096,0.378248,0.341732611412
24000,0.289112,0.330888,0.38,0.343815077051
25000,0.287136,0.330896,0.381968,0.346105789254
26000,0.285544,0.330416,0.38404,0.346522282382
27000,0.284008,0.329912,0.38608,0.348604748022
28000,0.282152,0.330008,0.38784,0.347355268638
29000,0.280552,0.329632,0.389816,0.347563515202
30000,0.279016,0.3294,0.391584,0.347563515202
31000,0.277336,0.329,0.393664,0.34693877551
32000,0.275784,0.32892,0.395296,0.346105789254
33000,0.274256,0.328696,0.397048,0.34693877551
34000,0.27276,0.3284,0.39884,0.347563515202
35000,0.271008,0.328472,0.40052,0.347771761766
36000,0.269288,0.328328,0.402384,0.348604748022
37000,0.267776,0.32792,0.404304,0.348812994586
38000,0.266088,0.32796,0.405952,0.350270720533
39000,0.264792,0.327528,0.40768,0.351311953353
40000,0.263128,0.327376,0.409496,0.351103706789
41000,0.26144,0.327128,0.411432,0.347355268638
42000,0.259896,0.327112,0.412992,0.346314035818
43000,0.258344,0.326912,0.414744,0.347563515202
44000,0.25672,0.326752,0.416528,0.351311953353
45000,0.25504,0.326752,0.418208,0.355893377759
46000,0.25336,0.32676,0.41988,0.357559350271
47000,0.251712,0.326504,0.421784,0.357975843399
48000,0.250016,0.32652,0.423464,0.359017076218
49000,0.24856,0.326312,0.425128,0.359433569346
50000,0.24684,0.326464,0.426696,0.360058309038
51000,0.245248,0.326112,0.42864,0.359850062474
52000,0.243632,0.325904,0.430464,0.362349021241
53000,0.242312,0.325808,0.43188,0.361932528113
54000,0.240728,0.325632,0.43364,0.36651395252
55000,0.239072,0.325608,0.43532,0.366930445648
56000,0.237568,0.325584,0.436848,0.368596418159
57000,0.236072,0.325824,0.438104,0.369221157851
58000,0.234648,0.32564,0.439712,0.370678883798
59000,0.233032,0.32556,0.441408,0.371720116618
60000,0.231664,0.325264,0.443072,0.371511870054
61000,0.230384,0.324928,0.444688,0.371720116618
62000,0.229016,0.324888,0.446096,0.376301541025
63000,0.227688,0.324632,0.44768,0.377967513536
64000,0.226184,0.324472,0.449344,0.378592253228
65000,0.224744,0.32436,0.450896,0.377967513536
66000,0.223464,0.324416,0.45212,0.379008746356
67000,0.222104,0.324072,0.453824,0.380674718867
68000,0.220792,0.324144,0.455064,0.381715951687
69000,0.219536,0.323944,0.45652,0.382132444815
70000,0.218152,0.323848,0.458,0.383381924198
71000,0.216952,0.323656,0.459392,0.386297376093
72000,0.215592,0.323448,0.46096,0.386713869221
73000,0.214376,0.322816,0.462808,0.387755102041
74000,0.213224,0.322728,0.464048,0.387338608913
75000,0.212,0.322464,0.465536,0.385880882965
76000,0.210664,0.322504,0.466832,0.387338608913
77000,0.209112,0.322312,0.468576,0.385256143274
78000,0.207744,0.322008,0.470248,0.386713869221
79000,0.206368,0.32176,0.471872,0.389212827988
80000,0.204928,0.321664,0.473408,0.38983756768
81000,0.203624,0.321376,0.475,0.391295293628
82000,0.20216,0.321296,0.476544,0.393794252395
83000,0.200872,0.320856,0.478272,0.391711786756
84000,0.199648,0.320744,0.479608,0.394835485214
85000,0.19828,0.320544,0.481176,0.395251978342
86000,0.19696,0.320224,0.482816,0.39566847147
87000,0.195768,0.319816,0.484416,0.396084964598
88000,0.19464,0.319504,0.485856,0.398167430237
89000,0.19336,0.319248,0.487392,0.398375676801
90000,0.191984,0.319352,0.488664,0.398583923365
91000,0.190784,0.319056,0.49016,0.398792169929
92000,0.189552,0.31864,0.491808,0.400874635569
93000,0.188352,0.318472,0.493176,0.400458142441
94000,0.187112,0.318376,0.494512,0.40149937526
95000,0.185848,0.318176,0.495976,0.402748854644
96000,0.184552,0.317912,0.497536,0.403165347772
97000,0.183456,0.317584,0.49896,0.401291128696
98000,0.182136,0.31764,0.500224,0.40254060808
99000,0.181,0.317264,0.501736,0.403790087464
100000,0.179768,0.316952,0.50328,0.4035818409
101000,0.178584,0.316648,0.504768,0.4035818409
102000,0.1774,0.316704,0.505896,0.402957101208
103000,0.17624,0.316216,0.507544,0.406080799667
104000,0.175264,0.316032,0.508704,0.40733027905
105000,0.174384,0.31568,0.509936,0.408163265306
106000,0.173152,0.31536,0.511488,0.408163265306
107000,0.171912,0.315176,0.512912,0.411286963765
108000,0.170752,0.315064,0.514184,0.41316118284
109000,0.169544,0.314872,0.515584,0.413785922532
110000,0.168472,0.314504,0.517024,0.413577675968
111000,0.167272,0.314024,0.518704,0.414410662224
112000,0.166136,0.313952,0.519912,0.416284881299
113000,0.164992,0.313768,0.52124,0.418159100375
114000,0.164008,0.313408,0.522584,0.418159100375
115000,0.16288,0.313064,0.524056,0.418367346939
116000,0.161832,0.312688,0.52548,0.42003331945
117000,0.160824,0.312256,0.52692,0.42003331945
118000,0.159784,0.312096,0.52812,0.421907538526
119000,0.15876,0.3118,0.52944,0.421907538526
120000,0.157608,0.311528,0.530864,0.422324031653
121000,0.156336,0.311296,0.532368,0.424406497293
122000,0.155056,0.310976,0.533968,0.428779675135
123000,0.154168,0.31068,0.535152,0.428363182007
124000,0.153072,0.310456,0.536472,0.430653894211
125000,0.152152,0.310072,0.537776,0.430237401083
126000,0.1512,0.309752,0.539048,0.430237401083
127000,0.150088,0.309736,0.540176,0.430029154519
128000,0.149144,0.30944,0.541416,0.432319866722
129000,0.148208,0.309112,0.54268,0.434610578925
130000,0.14732,0.30884,0.54384,0.434610578925
131000,0.146448,0.308448,0.545104,0.434818825489
132000,0.14532,0.30816,0.54652,0.435235318617
133000,0.144168,0.30776,0.548072,0.437317784257
134000,0.143368,0.307176,0.549456,0.438775510204
135000,0.142432,0.30692,0.550648,0.440857975843
136000,0.141568,0.306616,0.551816,0.438983756768
137000,0.140568,0.3064,0.553032,0.441066222407
138000,0.139552,0.306176,0.554272,0.442940441483
139000,0.138488,0.305888,0.555624,0.444189920866
140000,0.137384,0.305584,0.557032,0.445022907122
141000,0.136344,0.30556,0.558096,0.447730112453
142000,0.135312,0.305536,0.559152,0.45022907122
143000,0.134296,0.305424,0.56028,0.45127030404
144000,0.133392,0.305104,0.561504,0.45231153686
145000,0.13244,0.30488,0.56268,0.45231153686
146000,0.131656,0.304768,0.563576,0.453352769679
147000,0.130816,0.304616,0.564568,0.452936276551
148000,0.129816,0.30416,0.566024,0.452936276551
149000,0.128904,0.303888,0.567208,0.454394002499
150000,0.12804,0.303584,0.568376,0.457725947522
151000,0.127168,0.30348,0.569352,0.460224906289
152000,0.126152,0.303296,0.570552,0.460433152853
153000,0.125152,0.303312,0.571536,0.463348604748
154000,0.1242,0.303184,0.572616,0.462515618492
155000,0.123264,0.303136,0.5736,0.463348604748
156000,0.12228,0.302864,0.574856,0.465431070387
157000,0.121552,0.302664,0.575784,0.465014577259
158000,0.120696,0.302528,0.576776,0.465014577259
159000,0.119784,0.302408,0.577808,0.467513536027
160000,0.11884,0.302296,0.578864,0.469179508538
161000,0.118088,0.301896,0.580016,0.468971261974
162000,0.117288,0.301664,0.581048,0.469387755102
163000,0.116464,0.30144,0.582096,0.469387755102
164000,0.115456,0.30132,0.583224,0.469596001666
165000,0.114784,0.301144,0.584072,0.469387755102
166000,0.113992,0.301048,0.58496,0.47084548105
167000,0.113216,0.3008,0.585984,0.471261974177
168000,0.112488,0.300296,0.587216,0.472303206997
169000,0.111616,0.299904,0.58848,0.474385672636
170000,0.11096,0.299584,0.589456,0.476468138276
171000,0.110368,0.299512,0.59012,0.474385672636
172000,0.109576,0.299368,0.591056,0.476884631404
173000,0.10884,0.29876,0.5924,0.477925864223
174000,0.108016,0.29832,0.593664,0.478967097043
175000,0.10728,0.29804,0.59468,0.479383590171
176000,0.10656,0.29772,0.59572,0.480008329863
177000,0.105904,0.29744,0.596656,0.479591836735
178000,0.105184,0.29728,0.597536,0.478134110787
179000,0.1044,0.296936,0.598664,0.477092877968
180000,0.103664,0.296744,0.599592,0.474177426072
181000,0.10296,0.296472,0.600568,0.476051645148
182000,0.10232,0.296104,0.601576,0.478758850479
183000,0.101592,0.295752,0.602656,0.48146605581
184000,0.100896,0.295336,0.603768,0.482299042066
185000,0.100056,0.295,0.604944,0.481882548938
186000,0.099328,0.294576,0.606096,0.48146605581
187000,0.098736,0.294312,0.606952,0.483132028322
188000,0.098056,0.293912,0.608032,0.483340274885
189000,0.097552,0.293472,0.608976,0.484173261141
190000,0.0968,0.293256,0.609944,0.485214493961
191000,0.09628,0.293032,0.610688,0.487505206164
192000,0.095624,0.292632,0.611744,0.487713452728
193000,0.094904,0.292464,0.612632,0.487505206164
194000,0.094264,0.29204,0.613696,0.492086630571
195000,0.093512,0.291864,0.614624,0.494377342774
196000,0.092704,0.291848,0.615448,0.495002082466
197000,0.092,0.291696,0.616304,0.496459808413
198000,0.091456,0.291392,0.617152,0.498750520616
199000,0.090792,0.291152,0.618056,0.499375260308
200000,0.090032,0.291152,0.618816,0.500832986256
201000,0.089448,0.290744,0.619808,0.500416493128
202000,0.088736,0.290464,0.6208,0.500624739692
203000,0.088016,0.29016,0.621824,0.502082465639
204000,0.087456,0.28988,0.622664,0.502915451895
205000,0.086864,0.289448,0.623688,0.503540191587
206000,0.086152,0.289032,0.624816,0.503123698459
207000,0.085584,0.288496,0.62592,0.503956684715
208000,0.084992,0.288056,0.626952,0.504997917534
209000,0.084248,0.287712,0.62804,0.507496876302
210000,0.083688,0.287472,0.62884,0.50687213661
211000,0.083104,0.286992,0.629904,0.508121615993
212000,0.082584,0.286664,0.630752,0.510828821324
213000,0.082072,0.2864,0.631528,0.513952519783
214000,0.0814,0.28584,0.63276,0.514369012911
215000,0.080808,0.28544,0.633752,0.515826738859
216000,0.080128,0.285016,0.634856,0.517076218242
217000,0.07964,0.284624,0.635736,0.517700957934
218000,0.079072,0.28424,0.636688,0.51957517701
219000,0.07852,0.283976,0.637504,0.521449396085
220000,0.078,0.283648,0.638352,0.523740108288
221000,0.077512,0.283208,0.63928,0.524989587672
222000,0.07696,0.282592,0.640448,0.527905039567
223000,0.076392,0.282152,0.641456,0.527488546439
224000,0.075824,0.282072,0.642104,0.528738025823
225000,0.07528,0.28164,0.64308,0.528529779259
226000,0.074712,0.281536,0.643752,0.528113286131
227000,0.07416,0.28124,0.6446,0.528321532695
228000,0.073728,0.280872,0.6454,0.52915451895
229000,0.07308,0.280576,0.646344,0.530820491462
230000,0.07264,0.280016,0.647344,0.532694710537
231000,0.072024,0.279552,0.648424,0.534777176177
232000,0.071456,0.27904,0.649504,0.535401915868
233000,0.071048,0.278472,0.65048,0.538317367763
234000,0.07044,0.27796,0.6516,0.540816326531
235000,0.06992,0.2776,0.65248,0.540816326531
236000,0.069392,0.277232,0.653376,0.543523531862
237000,0.068808,0.27684,0.654352,0.545189504373
238000,0.068424,0.27656,0.655016,0.545814244065
239000,0.067848,0.276184,0.655968,0.545189504373
240000,0.06736,0.275824,0.656816,0.545605997501
241000,0.066872,0.27528,0.657848,0.547896709704
242000,0.066344,0.27472,0.658936,0.548937942524
243000,0.065824,0.274392,0.659784,0.551436901291
244000,0.065328,0.27376,0.660912,0.552478134111
245000,0.064832,0.27344,0.661728,0.554977092878
246000,0.06432,0.272856,0.662824,0.554768846314
247000,0.06372,0.272328,0.663952,0.556643065389
248000,0.063328,0.271696,0.664976,0.557059558517
249000,0.062896,0.271232,0.665872,0.557267805081
250000,0.062392,0.270832,0.666776,0.559350270721
251000,0.061968,0.270384,0.667648,0.559558517284
252000,0.061472,0.270152,0.668376,0.561016243232
253000,0.061,0.269704,0.669296,0.563723448563
254000,0.06056,0.269056,0.670384,0.564139941691
255000,0.060048,0.268512,0.67144,0.565805914202
256000,0.05972,0.2682,0.67208,0.56726364015
257000,0.05932,0.267712,0.672968,0.566638900458
258000,0.058864,0.266984,0.674152,0.567471886714
259000,0.058456,0.2664,0.675144,0.568929612661
260000,0.058056,0.26568,0.676264,0.570803831737
261000,0.057656,0.264976,0.677368,0.571220324865
262000,0.057272,0.26448,0.678248,0.572469804248
263000,0.056808,0.263816,0.679376,0.575385256143
264000,0.056488,0.26336,0.680152,0.576842982091
265000,0.05608,0.262712,0.681208,0.579550187422
266000,0.05564,0.262224,0.682136,0.579758433986
267000,0.055168,0.261808,0.683024,0.582257392753
268000,0.05472,0.261328,0.683952,0.583923365264
269000,0.054288,0.260904,0.684808,0.58475635152
270000,0.053792,0.260448,0.68576,0.58579758434
271000,0.053384,0.259888,0.686728,0.588713036235
272000,0.053056,0.259176,0.687768,0.588504789671
273000,0.05272,0.258784,0.688496,0.590170762182
274000,0.052464,0.258208,0.689328,0.591211995002
275000,0.052128,0.2576,0.690272,0.593086214077
276000,0.051816,0.256992,0.691192,0.593710953769
277000,0.051528,0.256416,0.692056,0.59266972095
278000,0.05112,0.255928,0.692952,0.592461474386
279000,0.050696,0.255384,0.69392,0.59266972095
280000,0.05036,0.254792,0.694848,0.596834652228
281000,0.04992,0.25424,0.69584,0.5964181591
282000,0.04952,0.253664,0.696816,0.599333610995
283000,0.049224,0.25308,0.697696,0.599750104123
284000,0.048888,0.252592,0.69852,0.600166597251
285000,0.048544,0.251952,0.699504,0.60224906289
286000,0.048128,0.251664,0.700208,0.603082049146
287000,0.0478,0.251536,0.700664,0.60433152853
288000,0.047432,0.251088,0.70148,0.605581007913
289000,0.04708,0.250376,0.702544,0.607663473553
290000,0.04668,0.250056,0.703264,0.6091211995
291000,0.046352,0.249656,0.703992,0.6091211995
292000,0.045976,0.24916,0.704864,0.609954185756
293000,0.04556,0.248632,0.705808,0.612036651395
294000,0.0452,0.248208,0.706592,0.611620158267
295000,0.044872,0.24776,0.707368,0.612244897959
296000,0.044528,0.247184,0.708288,0.612869637651
297000,0.044208,0.24644,0.709352,0.613286130779
298000,0.043864,0.245872,0.710264,0.61495210329
299000,0.043592,0.24532,0.711088,0.613494377343
300000,0.043352,0.244904,0.711744,0.615785089546
301000,0.04304,0.244144,0.712816,0.614535610162
302000,0.042696,0.243592,0.713712,0.614743856726
303000,0.042336,0.243448,0.714216,0.613494377343
304000,0.042032,0.242968,0.715,0.612869637651
305000,0.041792,0.242448,0.71576,0.612661391087
306000,0.041504,0.241816,0.71668,0.612244897959
307000,0.041192,0.241176,0.717632,0.613077884215
308000,0.040784,0.240632,0.718584,0.616201582674
309000,0.040504,0.240112,0.719384,0.617451062057
310000,0.040208,0.239744,0.720048,0.617451062057
311000,0.039808,0.239144,0.721048,0.619533527697
312000,0.039424,0.238472,0.722104,0.619950020825
313000,0.03908,0.238064,0.722856,0.621199500208
314000,0.038896,0.237552,0.723552,0.618908788005
315000,0.03856,0.236952,0.724488,0.6218242399
316000,0.038296,0.236304,0.7254,0.623281965848
317000,0.03788,0.235672,0.726448,0.623490212411
318000,0.03764,0.234816,0.727544,0.623906705539
319000,0.037416,0.234016,0.728568,0.623490212411
320000,0.037152,0.23348,0.729368,0.623073719284
321000,0.036808,0.232992,0.7302,0.623490212411
322000,0.036592,0.232416,0.730992,0.625572678051
323000,0.036296,0.231904,0.7318,0.625989171179
324000,0.036032,0.231264,0.732704,0.625572678051
325000,0.035736,0.230488,0.733776,0.625989171179
326000,0.035504,0.229824,0.734672,0.628279883382
327000,0.035256,0.229392,0.735352,0.629112869638
328000,0.035024,0.228544,0.736432,0.628488129946
329000,0.034776,0.227816,0.737408,0.627238650562
330000,0.034552,0.22704,0.738408,0.62765514369
331000,0.034296,0.22652,0.739184,0.630987088713
332000,0.033984,0.226048,0.739968,0.632444814661
333000,0.033712,0.225304,0.740984,0.632861307788
334000,0.033432,0.224784,0.741784,0.636401499375
335000,0.033056,0.224528,0.742416,0.637650978759
336000,0.032848,0.223808,0.743344,0.638692211579
337000,0.032616,0.223448,0.743936,0.638275718451
338000,0.032432,0.22324,0.744328,0.637859225323
339000,0.032224,0.222648,0.745128,0.640774677218
340000,0.032056,0.22228,0.745664,0.642024156601
341000,0.031744,0.2216,0.746656,0.643898375677
342000,0.031512,0.22088,0.747608,0.644523115369
343000,0.031304,0.220184,0.748512,0.6472303207
344000,0.03108,0.219608,0.749312,0.648688046647
345000,0.030856,0.219008,0.750136,0.648063306955
346000,0.030648,0.218536,0.750816,0.64618908788
347000,0.030416,0.217912,0.751672,0.646813827572
348000,0.030272,0.217392,0.752336,0.646605581008
349000,0.030112,0.21672,0.753168,0.647855060392
350000,0.029896,0.216224,0.75388,0.647855060392
351000,0.029592,0.215568,0.75484,0.648271553519
352000,0.02932,0.215264,0.755416,0.648896293211
353000,0.029088,0.214528,0.756384,0.649937526031
354000,0.028848,0.213736,0.757416,0.651187005414
355000,0.02868,0.213288,0.758032,0.652644731362
356000,0.028448,0.212512,0.75904,0.653269471054
357000,0.028224,0.21196,0.759816,0.654102457309
358000,0.028024,0.211288,0.760688,0.653477717618
359000,0.027768,0.210544,0.761688,0.656601416077
360000,0.02752,0.209928,0.762552,0.657642648896
361000,0.02732,0.209392,0.763288,0.659100374844
362000,0.027112,0.2088,0.764088,0.659516867972
363000,0.02688,0.208184,0.764936,0.662432319867
364000,0.026664,0.207656,0.76568,0.664931278634
365000,0.02648,0.207192,0.766328,0.66472303207
366000,0.026328,0.206472,0.7672,0.667846730529
367000,0.02612,0.205736,0.768144,0.668471470221
368000,0.025904,0.20508,0.769016,0.667430237401
369000,0.02572,0.204376,0.769904,0.668263223657
370000,0.02552,0.203576,0.770904,0.669096209913
371000,0.025344,0.203064,0.771592,0.669929196168
372000,0.025152,0.2026,0.772248,0.671386922116
373000,0.024976,0.201968,0.773056,0.671178675552
374000,0.024848,0.201592,0.77356,0.672636401499
375000,0.02464,0.201128,0.774232,0.673677634319
376000,0.024464,0.200664,0.774872,0.672844648063
377000,0.024264,0.200064,0.775672,0.671386922116
378000,0.024136,0.199352,0.776512,0.670970428988
379000,0.023952,0.198696,0.777352,0.670345689296
380000,0.0238,0.198136,0.778064,0.670345689296
381000,0.023656,0.197376,0.778968,0.672011661808
382000,0.023472,0.196728,0.7798,0.673261141191
383000,0.0232,0.196008,0.780792,0.674510620575
384000,0.022976,0.195552,0.781472,0.674927113703
385000,0.02276,0.194784,0.782456,0.678467305289
386000,0.022616,0.194176,0.783208,0.680133277801
387000,0.022448,0.193568,0.783984,0.681174510621
388000,0.022304,0.192912,0.784784,0.682632236568
389000,0.022152,0.192496,0.785352,0.683465222824
390000,0.021976,0.191912,0.786112,0.686172428155
391000,0.021824,0.191264,0.786912,0.686172428155
392000,0.021672,0.19068,0.787648,0.687213660975
393000,0.021472,0.19,0.788528,0.687421907539
394000,0.021376,0.189264,0.78936,0.689296126614
395000,0.021232,0.188568,0.7902,0.690753852561
396000,0.021056,0.188088,0.790856,0.690962099125
397000,0.020888,0.187584,0.791528,0.692836318201
398000,0.020672,0.1868,0.792528,0.69491878384
399000,0.020472,0.186128,0.7934,0.69491878384
400000,0.0204,0.185584,0.794016,0.695127030404
401000,0.020192,0.184816,0.794992,0.696584756352
402000,0.020072,0.184144,0.795784,0.700124947938
403000,0.019912,0.18332,0.796768,0.703456892961
404000,0.0198,0.182824,0.797376,0.705747605165
405000,0.019696,0.182224,0.79808,0.706164098292
406000,0.019504,0.181504,0.798992,0.706164098292
407000,0.019376,0.180816,0.799808,0.704498125781
408000,0.019232,0.180192,0.800576,0.704914618909
409000,0.01904,0.179816,0.801144,0.706164098292
410000,0.018912,0.179,0.802088,0.705331112037
411000,0.018752,0.178352,0.802896,0.706164098292
412000,0.01856,0.177784,0.803656,0.708454810496
413000,0.018392,0.177168,0.80444,0.708038317368
414000,0.018232,0.176816,0.804952,0.707830070804
415000,0.018088,0.17628,0.805632,0.707830070804
416000,0.01792,0.175656,0.806424,0.707830070804
417000,0.017816,0.175072,0.807112,0.709079550187
418000,0.01772,0.17444,0.80784,0.709287796751
419000,0.017576,0.173856,0.808568,0.710953769263
420000,0.017456,0.173224,0.80932,0.712619741774
421000,0.017344,0.172424,0.810232,0.714285714286
422000,0.017184,0.171656,0.81116,0.71345272803
423000,0.017008,0.17092,0.812072,0.715743440233
424000,0.016872,0.17024,0.812888,0.716784673053
425000,0.016752,0.16964,0.813608,0.716576426489
426000,0.016592,0.169224,0.814184,0.717617659309
427000,0.016504,0.16884,0.814656,0.719491878384
428000,0.016296,0.168336,0.815368,0.720116618076
429000,0.0162,0.167816,0.815984,0.721574344023
430000,0.016072,0.16716,0.816768,0.723448563099
431000,0.015968,0.166536,0.817496,0.724281549354
432000,0.015824,0.16596,0.818216,0.728446480633
433000,0.015712,0.165304,0.818984,0.729695960017
434000,0.015568,0.164656,0.819776,0.731361932528
435000,0.015424,0.16404,0.820536,0.733444398167
436000,0.015296,0.163384,0.82132,0.733652644731
437000,0.015216,0.162736,0.822048,0.735735110371
438000,0.015144,0.162272,0.822584,0.734069137859
439000,0.015072,0.161592,0.823336,0.73302790504
440000,0.014976,0.1612,0.823824,0.734277384423
441000,0.014864,0.160688,0.824448,0.733860891295
442000,0.014744,0.160056,0.8252,0.733652644731
443000,0.014624,0.159424,0.825952,0.734277384423
444000,0.014504,0.158992,0.826504,0.736151603499
445000,0.014408,0.15832,0.827272,0.737609329446
446000,0.014312,0.157736,0.827952,0.739067055394
447000,0.014216,0.157184,0.8286,0.741149521033
448000,0.014088,0.156472,0.82944,0.743856726364
449000,0.013984,0.155848,0.830168,0.745939192003
450000,0.01388,0.15524,0.83088,0.746355685131
451000,0.01372,0.154448,0.831832,0.747188671387
452000,0.013608,0.153904,0.832488,0.747605164515
453000,0.013536,0.153472,0.832992,0.747605164515
454000,0.0134,0.15276,0.83384,0.747188671387
455000,0.013224,0.151952,0.834824,0.747188671387
456000,0.01316,0.151432,0.835408,0.746772178259
457000,0.013064,0.15072,0.836216,0.746563931695
458000,0.01296,0.15008,0.83696,0.748021657643
459000,0.012856,0.149384,0.83776,0.74947938359
460000,0.012712,0.148872,0.838416,0.750312369846
461000,0.012576,0.148408,0.839016,0.753644314869
462000,0.012536,0.147928,0.839536,0.754477301125
463000,0.012392,0.14756,0.840048,0.755518533944
464000,0.012296,0.146968,0.840736,0.756143273636
465000,0.012192,0.146464,0.841344,0.756976259892
466000,0.012096,0.14584,0.842064,0.758225739275
467000,0.012,0.145248,0.842752,0.758017492711
468000,0.011928,0.144512,0.84356,0.758017492711
469000,0.011832,0.14404,0.844128,0.759266972095
470000,0.011704,0.143488,0.844808,0.760724698042
471000,0.011616,0.142888,0.845496,0.761349437734
472000,0.011576,0.142328,0.846096,0.761349437734
473000,0.011496,0.1416,0.846904,0.760932944606
474000,0.011424,0.141144,0.847432,0.76114119117
475000,0.011344,0.140328,0.848328,0.760308204915
476000,0.01128,0.139672,0.849048,0.760932944606
477000,0.011208,0.13904,0.849752,0.763640149938
478000,0.011152,0.13848,0.850368,0.765722615577
479000,0.011088,0.137928,0.850984,0.76801332778
480000,0.011016,0.1374,0.851584,0.768221574344
481000,0.010944,0.136856,0.8522,0.770720533111
482000,0.010848,0.136384,0.852768,0.771137026239
483000,0.010776,0.13576,0.853464,0.771553519367
484000,0.01068,0.135456,0.853864,0.770304039983
485000,0.010624,0.134976,0.8544,0.770512286547
486000,0.01056,0.134296,0.855144,0.769262807164
487000,0.010456,0.133752,0.855792,0.770304039983
488000,0.010384,0.133168,0.856448,0.770304039983
489000,0.010304,0.132584,0.857112,0.771137026239
490000,0.010232,0.132016,0.857752,0.772802998751
491000,0.010168,0.131464,0.858368,0.775301957518
492000,0.010088,0.130936,0.858976,0.775926697209
493000,0.010016,0.13048,0.859504,0.775510204082
494000,0.00996,0.129904,0.860136,0.776967930029
495000,0.009848,0.129336,0.860816,0.779258642232
496000,0.00976,0.128792,0.861448,0.779466888796
497000,0.00968,0.128328,0.861992,0.78071636818
498000,0.009616,0.127672,0.862712,0.781132861308
499000,0.009552,0.127144,0.863304,0.781341107872
500000,0.009512,0.126712,0.863776,0.780091628488
501000,0.009448,0.126264,0.864288,0.780299875052
502000,0.00936,0.125848,0.864792,0.781341107872
503000,0.009312,0.12532,0.865368,0.781341107872
504000,0.009224,0.12484,0.865936,0.780924614744
505000,0.009192,0.1242,0.866608,0.780299875052
506000,0.009128,0.123808,0.867064,0.78071636818
507000,0.009064,0.123376,0.86756,0.781965847564
508000,0.008976,0.123072,0.867952,0.782590587255
509000,0.008856,0.122432,0.868712,0.784256559767
510000,0.00876,0.121856,0.869384,0.784048313203
511000,0.008704,0.121256,0.87004,0.784881299459
512000,0.008616,0.120776,0.870608,0.783631820075
513000,0.008568,0.120272,0.87116,0.783631820075
514000,0.00848,0.119696,0.871824,0.785714285714
515000,0.008416,0.119224,0.87236,0.786130778842
516000,0.008344,0.118592,0.873064,0.788421491045
517000,0.008296,0.118032,0.873672,0.788004997918
518000,0.008248,0.117504,0.874248,0.79237817576
519000,0.008216,0.116904,0.87488,0.79237817576
520000,0.008152,0.116384,0.875464,0.79341940858
521000,0.00804,0.116024,0.875936,0.793627655144
522000,0.007976,0.115512,0.876512,0.794460641399
523000,0.007928,0.115128,0.876944,0.795293627655
524000,0.00788,0.11468,0.87744,0.795293627655
525000,0.007856,0.114136,0.878008,0.795501874219
526000,0.007792,0.113512,0.878696,0.797167846731
527000,0.007728,0.11316,0.879112,0.797376093294
528000,0.007608,0.1126,0.879792,0.799875052062
529000,0.007536,0.112192,0.880272,0.799875052062
530000,0.00748,0.1118,0.88072,0.800499791753
531000,0.00744,0.111344,0.881216,0.802998750521
532000,0.00736,0.110976,0.881664,0.802165764265
533000,0.007328,0.110448,0.882224,0.800916284881
534000,0.00728,0.110048,0.882672,0.802790503957
535000,0.007248,0.109656,0.883096,0.804872969596
536000,0.007208,0.10912,0.883672,0.806538942107
537000,0.007104,0.10872,0.884176,0.807788421491
538000,0.007072,0.108344,0.884584,0.808829654311
539000,0.007032,0.107768,0.8852,0.811328613078
540000,0.007,0.107232,0.885768,0.813411078717
541000,0.00696,0.106736,0.886304,0.81674302374
542000,0.00688,0.106272,0.886848,0.817576009996
543000,0.006848,0.106088,0.887064,0.818408996252
544000,0.0068,0.105608,0.887592,0.81674302374
545000,0.006752,0.105184,0.888064,0.81674302374
546000,0.00668,0.104752,0.888568,0.815910037484
547000,0.006616,0.10424,0.889144,0.81778425656
548000,0.006576,0.103808,0.889616,0.81778425656
549000,0.006528,0.103336,0.890136,0.817992503124
550000,0.006456,0.102992,0.890552,0.820491461891
551000,0.0064,0.102392,0.891208,0.821949187838
552000,0.006344,0.102104,0.891552,0.823198667222
553000,0.006296,0.101728,0.891976,0.823198667222
554000,0.006248,0.101376,0.892376,0.823823406914
555000,0.006168,0.100896,0.892936,0.824239900042
556000,0.006144,0.100496,0.89336,0.823823406914
557000,0.00608,0.09996,0.89396,0.82465639317
558000,0.00604,0.099624,0.894336,0.82465639317
559000,0.005992,0.099416,0.894592,0.825072886297
560000,0.005928,0.09904,0.895032,0.825072886297
561000,0.005856,0.098568,0.895576,0.825072886297
562000,0.005816,0.098112,0.896072,0.825905872553
563000,0.005792,0.097696,0.896512,0.826322365681
564000,0.005744,0.097368,0.896888,0.826738858809
565000,0.005704,0.097016,0.89728,0.827988338192
566000,0.00564,0.09652,0.89784,0.82840483132
567000,0.005576,0.096144,0.89828,0.827780091628
568000,0.00552,0.095816,0.898664,0.826947105373
569000,0.005488,0.095272,0.89924,0.827363598501
570000,0.005408,0.094896,0.899696,0.828821324448
571000,0.005368,0.094576,0.900056,0.830070803832
572000,0.005328,0.094168,0.900504,0.83048729696
573000,0.005304,0.093736,0.90096,0.831945022907
574000,0.00524,0.093376,0.901384,0.831528529779
575000,0.005192,0.092992,0.901816,0.832778009163
576000,0.005176,0.09264,0.902184,0.83423573511
577000,0.00512,0.092288,0.902592,0.835901707622
578000,0.005048,0.091928,0.903024,0.837567680133
579000,0.005024,0.091536,0.90344,0.839233652645
580000,0.004968,0.091128,0.903904,0.838817159517
581000,0.004952,0.090648,0.9044,0.840274885464
582000,0.00492,0.090192,0.904888,0.840274885464
583000,0.004864,0.089992,0.905144,0.840691378592
584000,0.004856,0.089672,0.905472,0.84214910454
585000,0.004816,0.089448,0.905736,0.84214910454
586000,0.004784,0.089144,0.906072,0.842982090796
587000,0.004696,0.08872,0.906584,0.844648063307
588000,0.004664,0.08832,0.907016,0.844439816743
589000,0.004624,0.088,0.907376,0.845689296127
590000,0.004592,0.087768,0.90764,0.846730528946
591000,0.004552,0.087464,0.907984,0.848812994586
592000,0.00448,0.087024,0.908496,0.848812994586
593000,0.004456,0.086696,0.908848,0.848604748022
594000,0.0044,0.086344,0.909256,0.849229487713
595000,0.004376,0.085928,0.909696,0.850895460225
596000,0.004352,0.085552,0.910096,0.852561432736
597000,0.004312,0.085176,0.910512,0.855476884631
598000,0.00428,0.084816,0.910904,0.85485214494
599000,0.004216,0.084416,0.911368,0.855685131195
600000,0.004184,0.084024,0.911792,0.855685131195
601000,0.004152,0.083656,0.912192,0.856726364015
602000,0.00412,0.083224,0.912656,0.857559350271
603000,0.00408,0.082872,0.913048,0.855476884631
604000,0.00404,0.082536,0.913424,0.855893377759
605000,0.004024,0.082256,0.91372,0.856726364015
606000,0.003976,0.081928,0.914096,0.857559350271
607000,0.00396,0.08156,0.91448,0.859850062474
608000,0.003912,0.081176,0.914912,0.863598500625
609000,0.003824,0.080672,0.915504,0.863598500625
610000,0.0038,0.080336,0.915864,0.86443148688
611000,0.00376,0.07996,0.91628,0.86443148688
612000,0.00372,0.0796,0.91668,0.8654727197
613000,0.003688,0.079304,0.917008,0.867138692212
614000,0.003656,0.079032,0.917312,0.868804664723
615000,0.00364,0.07872,0.91764,0.869637650979
616000,0.003616,0.078488,0.917896,0.870054144107
617000,0.003568,0.078176,0.918256,0.869637650979
618000,0.003544,0.077896,0.91856,0.869637650979
619000,0.003536,0.077576,0.918888,0.87130362349
620000,0.003496,0.077136,0.919368,0.871720116618
621000,0.003488,0.076808,0.919704,0.872761349438
622000,0.003472,0.076408,0.92012,0.872969596002
623000,0.003432,0.076152,0.920416,0.872761349438
624000,0.003392,0.075864,0.920744,0.872761349438
625000,0.003352,0.075544,0.921104,0.872761349438
626000,0.003312,0.075104,0.921584,0.874427321949
627000,0.003296,0.074784,0.92192,0.873594335693
628000,0.003272,0.074416,0.922312,0.875260308205
629000,0.003248,0.07404,0.922712,0.876301541025
630000,0.003224,0.073664,0.923112,0.874843815077
631000,0.0032,0.073336,0.923464,0.875468554769
632000,0.003176,0.072992,0.923832,0.875885047897
633000,0.003144,0.072816,0.92404,0.877342773844
634000,0.003144,0.072472,0.924384,0.879008746356
635000,0.003144,0.072152,0.924704,0.879841732611
636000,0.00312,0.071816,0.925064,0.879841732611
637000,0.003096,0.071368,0.925536,0.879841732611
638000,0.00308,0.07096,0.92596,0.879841732611
639000,0.003056,0.070656,0.926288,0.879841732611
640000,0.003032,0.070272,0.926696,0.881091211995
641000,0.003008,0.069976,0.927016,0.881924198251
642000,0.003,0.069704,0.927296,0.882757184506
643000,0.00296,0.069368,0.927672,0.882757184506
644000,0.002952,0.069008,0.92804,0.883590170762
645000,0.002928,0.068688,0.928384,0.884839650146
646000,0.002912,0.06848,0.928608,0.885880882965
647000,0.00288,0.068296,0.928824,0.885880882965
648000,0.002864,0.06808,0.929056,0.887546855477
649000,0.002856,0.067712,0.929432,0.887546855477
650000,0.002832,0.067384,0.929784,0.888379841733
651000,0.002824,0.067104,0.930072,0.889212827988
652000,0.002808,0.066792,0.9304,0.891295293628
653000,0.002776,0.066536,0.930688,0.891920033319
654000,0.00276,0.066248,0.930992,0.892336526447
655000,0.002728,0.065976,0.931296,0.894002498959
656000,0.002712,0.065824,0.931464,0.894835485214
657000,0.002688,0.0656,0.931712,0.894418992087
658000,0.002672,0.065288,0.93204,0.894002498959
659000,0.002648,0.065032,0.93232,0.892753019575
660000,0.0026,0.064856,0.932544,0.892336526447
661000,0.002568,0.064544,0.932888,0.892544773011
662000,0.002552,0.064344,0.933104,0.893377759267
663000,0.00252,0.06416,0.93332,0.893586005831
664000,0.00248,0.063944,0.933576,0.893586005831
665000,0.002464,0.063624,0.933912,0.892961266139
666000,0.00244,0.063312,0.934248,0.892961266139
667000,0.002408,0.063088,0.934504,0.892961266139
668000,0.0024,0.062712,0.934888,0.892961266139
669000,0.002368,0.062344,0.935288,0.892961266139
670000,0.00232,0.061984,0.935696,0.893794252395
671000,0.002304,0.061624,0.936072,0.893169512703
672000,0.002304,0.0612,0.936496,0.894418992087
673000,0.002296,0.060768,0.936936,0.896917950854
674000,0.002288,0.060464,0.937248,0.896917950854
675000,0.00228,0.060128,0.937592,0.895043731778
676000,0.002264,0.05988,0.937856,0.89566847147
677000,0.002248,0.059552,0.9382,0.89566847147
678000,0.002208,0.05932,0.938472,0.895876718034
679000,0.0022,0.059,0.9388,0.89566847147
680000,0.0022,0.058832,0.938968,0.896501457726
681000,0.0022,0.05852,0.93928,0.896501457726
682000,0.002184,0.058248,0.939568,0.897334443982
683000,0.002168,0.057944,0.939888,0.89775093711
684000,0.00216,0.05768,0.94016,0.898583923365
685000,0.002144,0.057384,0.940472,0.899625156185
686000,0.002136,0.05716,0.940704,0.900666389005
687000,0.002136,0.056816,0.941048,0.90149937526
688000,0.002136,0.056624,0.94124,0.901082882132
689000,0.002128,0.056416,0.941456,0.901082882132
690000,0.002128,0.056136,0.941736,0.901915868388
691000,0.00212,0.05596,0.94192,0.902748854644
692000,0.002096,0.055744,0.94216,0.9035818409
693000,0.00208,0.055448,0.942472,0.9035818409
694000,0.00208,0.055144,0.942776,0.906080799667
695000,0.002064,0.05492,0.943016,0.907746772178
696000,0.002056,0.054704,0.94324,0.907955018742
697000,0.002048,0.054424,0.943528,0.907955018742
698000,0.002,0.054152,0.943848,0.906289046231
699000,0.001984,0.053904,0.944112,0.906913785923
700000,0.001952,0.0536,0.944448,0.906913785923
701000,0.001936,0.053448,0.944616,0.906080799667
702000,0.00192,0.05312,0.94496,0.906497292795
703000,0.001904,0.052912,0.945184,0.90733027905
704000,0.00188,0.052768,0.945352,0.907746772178
705000,0.00188,0.052448,0.945672,0.90837151187
706000,0.001864,0.052304,0.945832,0.90837151187
707000,0.001864,0.052112,0.946024,0.910037484382
708000,0.001856,0.05188,0.946264,0.909620991254
709000,0.001808,0.051608,0.946584,0.911286963765
710000,0.0018,0.051496,0.946704,0.909620991254
711000,0.001792,0.051248,0.94696,0.910037484382
712000,0.001784,0.051024,0.947192,0.910037484382
713000,0.00176,0.050856,0.947384,0.909204498126
714000,0.001736,0.050696,0.947568,0.908579758434
715000,0.001728,0.050336,0.947936,0.909829237818
716000,0.00172,0.050192,0.948088,0.910870470637
717000,0.001712,0.049968,0.94832,0.912536443149
718000,0.001704,0.049696,0.9486,0.912536443149
719000,0.001688,0.0494,0.948912,0.915035401916
720000,0.001672,0.049104,0.949224,0.916493127863
721000,0.001656,0.048912,0.949432,0.916493127863
722000,0.001648,0.048744,0.949608,0.916076634736
723000,0.00164,0.04856,0.9498,0.916076634736
724000,0.001624,0.048368,0.950008,0.916909620991
725000,0.0016,0.048208,0.950192,0.916909620991
726000,0.001552,0.048104,0.950344,0.917326114119
727000,0.001552,0.047896,0.950552,0.918159100375
728000,0.00152,0.047672,0.950808,0.918367346939
729000,0.001504,0.047472,0.951024,0.919200333195
730000,0.00148,0.047296,0.951224,0.919616826322
731000,0.001472,0.047152,0.951376,0.920449812578
732000,0.001464,0.046992,0.951544,0.920449812578
733000,0.001456,0.046752,0.951792,0.920449812578
734000,0.001448,0.046488,0.952064,0.920866305706
735000,0.001448,0.046328,0.952224,0.919825072886
736000,0.001448,0.046128,0.952424,0.92107455227
737000,0.001448,0.045848,0.952704,0.921907538526
738000,0.00144,0.04568,0.95288,0.921907538526
739000,0.00144,0.045456,0.953104,0.923573511037
740000,0.001424,0.045248,0.953328,0.923990004165
741000,0.0014,0.04496,0.95364,0.923990004165
742000,0.001392,0.044824,0.953784,0.923990004165
743000,0.001392,0.044624,0.953984,0.923990004165
744000,0.001384,0.0444,0.954216,0.923990004165
745000,0.001376,0.0442,0.954424,0.923781757601
746000,0.001368,0.043968,0.954664,0.925447730112
747000,0.00136,0.043712,0.954928,0.925447730112
748000,0.00136,0.043472,0.955168,0.92586422324
749000,0.001328,0.043232,0.95544,0.92586422324
750000,0.001312,0.043064,0.955624,0.92586422324
751000,0.001304,0.042888,0.955808,0.92586422324
752000,0.001296,0.04264,0.956064,0.926697209496
753000,0.00128,0.042552,0.956168,0.926697209496
754000,0.00128,0.042296,0.956424,0.927113702624
755000,0.001272,0.0422,0.956528,0.92794668888
756000,0.001272,0.041856,0.956872,0.92794668888
757000,0.001248,0.041608,0.957144,0.929612661391
758000,0.001248,0.041344,0.957408,0.928779675135
759000,0.001248,0.041208,0.957544,0.929196168263
760000,0.001248,0.04096,0.957792,0.929196168263
761000,0.001232,0.040728,0.95804,0.930029154519
762000,0.001216,0.040624,0.95816,0.930445647647
763000,0.001208,0.0404,0.958392,0.930445647647
764000,0.001208,0.040216,0.958576,0.930445647647
765000,0.001176,0.04008,0.958744,0.930445647647
766000,0.001168,0.039904,0.958928,0.932528113286
767000,0.001152,0.039752,0.959096,0.932528113286
768000,0.001144,0.039512,0.959344,0.932528113286
769000,0.001136,0.039336,0.959528,0.934194085798
770000,0.00112,0.039184,0.959696,0.936068304873
771000,0.001112,0.038992,0.959896,0.936068304873
772000,0.001112,0.038848,0.96004,0.936901291129
773000,0.001104,0.038624,0.960272,0.937734277384
774000,0.001104,0.038368,0.960528,0.93856726364
775000,0.001096,0.038112,0.960792,0.938983756768
776000,0.001088,0.037904,0.961008,0.939816743024
777000,0.001088,0.037784,0.961128,0.939816743024
778000,0.001064,0.037584,0.961352,0.941899208663
779000,0.001064,0.037392,0.961544,0.942315701791
780000,0.001056,0.037208,0.961736,0.943148688047
781000,0.001056,0.037008,0.961936,0.943981674302
782000,0.00104,0.03688,0.96208,0.943981674302
783000,0.001024,0.036664,0.962312,0.94439816743
784000,0.001024,0.036544,0.962432,0.943981674302
785000,0.001024,0.036408,0.962568,0.943148688047
786000,0.001,0.036264,0.962736,0.943148688047
787000,0.001,0.036136,0.962864,0.943148688047
788000,0.001,0.035888,0.963112,0.943565181175
789000,0.000992,0.035744,0.963264,0.943565181175
790000,0.000992,0.035616,0.963392,0.943565181175
791000,0.000984,0.035416,0.9636,0.94439816743
792000,0.000968,0.035224,0.963808,0.944189920866
793000,0.00096,0.035104,0.963936,0.944189920866
794000,0.000952,0.035032,0.964016,0.945022907122
795000,0.000936,0.034872,0.964192,0.945022907122
796000,0.000936,0.03464,0.964424,0.945022907122
797000,0.00092,0.034456,0.964624,0.945022907122
798000,0.00092,0.034304,0.964776,0.945855893378
799000,0.00092,0.034208,0.964872,0.946272386506
800000,0.000904,0.034112,0.964984,0.946688879633
801000,0.000904,0.034008,0.965088,0.947521865889
802000,0.000896,0.033856,0.965248,0.949187838401
803000,0.000896,0.033728,0.965376,0.949604331529
804000,0.000888,0.033624,0.965488,0.948771345273
805000,0.00088,0.033496,0.965624,0.950020824656
806000,0.000872,0.033376,0.965752,0.950853810912
807000,0.000872,0.033312,0.965816,0.950020824656
808000,0.000856,0.033088,0.966056,0.950020824656
809000,0.000848,0.032872,0.96628,0.950853810912
810000,0.000848,0.03276,0.966392,0.950853810912
811000,0.000832,0.032504,0.966664,0.950853810912
812000,0.000824,0.032344,0.966832,0.951686797168
813000,0.000808,0.032248,0.966944,0.952519783424
814000,0.000816,0.032136,0.967048,0.952519783424
815000,0.000808,0.032048,0.967144,0.952519783424
816000,0.000808,0.03192,0.967272,0.952519783424
817000,0.0008,0.031904,0.967296,0.952519783424
818000,0.0008,0.031776,0.967424,0.952519783424
819000,0.000784,0.031632,0.967584,0.952519783424
820000,0.000784,0.031464,0.967752,0.952936276551
821000,0.000784,0.03132,0.967896,0.952936276551
822000,0.000784,0.031224,0.967992,0.953769262807
823000,0.000752,0.03112,0.968128,0.954185755935
824000,0.000752,0.031016,0.968232,0.954185755935
825000,0.000752,0.03088,0.968368,0.954185755935
826000,0.000752,0.030728,0.96852,0.955018742191
827000,0.000744,0.030504,0.968752,0.956268221574
828000,0.000736,0.030408,0.968856,0.956268221574
829000,0.000728,0.030328,0.968944,0.95710120783
830000,0.00072,0.03024,0.96904,0.958558933778
831000,0.000704,0.0302,0.969096,0.958558933778
832000,0.000704,0.030088,0.969208,0.958975426905
833000,0.000704,0.029904,0.969392,0.958975426905
