1000,0.33376,0.331576,0.334664,0.312578092461
2000,0.33468,0.332224,0.333096,0.314660558101
3000,0.3356,0.332632,0.331768,0.313827571845
4000,0.33664,0.3332,0.33016,0.314452311537
5000,0.33756,0.333744,0.328696,0.313202832153
6000,0.338464,0.334064,0.327472,0.31570179092
7000,0.339128,0.334672,0.3262,0.317576009996
8000,0.340192,0.335136,0.324672,0.315910037484
9000,0.341064,0.335424,0.323512,0.315285297793
10000,0.342112,0.335664,0.322224,0.316951270304
11000,0.34304,0.336296,0.320664,0.319450229071
12000,0.34376,0.336728,0.319512,0.320491461891
13000,0.344312,0.33744,0.318248,0.322990420658
14000,0.345336,0.337984,0.31668,0.32465639317
15000,0.34616,0.338408,0.315432,0.326114119117
16000,0.346912,0.338792,0.314296,0.324031653478
17000,0.347736,0.339088,0.313176,0.32465639317
18000,0.348512,0.339352,0.312136,0.326738858809
19000,0.349568,0.3394,0.311032,0.326947105373
20000,0.35056,0.339936,0.309504,0.326530612245
21000,0.3514,0.340344,0.308256,0.325489379425
22000,0.352176,0.34068,0.307144,0.329029571012
23000,0.35312,0.340944,0.305936,0.329237817576
24000,0.354016,0.341352,0.304632,0.330279050396
25000,0.35468,0.341712,0.303608,0.330695543524
26000,0.355728,0.341928,0.302344,0.332986255727
27000,0.356904,0.342296,0.3008,0.333402748855
28000,0.357832,0.342464,0.299704,0.333194502291
29000,0.358704,0.34268,0.298616,0.33631820075
30000,0.359272,0.343048,0.29768,0.337775926697
31000,0.360136,0.34332,0.296544,0.335693461058
32000,0.361192,0.34356,0.295248,0.336526447314
33000,0.36228,0.343768,0.293952,0.336526447314
34000,0.363416,0.343928,0.292656,0.336734693878
35000,0.364312,0.3444,0.291288,0.339650145773
36000,0.3652,0.344744,0.290056,0.3400666389
37000,0.366152,0.344976,0.288872,0.34110787172
38000,0.367216,0.345032,0.287752,0.340483132028
39000,0.368192,0.345256,0.286552,0.340483132028
40000,0.368904,0.345896,0.2852,0.338400666389
41000,0.369696,0.346232,0.284072,0.338400666389
42000,0.37044,0.346584,0.282976,0.340274885464
43000,0.37116,0.34688,0.28196,0.341940857976
44000,0.372512,0.346832,0.280656,0.341940857976
45000,0.37352,0.346848,0.279632,0.34110787172
46000,0.374456,0.347176,0.278368,0.341316118284
47000,0.375288,0.347472,0.27724,0.342357351104
48000,0.376032,0.347784,0.276184,0.343815077051
49000,0.377024,0.348136,0.27484,0.342565597668
50000,0.377792,0.348304,0.273904,0.344439816743
51000,0.378736,0.3486,0.272664,0.345481049563
52000,0.379584,0.34896,0.271456,0.347355268638
53000,0.380216,0.34932,0.270464,0.347771761766
54000,0.381136,0.349632,0.269232,0.348396501458
55000,0.381992,0.349608,0.2684,0.348812994586
56000,0.382608,0.34996,0.267432,0.350478967097
57000,0.383672,0.35004,0.266288,0.34902124115
58000,0.384344,0.350384,0.265272,0.34798000833
59000,0.385312,0.3504,0.264288,0.349854227405
60000,0.385872,0.350712,0.263416,0.351103706789
61000,0.386752,0.351064,0.262184,0.351520199917
62000,0.387592,0.351128,0.26128,0.353186172428
63000,0.3884,0.351472,0.260128,0.355268638067
64000,0.389136,0.351952,0.258912,0.356101624323
65000,0.390072,0.35216,0.257768,0.35860058309
66000,0.390976,0.352312,0.256712,0.358184089963
67000,0.391832,0.352472,0.255696,0.360266555602
68000,0.392648,0.352664,0.254688,0.362973760933
69000,0.393336,0.353032,0.253632,0.363390254061
70000,0.394032,0.35336,0.252608,0.366097459392
71000,0.395016,0.353736,0.251248,0.365680966264
72000,0.395624,0.354008,0.250368,0.367138692212
73000,0.3964,0.354384,0.249216,0.365264473136
74000,0.397096,0.354752,0.248152,0.369012911287
75000,0.397552,0.355288,0.24716,0.369845897543
76000,0.398216,0.3558,0.245984,0.37130362349
77000,0.398688,0.356256,0.245056,0.370470637234
78000,0.399736,0.356296,0.243968,0.373177842566
79000,0.4006,0.35624,0.24316,0.375676801333
80000,0.401248,0.356776,0.241976,0.375676801333
81000,0.401712,0.357304,0.240984,0.374843815077
82000,0.40264,0.357424,0.239936,0.375676801333
83000,0.403552,0.357576,0.238872,0.376718034152
84000,0.404464,0.357488,0.238048,0.378384006664
85000,0.405336,0.357672,0.236992,0.379841732611
86000,0.406088,0.357816,0.236096,0.380049979175
87000,0.406888,0.357864,0.235248,0.380258225739
88000,0.407808,0.358144,0.234048,0.380258225739
89000,0.408456,0.358416,0.233128,0.380674718867
90000,0.409296,0.358608,0.232096,0.381924198251
91000,0.40992,0.35892,0.23116,0.379425239484
92000,0.410584,0.359184,0.230232,0.379008746356
93000,0.411576,0.359416,0.229008,0.381091211995
94000,0.412672,0.359408,0.22792,0.381507705123
95000,0.413352,0.359536,0.227112,0.384839650146
96000,0.41444,0.35956,0.226,0.38504789671
97000,0.415472,0.359544,0.224984,0.386297376093
98000,0.416184,0.35992,0.223896,0.387546855477
99000,0.416808,0.360264,0.222928,0.387963348605
100000,0.417656,0.360376,0.221968,0.38983756768
101000,0.418752,0.360464,0.220784,0.387755102041
102000,0.419752,0.3606,0.219648,0.385256143274
103000,0.420344,0.360896,0.21876,0.386505622657
104000,0.42136,0.360904,0.217736,0.387546855477
105000,0.422,0.36116,0.21684,0.387755102041
106000,0.422496,0.361496,0.216008,0.389004581424
107000,0.423144,0.361824,0.215032,0.38983756768
108000,0.423752,0.362016,0.214232,0.389421074552
109000,0.424456,0.36216,0.213384,0.388588088297
110000,0.424784,0.362512,0.212704,0.389421074552
111000,0.425376,0.362488,0.212136,0.390254060808
112000,0.426096,0.362568,0.211336,0.38879633486
113000,0.426632,0.362792,0.210576,0.390462307372
114000,0.42724,0.363024,0.209736,0.391711786756
115000,0.428112,0.362944,0.208944,0.394627238651
116000,0.428728,0.363264,0.208008,0.396084964598
117000,0.429624,0.36324,0.207136,0.396501457726
118000,0.430568,0.363352,0.20608,0.395251978342
119000,0.431544,0.363224,0.205232,0.392753019575
120000,0.431992,0.36364,0.204368,0.394210745523
121000,0.432864,0.363608,0.203528,0.391920033319
122000,0.43384,0.363608,0.202552,0.392336526447
123000,0.43456,0.3638,0.20164,0.393169512703
124000,0.435296,0.363992,0.200712,0.393377759267
125000,0.435968,0.364216,0.199816,0.395251978342
126000,0.436784,0.364272,0.198944,0.396084964598
127000,0.437848,0.364152,0.198,0.398792169929
128000,0.438976,0.364,0.197024,0.397959183673
129000,0.439736,0.364104,0.19616,0.397334443982
130000,0.440648,0.364216,0.195136,0.397126197418
131000,0.441488,0.36416,0.194352,0.397334443982
132000,0.442192,0.364248,0.19356,0.397334443982
133000,0.442784,0.364488,0.192728,0.397334443982
134000,0.443472,0.3646,0.191928,0.396501457726
135000,0.444256,0.364688,0.191056,0.396084964598
136000,0.44484,0.365064,0.190096,0.396501457726
137000,0.44552,0.365032,0.189448,0.397542690546
138000,0.446424,0.365,0.188576,0.401082882132
139000,0.446888,0.365304,0.187808,0.401707621824
140000,0.448032,0.365288,0.18668,0.401707621824
141000,0.449008,0.365176,0.185816,0.400874635569
142000,0.449728,0.365096,0.185176,0.403165347772
143000,0.450184,0.365272,0.184544,0.402124114952
144000,0.450784,0.365128,0.184088,0.400874635569
145000,0.451344,0.365456,0.1832,0.400874635569
146000,0.452224,0.365384,0.182392,0.399625156185
147000,0.452728,0.3656,0.181672,0.401082882132
148000,0.453552,0.365568,0.18088,0.40149937526
149000,0.454472,0.365488,0.18004,0.400458142441
150000,0.455552,0.365208,0.17924,0.402332361516
151000,0.456408,0.365096,0.178496,0.402748854644
152000,0.456936,0.365312,0.177752,0.401082882132
153000,0.457416,0.365384,0.1772,0.402332361516
154000,0.458464,0.365152,0.176384,0.402957101208
155000,0.459272,0.365136,0.175592,0.405247813411
156000,0.459592,0.36552,0.174888,0.403998334027
157000,0.460656,0.365192,0.174152,0.407955018742
158000,0.461328,0.365248,0.173424,0.406913785923
159000,0.462,0.365208,0.172792,0.407955018742
160000,0.462656,0.365104,0.17224,0.410453977509
161000,0.463272,0.36508,0.171648,0.411911703457
162000,0.464112,0.365016,0.170872,0.412744689713
163000,0.465128,0.364896,0.169976,0.412952936277
164000,0.466024,0.364632,0.169344,0.412952936277
165000,0.466688,0.364512,0.1688,0.414827155352
166000,0.467512,0.364512,0.167976,0.416284881299
167000,0.468472,0.364456,0.167072,0.416701374427
168000,0.46916,0.364504,0.166336,0.413994169096
169000,0.469744,0.364616,0.16564,0.414410662224
170000,0.470464,0.364592,0.164944,0.412744689713
171000,0.471336,0.364408,0.164256,0.413994169096
172000,0.47236,0.36432,0.16332,0.412744689713
173000,0.473048,0.364368,0.162584,0.411495210329
174000,0.47388,0.364328,0.161792,0.411495210329
175000,0.474704,0.364208,0.161088,0.413577675968
176000,0.475432,0.364128,0.16044,0.412536443149
177000,0.4762,0.364008,0.159792,0.412536443149
178000,0.47676,0.36416,0.15908,0.415035401916
179000,0.477608,0.364032,0.15836,0.415660141608
180000,0.478504,0.363952,0.157544,0.417117867555
181000,0.479024,0.364152,0.156824,0.417742607247
182000,0.479744,0.364056,0.1562,0.417326114119
183000,0.4804,0.36392,0.15568,0.417117867555
184000,0.481272,0.363576,0.155152,0.418783840067
185000,0.481944,0.363624,0.154432,0.419825072886
186000,0.482728,0.363368,0.153904,0.421491045398
187000,0.483528,0.36332,0.153152,0.42211578509
188000,0.484432,0.363232,0.152336,0.423990004165
189000,0.485408,0.362984,0.151608,0.424614743857
190000,0.485976,0.363144,0.15088,0.424406497293
191000,0.486936,0.362992,0.150072,0.425239483549
192000,0.487808,0.362784,0.149408,0.42586422324
193000,0.488304,0.362952,0.148744,0.425239483549
194000,0.489048,0.362616,0.148336,0.427113702624
195000,0.489856,0.362552,0.147592,0.427738442316
196000,0.490688,0.362128,0.147184,0.429612661391
197000,0.491344,0.362168,0.146488,0.429196168263
198000,0.492,0.361992,0.146008,0.428363182007
199000,0.49264,0.361896,0.145464,0.427321949188
200000,0.49332,0.361944,0.144736,0.427530195752
201000,0.494016,0.361872,0.144112,0.428571428571
202000,0.494456,0.36196,0.143584,0.428571428571
203000,0.49544,0.36156,0.143,0.430029154519
204000,0.496368,0.361248,0.142384,0.430862140775
205000,0.497328,0.36096,0.141712,0.430445647647
206000,0.498184,0.3608,0.141016,0.432528113286
207000,0.499304,0.360336,0.14036,0.435027072053
208000,0.49996,0.360288,0.139752,0.436901291129
209000,0.5008,0.360072,0.139128,0.437942523948
210000,0.50172,0.359576,0.138704,0.437734277384
211000,0.502608,0.359224,0.138168,0.437109537693
212000,0.503272,0.359032,0.137696,0.436068304873
213000,0.504432,0.358744,0.136824,0.437317784257
214000,0.505456,0.358432,0.136112,0.439192003332
215000,0.5062,0.358232,0.135568,0.438775510204
216000,0.506944,0.358248,0.134808,0.442940441483
217000,0.507808,0.358016,0.134176,0.442523948355
218000,0.508576,0.357904,0.13352,0.444189920866
219000,0.5094,0.357888,0.132712,0.441066222407
220000,0.510192,0.357624,0.132184,0.441066222407
221000,0.511024,0.35736,0.131616,0.439816743024
222000,0.511688,0.35736,0.130952,0.440233236152
223000,0.512392,0.357344,0.130264,0.439400249896
224000,0.513256,0.357272,0.129472,0.439816743024
225000,0.514128,0.356992,0.12888,0.441066222407
226000,0.514792,0.356984,0.128224,0.442107455227
227000,0.515728,0.356544,0.127728,0.442940441483
228000,0.516632,0.356296,0.127072,0.442523948355
229000,0.517616,0.355784,0.1266,0.442732194919
230000,0.518568,0.355464,0.125968,0.445022907122
231000,0.51932,0.355192,0.125488,0.444189920866
232000,0.520064,0.355048,0.124888,0.445855893378
233000,0.520832,0.354816,0.124352,0.447313619325
234000,0.521568,0.35468,0.123752,0.45127030404
235000,0.522264,0.354592,0.123144,0.450645564348
236000,0.523224,0.354128,0.122648,0.449812578092
237000,0.523984,0.354128,0.121888,0.454810495627
238000,0.524936,0.353656,0.121408,0.456268221574
239000,0.525848,0.353368,0.120784,0.45710120783
240000,0.526584,0.353048,0.120368,0.457934194086
241000,0.527128,0.353136,0.119736,0.457517700958
242000,0.527976,0.352744,0.11928,0.45814244065
243000,0.528592,0.352568,0.11884,0.459808413161
244000,0.529192,0.352392,0.118416,0.460849645981
245000,0.529792,0.352112,0.118096,0.460224906289
246000,0.53056,0.351792,0.117648,0.4618908788
247000,0.531168,0.351768,0.117064,0.462515618492
248000,0.531936,0.351456,0.116608,0.464389837568
249000,0.53284,0.35104,0.11612,0.464806330696
250000,0.533704,0.350728,0.115568,0.46397334444
251000,0.534624,0.35036,0.115016,0.46397334444
252000,0.535472,0.350016,0.114512,0.466472303207
253000,0.536144,0.349864,0.113992,0.466264056643
254000,0.53692,0.349576,0.113504,0.470220741358
255000,0.537928,0.349232,0.11284,0.470428987922
256000,0.538768,0.348912,0.11232,0.470637234486
257000,0.53952,0.348688,0.111792,0.470428987922
258000,0.540136,0.34852,0.111344,0.471678467305
259000,0.54108,0.348048,0.110872,0.474802165764
260000,0.541928,0.347672,0.1104,0.476051645148
261000,0.542384,0.347672,0.109944,0.473552686381
262000,0.543064,0.34756,0.109376,0.475010412328
263000,0.543928,0.3472,0.108872,0.476468138276
264000,0.544816,0.346792,0.108392,0.477301124531
265000,0.545552,0.346512,0.107936,0.478758850479
266000,0.546528,0.346048,0.107424,0.479383590171
267000,0.547552,0.345728,0.10672,0.482715535194
268000,0.548208,0.345488,0.106304,0.482715535194
269000,0.549048,0.345064,0.105888,0.483965014577
270000,0.550104,0.344416,0.10548,0.485839233653
271000,0.55108,0.343904,0.105016,0.488129945856
272000,0.55192,0.343488,0.104592,0.490628904623
273000,0.552688,0.343376,0.103936,0.487505206164
274000,0.553456,0.34312,0.103424,0.487921699292
275000,0.554064,0.342936,0.103,0.490837151187
276000,0.554656,0.34284,0.102504,0.491461890879
277000,0.555672,0.342408,0.10192,0.490837151187
278000,0.556696,0.34188,0.101424,0.491461890879
279000,0.557344,0.341624,0.101032,0.492294877135
280000,0.558104,0.341304,0.100592,0.492711370262
281000,0.558888,0.340952,0.10016,0.497292794669
282000,0.559512,0.340656,0.099832,0.496459808413
283000,0.560312,0.3402,0.099488,0.496876301541
284000,0.560728,0.340184,0.099088,0.498334027489
285000,0.561464,0.339776,0.09876,0.498334027489
286000,0.562312,0.339464,0.098224,0.497292794669
287000,0.562888,0.339288,0.097824,0.496668054977
288000,0.563872,0.338696,0.097432,0.496876301541
289000,0.564744,0.33836,0.096896,0.496459808413
290000,0.565624,0.337792,0.096584,0.496043315285
291000,0.56692,0.337112,0.095968,0.499583506872
292000,0.567696,0.336656,0.095648,0.500624739692
293000,0.568568,0.336264,0.095168,0.502915451895
294000,0.56964,0.335544,0.094816,0.503956684715
295000,0.57072,0.335016,0.094264,0.50583090379
296000,0.571808,0.334368,0.093824,0.504581424406
297000,0.572456,0.334152,0.093392,0.504373177843
298000,0.57316,0.333888,0.092952,0.503748438151
299000,0.573808,0.333688,0.092504,0.501249479384
300000,0.574848,0.332992,0.09216,0.500832986256
301000,0.575752,0.332752,0.091496,0.503123698459
302000,0.576704,0.332128,0.091168,0.505206164098
303000,0.57764,0.331648,0.090712,0.506247396918
304000,0.578368,0.331192,0.09044,0.50583090379
305000,0.57908,0.331016,0.089904,0.509371095377
306000,0.580192,0.330448,0.08936,0.512494793836
307000,0.580824,0.330112,0.089064,0.5127030404
308000,0.581728,0.329664,0.088608,0.511453561016
309000,0.582648,0.329128,0.088224,0.512911286964
310000,0.583672,0.328472,0.087856,0.513536026656
311000,0.58488,0.327904,0.087216,0.514577259475
312000,0.585728,0.32744,0.086832,0.515201999167
313000,0.586408,0.327264,0.086328,0.513327780092
314000,0.587216,0.326816,0.085968,0.513327780092
315000,0.587936,0.326512,0.085552,0.516243231987
316000,0.588856,0.325952,0.085192,0.515826738859
317000,0.589616,0.325536,0.084848,0.515826738859
318000,0.590344,0.325264,0.084392,0.515201999167
319000,0.59116,0.324824,0.084016,0.514577259475
320000,0.59196,0.3244,0.08364,0.515201999167
321000,0.59284,0.323832,0.083328,0.517909204498
322000,0.59368,0.323424,0.082896,0.519783423574
323000,0.594744,0.322712,0.082544,0.519366930446
324000,0.595616,0.322128,0.082256,0.521241149521
325000,0.596704,0.32152,0.081776,0.523740108288
326000,0.597584,0.32096,0.081456,0.525197834236
327000,0.598416,0.320552,0.081032,0.524989587672
328000,0.599464,0.319808,0.080728,0.524781341108
329000,0.600408,0.319184,0.080408,0.524781341108
330000,0.601352,0.318656,0.079992,0.5254060808
331000,0.602144,0.318208,0.079648,0.526239067055
332000,0.603064,0.317568,0.079368,0.528946272387
333000,0.603824,0.317232,0.078944,0.529987505206
334000,0.604608,0.3168,0.078592,0.530403998334
335000,0.60552,0.31616,0.07832,0.53019575177
336000,0.606096,0.315944,0.07796,0.52915451895
337000,0.606888,0.315488,0.077624,0.530820491462
338000,0.607504,0.315176,0.07732,0.530820491462
339000,0.608256,0.314992,0.076752,0.532694710537
340000,0.609,0.314504,0.076496,0.532486463973
341000,0.609912,0.313944,0.076144,0.536234902124
342000,0.610672,0.313464,0.075864,0.537276134944
343000,0.611384,0.313096,0.07552,0.537276134944
344000,0.612296,0.312648,0.075056,0.538525614327
345000,0.613272,0.312056,0.074672,0.5381091212
346000,0.614368,0.31128,0.074352,0.538317367763
347000,0.615136,0.310792,0.074072,0.5381091212
348000,0.61616,0.310024,0.073816,0.539566847147
349000,0.617296,0.309272,0.073432,0.539983340275
350000,0.618144,0.30872,0.073136,0.540399833403
351000,0.618864,0.30832,0.072816,0.544773011245
352000,0.619848,0.307568,0.072584,0.545605997501
353000,0.6206,0.307112,0.072288,0.546855476885
354000,0.621312,0.30656,0.072128,0.545814244065
355000,0.622304,0.305944,0.071752,0.545605997501
356000,0.623216,0.305312,0.071472,0.548313202832
357000,0.623912,0.305008,0.07108,0.550187421908
358000,0.6246,0.30452,0.07088,0.551228654727
359000,0.625352,0.304176,0.070472,0.549354435652
360000,0.626224,0.30356,0.070216,0.551645147855
361000,0.627512,0.302704,0.069784,0.551228654727
362000,0.6284,0.301944,0.069656,0.551436901291
363000,0.629256,0.301256,0.069488,0.550187421908
364000,0.630256,0.300568,0.069176,0.54977092878
365000,0.631224,0.300016,0.06876,0.551228654727
366000,0.631808,0.29964,0.068552,0.552061640983
367000,0.632648,0.299152,0.0682,0.551436901291
368000,0.633536,0.298576,0.067888,0.552269887547
369000,0.634232,0.298136,0.067632,0.553311120367
370000,0.635184,0.297424,0.067392,0.55351936693
371000,0.636232,0.296592,0.067176,0.553311120367
372000,0.637288,0.296056,0.066656,0.554768846314
373000,0.637896,0.295608,0.066496,0.554977092878
374000,0.63884,0.295072,0.066088,0.558933777593
375000,0.639432,0.294784,0.065784,0.557892544773
376000,0.640176,0.294352,0.065472,0.557684298209
377000,0.641112,0.293616,0.065272,0.558725531029
378000,0.641912,0.293048,0.06504,0.56039150354
379000,0.642664,0.292624,0.064712,0.56143273636
380000,0.643488,0.292104,0.064408,0.561224489796
381000,0.64468,0.291328,0.063992,0.560599750104
382000,0.64536,0.29092,0.06372,0.562265722616
383000,0.646232,0.290216,0.063552,0.564556434819
384000,0.646864,0.2898,0.063336,0.565805914202
385000,0.647384,0.289496,0.06312,0.566430653894
386000,0.648104,0.289088,0.062808,0.566638900458
387000,0.648864,0.288544,0.062592,0.567055393586
388000,0.649528,0.288208,0.062264,0.565389421075
389000,0.650344,0.287592,0.062064,0.566014160766
390000,0.651104,0.28712,0.061776,0.565181174511
391000,0.651976,0.28656,0.061464,0.566014160766
392000,0.653104,0.285744,0.061152,0.566430653894
393000,0.654048,0.28512,0.060832,0.566014160766
394000,0.654792,0.284664,0.060544,0.568721366097
395000,0.655528,0.284192,0.06028,0.568513119534
396000,0.656224,0.283688,0.060088,0.568929612661
397000,0.65684,0.28328,0.05988,0.571012078301
398000,0.657576,0.28288,0.059544,0.571012078301
399000,0.658256,0.282424,0.05932,0.570387338609
400000,0.659224,0.28168,0.059096,0.567471886714
401000,0.65992,0.28112,0.05896,0.567888379842
402000,0.660992,0.28036,0.058648,0.567680133278
403000,0.66204,0.279592,0.058368,0.567888379842
404000,0.663008,0.278952,0.05804,0.569970845481
405000,0.663776,0.278304,0.05792,0.571012078301
406000,0.66436,0.277984,0.057656,0.570803831737
407000,0.665144,0.277496,0.05736,0.572678050812
408000,0.666128,0.27676,0.057112,0.573927530196
409000,0.667136,0.276088,0.056776,0.574344023324
410000,0.667904,0.27552,0.056576,0.575801749271
411000,0.669008,0.274728,0.056264,0.57788421491
412000,0.669584,0.274408,0.056008,0.579133694294
413000,0.670288,0.274144,0.055568,0.580799666805
414000,0.670984,0.27372,0.055296,0.580591420242
415000,0.671808,0.273104,0.055088,0.580174927114
416000,0.672792,0.272336,0.054872,0.579550187422
417000,0.673344,0.271992,0.054664,0.580591420242
418000,0.674176,0.271296,0.054528,0.583298625573
419000,0.675168,0.27064,0.054192,0.582673885881
420000,0.675904,0.270144,0.053952,0.584339858392
421000,0.676704,0.269584,0.053712,0.584964598084
422000,0.677216,0.269288,0.053496,0.585381091212
423000,0.67788,0.268752,0.053368,0.587463556851
424000,0.678472,0.268336,0.053192,0.588088296543
425000,0.67908,0.267808,0.053112,0.589546022491
426000,0.679984,0.26716,0.052856,0.590170762182
427000,0.680736,0.266768,0.052496,0.59058725531
428000,0.681544,0.266224,0.052232,0.59162848813
429000,0.682472,0.265544,0.051984,0.591003748438
430000,0.683584,0.264608,0.051808,0.590795501874
431000,0.684512,0.263832,0.051656,0.590379008746
432000,0.685296,0.26328,0.051424,0.591420241566
433000,0.686168,0.262616,0.051216,0.593502707205
434000,0.687,0.262024,0.050976,0.593710953769
435000,0.68788,0.261512,0.050608,0.594543940025
436000,0.688784,0.260888,0.050328,0.596209912536
437000,0.689512,0.260216,0.050272,0.595793419409
438000,0.69028,0.259712,0.050008,0.596834652228
439000,0.691112,0.25912,0.049768,0.600791336943
440000,0.691912,0.258576,0.049512,0.602665556018
441000,0.692824,0.257832,0.049344,0.60224906289
442000,0.693488,0.257352,0.04916,0.600791336943
443000,0.6942,0.256856,0.048944,0.602873802582
444000,0.695032,0.25612,0.048848,0.607455226989
445000,0.695552,0.255776,0.048672,0.607663473553
446000,0.69644,0.25512,0.04844,0.608912952936
447000,0.697368,0.254432,0.0482,0.611828404831
448000,0.697864,0.25416,0.047976,0.613286130779
449000,0.698656,0.25356,0.047784,0.613702623907
450000,0.699424,0.252976,0.0476,0.613702623907
451000,0.700256,0.252272,0.047472,0.613286130779
452000,0.701032,0.25168,0.047288,0.613494377343
453000,0.701856,0.251,0.047144,0.614327363599
454000,0.70248,0.250488,0.047032,0.616409829238
455000,0.703192,0.250016,0.046792,0.618492294877
456000,0.704168,0.249256,0.046576,0.618908788005
457000,0.704792,0.248672,0.046536,0.619741774261
458000,0.705824,0.247864,0.046312,0.621407746772
459000,0.706424,0.247464,0.046112,0.622032486464
460000,0.707256,0.246864,0.04588,0.622448979592
461000,0.708088,0.246256,0.045656,0.625364431487
462000,0.70888,0.245648,0.045472,0.627030403998
463000,0.709776,0.244968,0.045256,0.626405664307
464000,0.710536,0.244416,0.045048,0.629737609329
465000,0.71136,0.243776,0.044864,0.628904623074
466000,0.711936,0.24332,0.044744,0.629112869638
467000,0.712784,0.242632,0.044584,0.629529362766
468000,0.713632,0.241848,0.04452,0.629945855893
469000,0.714272,0.241408,0.04432,0.628904623074
470000,0.714984,0.240864,0.044152,0.629112869638
471000,0.715584,0.240536,0.04388,0.631820074969
472000,0.71628,0.240008,0.043712,0.63348604748
473000,0.716856,0.239608,0.043536,0.632653061224
474000,0.717744,0.238952,0.043304,0.63348604748
475000,0.718696,0.238192,0.043112,0.637442732195
476000,0.719288,0.237664,0.043048,0.636817992503
477000,0.720104,0.23712,0.042776,0.637026239067
478000,0.720856,0.236632,0.042512,0.63556851312
479000,0.721624,0.236016,0.04236,0.637026239067
480000,0.722584,0.23528,0.042136,0.636193252811
481000,0.723408,0.234608,0.041984,0.636609745939
482000,0.72444,0.233776,0.041784,0.638483965015
483000,0.725144,0.233168,0.041688,0.639733444398
484000,0.725776,0.232712,0.041512,0.640149937526
485000,0.726384,0.232192,0.041424,0.640774677218
486000,0.7272,0.231552,0.041248,0.644731361933
487000,0.727784,0.23116,0.041056,0.645564348188
488000,0.728552,0.230504,0.040944,0.645980841316
489000,0.729304,0.22996,0.040736,0.64618908788
490000,0.730144,0.229296,0.04056,0.648479800083
491000,0.730736,0.22888,0.040384,0.649104539775
492000,0.731448,0.228264,0.040288,0.647855060392
493000,0.732432,0.227464,0.040104,0.648896293211
494000,0.733048,0.226952,0.04,0.651395251978
495000,0.733744,0.226384,0.039872,0.652644731362
496000,0.734672,0.225664,0.039664,0.652436484798
497000,0.73532,0.225104,0.039576,0.652852977926
498000,0.736192,0.224352,0.039456,0.653685964182
499000,0.737008,0.223752,0.03924,0.653894210746
500000,0.737936,0.22308,0.038984,0.654102457309
501000,0.738616,0.222496,0.038888,0.655560183257
502000,0.739232,0.222016,0.038752,0.654102457309
503000,0.739864,0.221488,0.038648,0.655768429821
504000,0.740416,0.221056,0.038528,0.656184922949
505000,0.741064,0.220536,0.0384,0.656809662641
506000,0.741992,0.219752,0.038256,0.659725114536
507000,0.742304,0.219488,0.038208,0.659516867972
508000,0.742584,0.219264,0.038152,0.659308621408
509000,0.7432,0.218736,0.038064,0.658683881716
510000,0.74412,0.217984,0.037896,0.659725114536
511000,0.744848,0.217368,0.037784,0.661599333611
512000,0.74556,0.216736,0.037704,0.661599333611
513000,0.746248,0.216232,0.03752,0.663265306122
514000,0.746944,0.21568,0.037376,0.66368179925
515000,0.747648,0.215088,0.037264,0.66576426489
516000,0.748384,0.214432,0.037184,0.667430237401
517000,0.749024,0.213968,0.037008,0.667430237401
518000,0.749944,0.213168,0.036888,0.667846730529
519000,0.750648,0.212576,0.036776,0.666389004581
520000,0.751392,0.21196,0.036648,0.666805497709
521000,0.752144,0.2114,0.036456,0.667846730529
522000,0.753088,0.210592,0.03632,0.668263223657
523000,0.753704,0.210088,0.036208,0.668471470221
524000,0.754152,0.209744,0.036104,0.670762182424
525000,0.75492,0.209144,0.035936,0.673261141191
526000,0.755664,0.208576,0.03576,0.675551853394
527000,0.756568,0.207816,0.035616,0.675968346522
528000,0.75732,0.207248,0.035432,0.677217825906
529000,0.757936,0.206664,0.0354,0.678467305289
530000,0.758688,0.206184,0.035128,0.679925031237
531000,0.759384,0.205608,0.035008,0.678259058726
532000,0.760024,0.205088,0.034888,0.679508538109
533000,0.761008,0.20424,0.034752,0.678467305289
534000,0.761552,0.203768,0.03468,0.677634319034
535000,0.76232,0.203168,0.034512,0.680966264057
536000,0.763008,0.202624,0.034368,0.682840483132
537000,0.763736,0.202096,0.034168,0.683048729696
538000,0.764392,0.201592,0.034016,0.684089962516
539000,0.765184,0.200816,0.034,0.684714702207
540000,0.766,0.200072,0.033928,0.684506455643
541000,0.766792,0.199344,0.033864,0.686172428155
542000,0.76768,0.198544,0.033776,0.685755935027
543000,0.768144,0.1982,0.033656,0.687838400666
544000,0.768992,0.197552,0.033456,0.687838400666
545000,0.769728,0.196928,0.033344,0.687630154102
546000,0.770304,0.196496,0.0332,0.688671386922
547000,0.771016,0.195968,0.033016,0.688671386922
548000,0.77156,0.195592,0.032848,0.68804664723
549000,0.772008,0.195272,0.03272,0.689296126614
550000,0.772728,0.19456,0.032712,0.692211578509
551000,0.773544,0.193832,0.032624,0.690962099125
552000,0.774064,0.193512,0.032424,0.69012911287
553000,0.774496,0.193264,0.03224,0.69012911287
554000,0.775272,0.192632,0.032096,0.694502290712
555000,0.775904,0.19208,0.032016,0.694085797584
556000,0.77664,0.191552,0.031808,0.693669304456
557000,0.777368,0.190968,0.031664,0.698250728863
558000,0.778024,0.190456,0.03152,0.699291961683
559000,0.778704,0.189888,0.031408,0.701582673886
560000,0.77948,0.189144,0.031376,0.702207413578
561000,0.78008,0.188632,0.031288,0.703248646397
562000,0.78088,0.18796,0.03116,0.70179092045
563000,0.781488,0.187464,0.031048,0.703456892961
564000,0.781936,0.187072,0.030992,0.703665139525
565000,0.78248,0.186616,0.030904,0.703248646397
566000,0.783224,0.186008,0.030768,0.703873386089
567000,0.783864,0.185464,0.030672,0.704289879217
568000,0.784368,0.185064,0.030568,0.704706372345
569000,0.785128,0.184408,0.030464,0.705955851728
570000,0.785816,0.18376,0.030424,0.707830070804
571000,0.786464,0.183152,0.030384,0.707830070804
572000,0.787192,0.182464,0.030344,0.708454810496
573000,0.787808,0.181952,0.03024,0.70866305706
574000,0.788496,0.181352,0.030152,0.709287796751
575000,0.789216,0.180784,0.03,0.709704289879
576000,0.790008,0.180152,0.02984,0.709496043315
577000,0.790592,0.179624,0.029784,0.709704289879
578000,0.791072,0.179208,0.02972,0.710953769263
579000,0.791752,0.1786,0.029648,0.709704289879
580000,0.792376,0.178176,0.029448,0.711995002082
581000,0.793032,0.17768,0.029288,0.713244481466
582000,0.79356,0.177288,0.029152,0.713660974594
583000,0.793912,0.176928,0.02916,0.712619741774
584000,0.794424,0.176552,0.029024,0.713244481466
585000,0.795032,0.175984,0.028984,0.71345272803
586000,0.795752,0.175264,0.028984,0.714702207414
587000,0.796344,0.1748,0.028856,0.714077467722
588000,0.796824,0.17436,0.028816,0.714077467722
589000,0.79756,0.173728,0.028712,0.716368179925
590000,0.798112,0.173272,0.028616,0.715951686797
591000,0.798824,0.172752,0.028424,0.717201166181
592000,0.799392,0.17228,0.028328,0.716784673053
593000,0.799952,0.171808,0.02824,0.71928363182
594000,0.800712,0.171192,0.028096,0.71928363182
595000,0.80136,0.170664,0.027976,0.718658892128
596000,0.801944,0.170176,0.02788,0.719700124948
597000,0.802584,0.169728,0.027688,0.719075385256
598000,0.803336,0.169088,0.027576,0.718658892128
599000,0.804,0.168536,0.027464,0.720116618076
600000,0.804656,0.168048,0.027296,0.719908371512
601000,0.805416,0.167416,0.027168,0.717409412745
602000,0.806176,0.16676,0.027064,0.714077467722
603000,0.80688,0.166152,0.026968,0.715326947105
604000,0.807592,0.165592,0.026816,0.716576426489
605000,0.808296,0.164936,0.026768,0.718450645564
606000,0.808808,0.164488,0.026704,0.71928363182
607000,0.809544,0.16392,0.026536,0.718034152436
608000,0.810272,0.163288,0.02644,0.719908371512
609000,0.810704,0.162904,0.026392,0.720741357768
610000,0.811424,0.162304,0.026272,0.721782590587
611000,0.812064,0.161808,0.026128,0.721782590587
612000,0.812592,0.161328,0.02608,0.721782590587
613000,0.813288,0.160688,0.026024,0.722615576843
614000,0.813656,0.160392,0.025952,0.724281549354
615000,0.814168,0.159928,0.025904,0.723032069971
616000,0.814648,0.159552,0.0258,0.72511453561
617000,0.815136,0.159112,0.025752,0.72615576843
618000,0.815696,0.158608,0.025696,0.724906289046
619000,0.816336,0.158048,0.025616,0.725322782174
620000,0.81704,0.157408,0.025552,0.723448563099
621000,0.817672,0.156904,0.025424,0.725947521866
622000,0.818296,0.156408,0.025296,0.728029987505
623000,0.818936,0.15588,0.025184,0.731778425656
624000,0.819488,0.155368,0.025144,0.732403165348
625000,0.820104,0.154832,0.025064,0.734485630987
626000,0.820664,0.154376,0.02496,0.734902124115
627000,0.8212,0.153864,0.024936,0.736359850062
628000,0.82172,0.153472,0.024808,0.737401082882
629000,0.822232,0.153016,0.024752,0.739483548521
630000,0.822592,0.152648,0.02476,0.739483548521
631000,0.823232,0.15204,0.024728,0.739275301958
632000,0.823808,0.151488,0.024704,0.739691795085
633000,0.824448,0.150928,0.024624,0.739900041649
634000,0.824992,0.15048,0.024528,0.7436484798
635000,0.825768,0.149768,0.024464,0.744064972928
636000,0.826552,0.149008,0.02444,0.744273219492
637000,0.82704,0.148576,0.024384,0.742815493544
638000,0.827624,0.148096,0.02428,0.742815493544
639000,0.828336,0.147456,0.024208,0.743231986672
640000,0.828824,0.147072,0.024104,0.744064972928
641000,0.829672,0.146272,0.024056,0.745314452312
642000,0.830456,0.145568,0.023976,0.746147438567
643000,0.830848,0.145264,0.023888,0.745939192003
644000,0.831416,0.144744,0.02384,0.745522698875
645000,0.831792,0.144456,0.023752,0.747188671387
646000,0.832312,0.143936,0.023752,0.747605164515
647000,0.832848,0.14348,0.023672,0.749895876718
648000,0.83344,0.142952,0.023608,0.74947938359
649000,0.834,0.142528,0.023472,0.75052061641
650000,0.83464,0.142,0.02336,0.749062890462
651000,0.835304,0.141432,0.023264,0.748229904207
652000,0.835744,0.141104,0.023152,0.74947938359
653000,0.836368,0.140568,0.023064,0.749687630154
654000,0.837152,0.13992,0.022928,0.752394835485
655000,0.83772,0.139376,0.022904,0.752811328613
656000,0.838312,0.138928,0.02276,0.753019575177
657000,0.839152,0.138184,0.022664,0.754269054561
658000,0.839816,0.137528,0.022656,0.755935027072
659000,0.840528,0.136864,0.022608,0.757184506456
660000,0.840968,0.136464,0.022568,0.75739275302
661000,0.84136,0.13616,0.02248,0.75739275302
662000,0.841896,0.135744,0.02236,0.758642232403
663000,0.84252,0.13516,0.02232,0.75739275302
664000,0.843064,0.134696,0.02224,0.757809246147
665000,0.843672,0.134192,0.022136,0.757809246147
666000,0.844336,0.133624,0.02204,0.756768013328
667000,0.844784,0.13324,0.021976,0.756143273636
668000,0.84532,0.13268,0.022,0.755726780508
669000,0.845784,0.132232,0.021984,0.755726780508
670000,0.846208,0.131912,0.02188,0.75531028738
671000,0.8468,0.131416,0.021784,0.755935027072
672000,0.847472,0.13084,0.021688,0.757809246147
673000,0.848024,0.130368,0.021608,0.755935027072
674000,0.848656,0.12976,0.021584,0.755518533944
675000,0.849432,0.12904,0.021528,0.757184506456
676000,0.849936,0.128648,0.021416,0.758225739275
677000,0.850584,0.12804,0.021376,0.759475218659
678000,0.851168,0.127456,0.021376,0.760724698042
679000,0.851728,0.126992,0.02128,0.761557684298
680000,0.8522,0.12652,0.02128,0.761974177426
681000,0.852712,0.126016,0.021272,0.761765930862
682000,0.853296,0.125512,0.021192,0.760932944606
683000,0.853832,0.125016,0.021152,0.76218242399
684000,0.854328,0.124576,0.021096,0.761557684298
685000,0.854512,0.124352,0.021136,0.761349437734
686000,0.854936,0.123992,0.021072,0.76218242399
687000,0.855272,0.123616,0.021112,0.759683465223
688000,0.855808,0.1232,0.020992,0.762598917118
689000,0.85612,0.122864,0.021016,0.76218242399
690000,0.856584,0.122456,0.02096,0.764473136193
691000,0.856976,0.12212,0.020904,0.764889629321
692000,0.85756,0.121672,0.020768,0.765514369013
693000,0.857992,0.121248,0.02076,0.765930862141
694000,0.858504,0.1208,0.020696,0.7690545606
695000,0.85924,0.120168,0.020592,0.769262807164
696000,0.85968,0.119752,0.020568,0.768846314036
697000,0.860216,0.119336,0.020448,0.770095793419
698000,0.860736,0.118984,0.02028,0.770928779675
699000,0.861216,0.118584,0.0202,0.771137026239
700000,0.861664,0.118096,0.02024,0.771137026239
701000,0.862288,0.117552,0.02016,0.772594752187
702000,0.862752,0.117112,0.020136,0.774260724698
703000,0.863144,0.116768,0.020088,0.775510204082
704000,0.863632,0.116288,0.02008,0.775510204082
705000,0.864424,0.115592,0.019984,0.775301957518
706000,0.86484,0.115208,0.019952,0.774468971262
707000,0.865528,0.114536,0.019936,0.775093710954
708000,0.865992,0.114112,0.019896,0.77384423157
709000,0.86672,0.113488,0.019792,0.776343190337
710000,0.867264,0.113056,0.01968,0.778842149105
711000,0.867624,0.112736,0.01964,0.779258642232
712000,0.868072,0.112392,0.019536,0.781341107872
713000,0.868528,0.111976,0.019496,0.780924614744
714000,0.86908,0.111496,0.019424,0.781132861308
715000,0.869512,0.111168,0.01932,0.782382340691
716000,0.869944,0.110704,0.019352,0.782174094127
717000,0.87052,0.110168,0.019312,0.783423573511
718000,0.870896,0.109808,0.019296,0.782798833819
719000,0.871424,0.109408,0.019168,0.784673052895
720000,0.871928,0.108936,0.019136,0.785089546022
721000,0.872696,0.108216,0.019088,0.785922532278
722000,0.873208,0.107792,0.019,0.787796751354
723000,0.873528,0.10756,0.018912,0.787172011662
724000,0.874032,0.107152,0.018816,0.789462723865
725000,0.874488,0.106736,0.018776,0.793002915452
726000,0.87508,0.106128,0.018792,0.793627655144
727000,0.87548,0.105832,0.018688,0.794460641399
728000,0.87616,0.105296,0.018544,0.797167846731
729000,0.876776,0.104728,0.018496,0.798833819242
730000,0.877248,0.104304,0.018448,0.799042065806
731000,0.877888,0.103776,0.018336,0.800708038317
732000,0.878304,0.10344,0.018256,0.801541024573
733000,0.87876,0.103072,0.018168,0.801957517701
734000,0.879096,0.102776,0.018128,0.801957517701
735000,0.879352,0.102544,0.018104,0.802165764265
736000,0.879904,0.102048,0.018048,0.802998750521
737000,0.880512,0.101504,0.017984,0.804248229904
738000,0.880944,0.101088,0.017968,0.805289462724
739000,0.881488,0.100584,0.017928,0.804456476468
740000,0.881848,0.100376,0.017776,0.807371928363
741000,0.882296,0.099936,0.017768,0.808621407747
742000,0.882864,0.099416,0.01772,0.808621407747
743000,0.883344,0.098992,0.017664,0.809037900875
744000,0.883688,0.098568,0.017744,0.810287380258
745000,0.884096,0.098216,0.017688,0.810287380258
746000,0.884544,0.097864,0.017592,0.810703873386
747000,0.88504,0.09748,0.01748,0.809037900875
748000,0.885616,0.097032,0.017352,0.811536859642
749000,0.886088,0.096672,0.01724,0.812994585589
750000,0.886512,0.096256,0.017232,0.813827571845
751000,0.886976,0.095808,0.017216,0.816534777176
752000,0.887768,0.095104,0.017128,0.817159516868
753000,0.88824,0.094696,0.017064,0.817992503124
754000,0.888608,0.094376,0.017016,0.817576009996
755000,0.88912,0.09392,0.01696,0.817992503124
756000,0.889664,0.093384,0.016952,0.816326530612
757000,0.89008,0.09296,0.01696,0.815910037484
758000,0.890368,0.092744,0.016888,0.815910037484
759000,0.890848,0.092336,0.016816,0.814868804665
760000,0.891256,0.091984,0.01676,0.81570179092
761000,0.89168,0.091616,0.016704,0.819033735943
762000,0.892056,0.091256,0.016688,0.817367763432
763000,0.892696,0.090712,0.016592,0.81674302374
764000,0.893128,0.090296,0.016576,0.818200749688
765000,0.893584,0.089904,0.016512,0.818825489379
766000,0.894072,0.089432,0.016496,0.818825489379
767000,0.8944,0.08916,0.01644,0.819450229071
768000,0.894832,0.088816,0.016352,0.820283215327
769000,0.895312,0.088464,0.016224,0.821116201583
770000,0.895808,0.088032,0.01616,0.822157434402
771000,0.896216,0.087672,0.016112,0.822157434402
772000,0.896664,0.08728,0.016056,0.820699708455
773000,0.89704,0.086952,0.016008,0.820074968763
774000,0.8974,0.086648,0.015952,0.820699708455
775000,0.897776,0.086336,0.015888,0.825697625989
776000,0.898336,0.085832,0.015832,0.827363598501
777000,0.8988,0.085424,0.015776,0.827155351937
778000,0.899392,0.085,0.015608,0.826322365681
779000,0.899872,0.08452,0.015608,0.829237817576
780000,0.900104,0.084376,0.01552,0.832153269471
781000,0.900408,0.084072,0.01552,0.832986255727
782000,0.900936,0.083608,0.015456,0.834860474802
783000,0.901368,0.083256,0.015376,0.835693461058
784000,0.90184,0.082904,0.015256,0.836942940441
785000,0.902344,0.082488,0.015168,0.836942940441
786000,0.902784,0.082112,0.015104,0.837359433569
787000,0.903192,0.081752,0.015056,0.837359433569
788000,0.903576,0.081432,0.014992,0.837359433569
789000,0.904024,0.081024,0.014952,0.837567680133
790000,0.90452,0.080568,0.014912,0.837567680133
791000,0.90496,0.080232,0.014808,0.839025406081
792000,0.905512,0.079744,0.014744,0.839025406081
793000,0.905896,0.07936,0.014744,0.838608912953
794000,0.906112,0.07912,0.014768,0.840274885464
795000,0.906504,0.078752,0.014744,0.841316118284
796000,0.906848,0.078448,0.014704,0.842773844232
797000,0.907312,0.078024,0.014664,0.842565597668
798000,0.90772,0.077664,0.014616,0.842357351104
799000,0.90816,0.07732,0.01452,0.842982090796
800000,0.90856,0.07704,0.0144,0.842357351104
801000,0.908992,0.076664,0.014344,0.84214910454
802000,0.909176,0.076496,0.014328,0.841732611412
803000,0.909664,0.076072,0.014264,0.843190337359
804000,0.91004,0.075784,0.014176,0.844023323615
805000,0.910336,0.075576,0.014088,0.844648063307
806000,0.910856,0.075168,0.013976,0.846730528946
807000,0.911352,0.07472,0.013928,0.848604748022
808000,0.911816,0.074272,0.013912,0.850687213661
809000,0.912232,0.073912,0.013856,0.8527696793
810000,0.912568,0.073568,0.013864,0.851936693045
811000,0.912848,0.073328,0.013824,0.853394418992
812000,0.913216,0.072968,0.013816,0.853602665556
813000,0.913544,0.07268,0.013776,0.854227405248
814000,0.913928,0.07232,0.013752,0.854643898376
815000,0.914288,0.071992,0.01372,0.855476884631
816000,0.91468,0.071584,0.013736,0.855476884631
817000,0.915184,0.07112,0.013696,0.855893377759
818000,0.915592,0.0708,0.013608,0.859225322782
819000,0.915896,0.070552,0.013552,0.85964181591
820000,0.916232,0.070304,0.013464,0.862140774677
821000,0.916616,0.06996,0.013424,0.861516034985
822000,0.916944,0.06964,0.013416,0.862557267805
823000,0.91724,0.069312,0.013448,0.862973760933
824000,0.91764,0.069016,0.013344,0.863806747189
825000,0.917936,0.06872,0.013344,0.864639733444
826000,0.91828,0.068408,0.013312,0.863806747189
827000,0.918592,0.068128,0.01328,0.865056226572
828000,0.918824,0.06792,0.013256,0.865056226572
829000,0.919224,0.067552,0.013224,0.865056226572
830000,0.91964,0.067128,0.013232,0.865889212828
831000,0.919992,0.066816,0.013192,0.865889212828
832000,0.920312,0.066512,0.013176,0.864639733444
