1000,0.336128,0.333408,0.330464,0.348604748022
2000,0.338752,0.332552,0.328696,0.347147022074
3000,0.341704,0.331592,0.326704,0.34693877551
4000,0.344528,0.330648,0.324824,0.34902124115
5000,0.34728,0.32952,0.3232,0.351936693045
6000,0.349752,0.328696,0.321552,0.350687213661
7000,0.35256,0.327752,0.319688,0.35381091212
8000,0.355552,0.326728,0.31772,0.35485214494
9000,0.358136,0.325656,0.316208,0.35485214494
10000,0.36064,0.324664,0.314696,0.356934610579
11000,0.36308,0.323848,0.313072,0.35485214494
12000,0.365808,0.322536,0.311656,0.355476884631
13000,0.368616,0.321488,0.309896,0.355476884631
14000,0.371216,0.320736,0.308048,0.356309870887
15000,0.373904,0.319528,0.306568,0.358392336526
16000,0.376704,0.318616,0.30468,0.357142857143
17000,0.379208,0.31768,0.303112,0.359433569346
18000,0.381936,0.316672,0.301392,0.35860058309
19000,0.384944,0.3156,0.299456,0.360266555602
20000,0.387424,0.314792,0.297784,0.360266555602
21000,0.390072,0.313808,0.29612,0.361932528113
22000,0.392968,0.312656,0.294376,0.365264473136
23000,0.395656,0.311752,0.292592,0.36443148688
24000,0.398176,0.310816,0.291008,0.367138692212
25000,0.400824,0.309792,0.289384,0.369637650979
26000,0.40368,0.30868,0.28764,0.368596418159
27000,0.406344,0.307688,0.285968,0.369012911287
28000,0.408976,0.306528,0.284496,0.369429404415
29000,0.41164,0.305376,0.282984,0.369637650979
30000,0.414088,0.304432,0.28148,0.370054144107
31000,0.416768,0.303664,0.279568,0.370054144107
32000,0.419336,0.302704,0.27796,0.372553102874
33000,0.42192,0.301616,0.276464,0.372553102874
34000,0.424584,0.30076,0.274656,0.374635568513
35000,0.427512,0.299304,0.273184,0.376093294461
36000,0.430128,0.298056,0.271816,0.376509787589
37000,0.432912,0.296864,0.270224,0.377551020408
38000,0.435408,0.295904,0.268688,0.377551020408
39000,0.438216,0.2948,0.266984,0.377342773844
40000,0.440712,0.29388,0.265408,0.377759266972
41000,0.443576,0.292712,0.263712,0.375260308205
42000,0.445952,0.291808,0.26224,0.375260308205
43000,0.448616,0.29052,0.260864,0.374635568513
44000,0.451368,0.289336,0.259296,0.372969596002
45000,0.454176,0.288208,0.257616,0.374427321949
46000,0.45712,0.286968,0.255912,0.374219075385
47000,0.459832,0.285688,0.25448,0.375260308205
48000,0.462624,0.28448,0.252896,0.377342773844
49000,0.465224,0.28324,0.251536,0.378592253228
50000,0.467664,0.282104,0.250232,0.379633486047
51000,0.470504,0.280816,0.24868,0.379425239484
52000,0.472976,0.27976,0.247264,0.379841732611
53000,0.47528,0.27892,0.2458,0.381924198251
54000,0.477992,0.277592,0.244416,0.38400666389
55000,0.480288,0.276856,0.242856,0.384631403582
56000,0.482536,0.275704,0.24176,0.385880882965
57000,0.485072,0.274552,0.240376,0.387755102041
58000,0.4876,0.273792,0.238608,0.38879633486
59000,0.489952,0.272904,0.237144,0.389421074552
60000,0.492656,0.271632,0.235712,0.392753019575
61000,0.494976,0.270696,0.234328,0.394835485214
62000,0.497488,0.269544,0.232968,0.396084964598
63000,0.499872,0.268544,0.231584,0.39775093711
64000,0.5022,0.267352,0.230448,0.397334443982
65000,0.504528,0.266296,0.229176,0.395876718034
66000,0.50688,0.265312,0.227808,0.396917950854
67000,0.509408,0.264232,0.22636,0.39775093711
68000,0.51172,0.263288,0.224992,0.400458142441
69000,0.514008,0.26224,0.223752,0.402332361516
70000,0.516424,0.261424,0.222152,0.4035818409
71000,0.518624,0.260592,0.220784,0.404206580591
72000,0.521112,0.2596,0.219288,0.40733027905
73000,0.523464,0.258624,0.217912,0.408788004998
74000,0.525904,0.257488,0.216608,0.408788004998
75000,0.52828,0.256456,0.215264,0.40733027905
76000,0.530504,0.255608,0.213888,0.410453977509
77000,0.53292,0.254568,0.212512,0.411078717201
78000,0.535144,0.253568,0.211288,0.414827155352
79000,0.537448,0.252528,0.210024,0.418159100375
80000,0.539728,0.251552,0.20872,0.42003331945
81000,0.541872,0.250536,0.207592,0.42107455227
82000,0.544256,0.2494,0.206344,0.421907538526
83000,0.546496,0.248352,0.205152,0.422740524781
84000,0.548552,0.247352,0.204096,0.424406497293
85000,0.55088,0.246512,0.202608,0.427113702624
86000,0.553152,0.245504,0.201344,0.429404414827
87000,0.555384,0.24444,0.200176,0.431070387339
88000,0.557728,0.243472,0.1988,0.433985839234
89000,0.560144,0.242336,0.19752,0.433985839234
90000,0.562328,0.241296,0.196376,0.434402332362
91000,0.564376,0.240544,0.19508,0.436484798001
92000,0.566576,0.239632,0.193792,0.438150770512
93000,0.56856,0.238624,0.192816,0.437317784257
94000,0.570896,0.237376,0.191728,0.441690962099
95000,0.573064,0.236352,0.190584,0.442107455227
96000,0.575304,0.235104,0.189592,0.443773427738
97000,0.57776,0.233824,0.188416,0.446064139942
98000,0.580032,0.232752,0.187216,0.448354852145
99000,0.582232,0.23168,0.186088,0.449396084965
100000,0.584368,0.23068,0.184952,0.448979591837
101000,0.585992,0.230096,0.183912,0.449812578092
102000,0.588008,0.229208,0.182784,0.453144523115
103000,0.589896,0.228216,0.181888,0.453769262807
104000,0.592304,0.227112,0.180584,0.454810495627
105000,0.59444,0.225968,0.179592,0.454810495627
106000,0.59664,0.225048,0.178312,0.457725947522
107000,0.598744,0.223896,0.17736,0.458975426905
108000,0.600872,0.222888,0.17624,0.459600166597
109000,0.603008,0.221808,0.175184,0.458975426905
110000,0.605072,0.2208,0.174128,0.459391920033
111000,0.606856,0.220008,0.173136,0.458767180342
112000,0.608896,0.218752,0.172352,0.460016659725
113000,0.61088,0.217776,0.171344,0.461474385673
114000,0.61272,0.216928,0.170352,0.461266139109
115000,0.614592,0.216128,0.16928,0.460641399417
116000,0.616432,0.21524,0.168328,0.461682632237
117000,0.6184,0.214344,0.167256,0.4618908788
118000,0.620328,0.213424,0.166248,0.464389837568
119000,0.622312,0.212368,0.16532,0.467513536027
120000,0.624416,0.2114,0.164184,0.469596001666
121000,0.626352,0.21044,0.163208,0.472719700125
122000,0.628208,0.209568,0.162224,0.475218658892
123000,0.630424,0.208528,0.161048,0.476259891712
124000,0.63236,0.207584,0.160056,0.478134110787
125000,0.634264,0.20656,0.159176,0.479591836735
126000,0.636072,0.205776,0.158152,0.483132028322
127000,0.637984,0.204832,0.157184,0.485214493961
128000,0.639816,0.203808,0.156376,0.489795918367
129000,0.641584,0.202984,0.155432,0.490212411495
130000,0.643512,0.201968,0.15452,0.491461890879
131000,0.645336,0.20112,0.153544,0.494585589338
132000,0.647144,0.200336,0.15252,0.496876301541
133000,0.649136,0.199344,0.15152,0.497917534361
134000,0.651008,0.198616,0.150376,0.496459808413
135000,0.65276,0.197648,0.149592,0.499167013744
136000,0.654568,0.196896,0.148536,0.499583506872
137000,0.656128,0.196112,0.14776,0.501249479384
138000,0.657952,0.195256,0.146792,0.503123698459
139000,0.659776,0.194264,0.14596,0.50478967097
140000,0.661536,0.193432,0.145032,0.505206164098
141000,0.663528,0.192488,0.143984,0.509162848813
142000,0.665248,0.191504,0.143248,0.513744273219
143000,0.667064,0.190544,0.142392,0.515201999167
144000,0.668984,0.189496,0.14152,0.517076218242
145000,0.670624,0.188728,0.140648,0.523115368596
146000,0.672216,0.187896,0.139888,0.526030820491
147000,0.673728,0.187136,0.139136,0.528529779259
148000,0.675552,0.186192,0.138256,0.533111203665
149000,0.677112,0.185568,0.13732,0.534985422741
150000,0.678672,0.184784,0.136544,0.539150354019
151000,0.680552,0.183656,0.135792,0.542065805914
152000,0.682144,0.182752,0.135104,0.542482299042
153000,0.683704,0.181984,0.134312,0.541024573095
154000,0.685344,0.18112,0.133536,0.543731778426
155000,0.687016,0.180128,0.132856,0.544981257809
156000,0.688488,0.179368,0.132144,0.545814244065
157000,0.690288,0.178384,0.131328,0.548104956268
158000,0.692008,0.177416,0.130576,0.550187421908
159000,0.69376,0.176672,0.129568,0.552478134111
160000,0.695488,0.17572,0.128792,0.55351936693
161000,0.696872,0.175136,0.127992,0.553935860058
162000,0.698424,0.174272,0.127304,0.557267805081
163000,0.700216,0.17336,0.126424,0.559975010412
164000,0.701568,0.17264,0.125792,0.56247396918
165000,0.70312,0.171768,0.125112,0.565597667638
166000,0.704576,0.171056,0.124368,0.56622240733
167000,0.706184,0.1702,0.123616,0.56726364015
168000,0.707472,0.169424,0.123104,0.567680133278
169000,0.709152,0.168472,0.122376,0.568513119534
170000,0.711048,0.167456,0.121496,0.567680133278
171000,0.71288,0.166496,0.120624,0.569970845481
172000,0.714232,0.16584,0.119928,0.570179092045
173000,0.715792,0.164992,0.119216,0.57205331112
174000,0.717416,0.164008,0.118576,0.574760516451
175000,0.718944,0.163208,0.117848,0.578508954602
176000,0.720376,0.16228,0.117344,0.579550187422
177000,0.721848,0.16164,0.116512,0.580799666805
178000,0.723728,0.160784,0.115488,0.588296543107
179000,0.725264,0.159896,0.11484,0.590795501874
180000,0.726872,0.15912,0.114008,0.591420241566
181000,0.728176,0.158472,0.113352,0.59162848813
182000,0.729576,0.1576,0.112824,0.593086214077
183000,0.730976,0.156904,0.11212,0.594960433153
184000,0.732448,0.156136,0.111416,0.595168679717
185000,0.733616,0.155576,0.110808,0.595793419409
186000,0.735056,0.154832,0.110112,0.59850062474
187000,0.736584,0.154024,0.109392,0.600374843815
188000,0.737864,0.15316,0.108976,0.603915035402
189000,0.739264,0.152344,0.108392,0.60329029571
190000,0.740776,0.151448,0.107776,0.604539775094
191000,0.742312,0.150736,0.106952,0.607455226989
192000,0.743848,0.14992,0.106232,0.607455226989
193000,0.745192,0.149128,0.10568,0.608288213244
194000,0.746664,0.148352,0.104984,0.611828404831
195000,0.747952,0.147616,0.104432,0.612869637651
196000,0.749336,0.146832,0.103832,0.613910870471
197000,0.750696,0.146056,0.103248,0.613910870471
198000,0.75196,0.145336,0.102704,0.617242815494
199000,0.753264,0.144608,0.102128,0.618284048313
200000,0.754744,0.1438,0.101456,0.619950020825
201000,0.75592,0.143136,0.100944,0.626197417743
202000,0.757448,0.14236,0.100192,0.627863390254
203000,0.758712,0.141584,0.099704,0.629112869638
204000,0.759912,0.141,0.099088,0.630987088713
205000,0.761152,0.140336,0.098512,0.631820074969
206000,0.762512,0.139624,0.097864,0.633277800916
207000,0.763672,0.139072,0.097256,0.635985006247
208000,0.764864,0.138344,0.096792,0.636401499375
209000,0.7662,0.137616,0.096184,0.635776759683
210000,0.767304,0.137016,0.09568,0.637234485631
211000,0.76876,0.136216,0.095024,0.639108704706
212000,0.770016,0.135512,0.094472,0.642024156601
213000,0.771328,0.134632,0.09404,0.643481882549
214000,0.772504,0.13408,0.093416,0.644939608496
215000,0.774008,0.133264,0.092728,0.647438567264
216000,0.77528,0.13252,0.0922,0.649312786339
217000,0.77688,0.131616,0.091504,0.649937526031
218000,0.778192,0.130936,0.090872,0.650770512287
219000,0.77928,0.13024,0.09048,0.651811745106
220000,0.780472,0.129672,0.089856,0.651811745106
221000,0.781648,0.129112,0.08924,0.653477717618
222000,0.78264,0.128568,0.088792,0.653269471054
223000,0.7836,0.127984,0.088416,0.654310703873
224000,0.784848,0.127264,0.087888,0.654310703873
225000,0.786024,0.126664,0.087312,0.655976676385
226000,0.787104,0.126136,0.08676,0.655768429821
227000,0.788368,0.125344,0.086288,0.656809662641
228000,0.789448,0.124704,0.085848,0.65889212828
229000,0.790472,0.124176,0.085352,0.659100374844
230000,0.791704,0.123536,0.08476,0.659100374844
231000,0.792888,0.12288,0.084232,0.659725114536
232000,0.794008,0.122208,0.083784,0.661599333611
233000,0.795128,0.121568,0.083304,0.662015826739
234000,0.79608,0.121096,0.082824,0.663890045814
235000,0.79716,0.120464,0.082376,0.663890045814
236000,0.798192,0.119904,0.081904,0.666180758017
237000,0.799328,0.119256,0.081416,0.668887963349
238000,0.800496,0.11852,0.080984,0.671386922116
239000,0.801448,0.11804,0.080512,0.672428154935
240000,0.802464,0.117552,0.079984,0.673261141191
241000,0.803736,0.116752,0.079512,0.676176593086
242000,0.8048,0.116096,0.079104,0.676801332778
243000,0.80596,0.115432,0.078608,0.675760099958
244000,0.806824,0.114872,0.078304,0.67742607247
245000,0.807744,0.114328,0.077928,0.67742607247
246000,0.808888,0.113616,0.077496,0.679716784673
247000,0.810032,0.113,0.076968,0.680133277801
248000,0.81116,0.112424,0.076416,0.682423990004
249000,0.812256,0.111808,0.075936,0.685131195335
250000,0.813168,0.111296,0.075536,0.685131195335
251000,0.814208,0.110696,0.075096,0.687213660975
252000,0.815272,0.110112,0.074616,0.688671386922
253000,0.816368,0.10948,0.074152,0.69012911287
254000,0.817248,0.108936,0.073816,0.692419825073
255000,0.818256,0.108384,0.07336,0.693461057893
256000,0.819216,0.107856,0.072928,0.696168263224
257000,0.82048,0.107112,0.072408,0.697625989171
258000,0.8216,0.106472,0.071928,0.701374427322
259000,0.822696,0.105864,0.07144,0.703456892961
260000,0.823664,0.105392,0.070944,0.705747605165
261000,0.824616,0.104752,0.070632,0.705747605165
262000,0.825592,0.1042,0.070208,0.707830070804
263000,0.826632,0.103592,0.069776,0.709079550187
264000,0.827536,0.10312,0.069344,0.713036234902
265000,0.828488,0.102648,0.068864,0.71449396085
266000,0.82936,0.102096,0.068544,0.714077467722
267000,0.830328,0.10144,0.068232,0.716159933361
268000,0.8314,0.100912,0.067688,0.717201166181
269000,0.832488,0.100272,0.06724,0.717825905873
270000,0.83352,0.09956,0.06692,0.72032486464
271000,0.834488,0.099008,0.066504,0.722615576843
272000,0.835456,0.098392,0.066152,0.724489795918
273000,0.836512,0.097736,0.065752,0.725739275302
274000,0.837528,0.097224,0.065248,0.727613494377
275000,0.83856,0.096696,0.064744,0.7309454394
276000,0.839472,0.096224,0.064304,0.733444398167
277000,0.840616,0.095496,0.063888,0.734902124115
278000,0.841576,0.094984,0.06344,0.735943356935
279000,0.842352,0.094656,0.062992,0.736984589754
280000,0.843232,0.094136,0.062632,0.738442315702
281000,0.844296,0.093472,0.062232,0.739900041649
282000,0.84512,0.093008,0.061872,0.742399000416
283000,0.845952,0.092568,0.06148,0.744481466056
284000,0.846768,0.092048,0.061184,0.744064972928
285000,0.847632,0.091528,0.06084,0.742399000416
286000,0.848552,0.09096,0.060488,0.743440233236
287000,0.849552,0.090432,0.060016,0.74468971262
288000,0.850472,0.089864,0.059664,0.747188671387
289000,0.851304,0.089408,0.059288,0.748021657643
290000,0.852088,0.088984,0.058928,0.750104123282
291000,0.852888,0.088504,0.058608,0.750937109538
292000,0.853648,0.088024,0.058328,0.750312369846
293000,0.85448,0.087592,0.057928,0.752811328613
294000,0.855344,0.087104,0.057552,0.753019575177
295000,0.856208,0.086672,0.05712,0.753644314869
296000,0.857168,0.086096,0.056736,0.75531028738
297000,0.857896,0.08568,0.056424,0.75531028738
298000,0.85868,0.085288,0.056032,0.755518533944
299000,0.859392,0.084864,0.055744,0.755935027072
300000,0.860008,0.084528,0.055464,0.757600999584
301000,0.860912,0.083992,0.055096,0.758433985839
302000,0.861672,0.083528,0.0548,0.758850478967
303000,0.862488,0.08308,0.054432,0.758433985839
304000,0.863288,0.082656,0.054056,0.760099958351
305000,0.864184,0.08204,0.053776,0.761557684298
306000,0.864944,0.081632,0.053424,0.762390670554
307000,0.865808,0.080976,0.053216,0.761974177426
308000,0.866568,0.080528,0.052904,0.763015410246
309000,0.8672,0.080128,0.052672,0.763015410246
310000,0.86808,0.079608,0.052312,0.764889629321
311000,0.868808,0.07924,0.051952,0.766555601833
312000,0.869608,0.078752,0.05164,0.766347355269
313000,0.870448,0.078224,0.051328,0.767180341524
314000,0.871264,0.07772,0.051016,0.768429820908
315000,0.871872,0.077384,0.050744,0.769262807164
316000,0.872608,0.076976,0.050416,0.770512286547
317000,0.873488,0.076456,0.050056,0.771553519367
318000,0.874264,0.076,0.049736,0.773635985006
319000,0.874968,0.075624,0.049408,0.773427738442
320000,0.875704,0.075192,0.049104,0.774260724698
321000,0.876408,0.0748,0.048792,0.775926697209
322000,0.877192,0.074472,0.048336,0.779466888796
323000,0.877888,0.074072,0.04804,0.779883381924
324000,0.878664,0.073664,0.047672,0.78071636818
325000,0.879224,0.073424,0.047352,0.781549354436
326000,0.879848,0.073032,0.04712,0.783215326947
327000,0.88052,0.072712,0.046768,0.783215326947
328000,0.881072,0.072376,0.046552,0.78550603915
329000,0.881888,0.07192,0.046192,0.788837984173
330000,0.882544,0.071568,0.045888,0.790503956685
331000,0.883128,0.071224,0.045648,0.790712203249
332000,0.883824,0.070816,0.04536,0.791545189504
333000,0.884376,0.070544,0.04508,0.793211162016
334000,0.885216,0.070128,0.044656,0.796126613911
335000,0.885936,0.069752,0.044312,0.795918367347
336000,0.886624,0.069352,0.044024,0.798000832986
337000,0.887096,0.069112,0.043792,0.798000832986
338000,0.887544,0.068888,0.043568,0.797584339858
339000,0.888168,0.068536,0.043296,0.799042065806
340000,0.8888,0.068216,0.042984,0.799875052062
341000,0.889312,0.067896,0.042792,0.801332778009
342000,0.89004,0.067496,0.042464,0.802998750521
343000,0.890744,0.067096,0.04216,0.804664723032
344000,0.891336,0.066736,0.041928,0.805497709288
345000,0.892088,0.066272,0.04164,0.805497709288
346000,0.892816,0.065888,0.041296,0.805914202416
347000,0.89332,0.065656,0.041024,0.805914202416
348000,0.893984,0.065336,0.04068,0.807996668055
349000,0.894704,0.064872,0.040424,0.807996668055
350000,0.895256,0.064536,0.040208,0.80987088713
351000,0.895768,0.064216,0.040016,0.812161599334
352000,0.896328,0.063872,0.0398,0.812994585589
353000,0.897184,0.063328,0.039488,0.816326530612
354000,0.897704,0.063064,0.039232,0.817159516868
355000,0.898488,0.062656,0.038856,0.818617242815
356000,0.89904,0.062352,0.038608,0.819450229071
357000,0.899616,0.06196,0.038424,0.820074968763
358000,0.900312,0.061592,0.038096,0.821324448147
359000,0.900936,0.061176,0.037888,0.821324448147
360000,0.901648,0.060736,0.037616,0.824031653478
361000,0.9022,0.06036,0.03744,0.824864639733
362000,0.902808,0.059976,0.037216,0.825697625989
363000,0.903448,0.059528,0.037024,0.826114119117
364000,0.903976,0.059216,0.036808,0.82840483132
365000,0.904608,0.058752,0.03664,0.828613077884
366000,0.905232,0.058304,0.036464,0.83048729696
367000,0.905632,0.058096,0.036272,0.83048729696
368000,0.906104,0.057824,0.036072,0.83048729696
369000,0.906752,0.057416,0.035832,0.832153269471
370000,0.907336,0.05712,0.035544,0.83423573511
371000,0.907792,0.056896,0.035312,0.83423573511
372000,0.908424,0.056592,0.034984,0.835068721366
373000,0.909,0.05624,0.03476,0.834860474802
374000,0.909472,0.055968,0.03456,0.835693461058
375000,0.909984,0.055664,0.034352,0.835693461058
376000,0.910624,0.055256,0.03412,0.836942940441
377000,0.91124,0.054864,0.033896,0.836942940441
378000,0.911864,0.05452,0.033616,0.837359433569
379000,0.912376,0.054232,0.033392,0.839025406081
380000,0.912912,0.053928,0.03316,0.839441899209
381000,0.913456,0.053576,0.032968,0.841940857976
382000,0.913928,0.053272,0.0328,0.843190337359
383000,0.914472,0.052912,0.032616,0.843398583923
384000,0.914968,0.052656,0.032376,0.843398583923
385000,0.915584,0.052256,0.03216,0.844648063307
386000,0.91612,0.051904,0.031976,0.844648063307
387000,0.916664,0.051608,0.031728,0.844648063307
388000,0.91716,0.051328,0.031512,0.845897542691
389000,0.91768,0.050984,0.031336,0.846105789254
390000,0.918224,0.050656,0.03112,0.847355268638
391000,0.918624,0.050336,0.03104,0.847355268638
392000,0.919136,0.050048,0.030816,0.84902124115
393000,0.9196,0.049768,0.030632,0.84902124115
394000,0.920032,0.049528,0.03044,0.850478967097
395000,0.920552,0.049136,0.030312,0.850687213661
396000,0.921072,0.048856,0.030072,0.851520199917
397000,0.921552,0.048512,0.029936,0.851520199917
398000,0.922024,0.048248,0.029728,0.854435651812
399000,0.922384,0.047976,0.02964,0.855268638067
400000,0.922648,0.047848,0.029504,0.855268638067
401000,0.923224,0.047432,0.029344,0.857559350271
402000,0.923624,0.047248,0.029128,0.857559350271
403000,0.924072,0.04692,0.029008,0.857142857143
404000,0.924536,0.046664,0.0288,0.856726364015
405000,0.924936,0.046432,0.028632,0.856518117451
406000,0.92524,0.046248,0.028512,0.856518117451
407000,0.925672,0.046024,0.028304,0.856101624323
408000,0.92616,0.045768,0.028072,0.856101624323
409000,0.9266,0.04556,0.02784,0.856934610579
410000,0.927144,0.045296,0.02756,0.857351103707
411000,0.927624,0.044976,0.0274,0.857975843399
412000,0.927888,0.044848,0.027264,0.85860058309
413000,0.92836,0.044496,0.027144,0.86068304873
414000,0.928856,0.044128,0.027016,0.86068304873
415000,0.929256,0.04388,0.026864,0.861516034985
416000,0.929672,0.043584,0.026744,0.861516034985
417000,0.930232,0.043312,0.026456,0.862349021241
418000,0.93072,0.043008,0.026272,0.863598500625
419000,0.93124,0.042696,0.026064,0.86651395252
420000,0.931568,0.04244,0.025992,0.867346938776
421000,0.932176,0.04208,0.025744,0.867555185339
422000,0.932688,0.041744,0.025568,0.867971678467
423000,0.93308,0.04148,0.02544,0.868596418159
424000,0.933512,0.041264,0.025224,0.867763431903
425000,0.933944,0.041,0.025056,0.869845897543
426000,0.93432,0.040808,0.024872,0.869845897543
427000,0.934768,0.040576,0.024656,0.873594335693
428000,0.935272,0.040264,0.024464,0.874843815077
429000,0.935744,0.039944,0.024312,0.875676801333
430000,0.93608,0.039704,0.024216,0.875676801333
431000,0.936496,0.039424,0.02408,0.876093294461
432000,0.936848,0.039208,0.023944,0.876093294461
433000,0.93732,0.038944,0.023736,0.876926280716
434000,0.93776,0.03868,0.02356,0.87713452728
435000,0.938136,0.038416,0.023448,0.877551020408
436000,0.938376,0.038264,0.02336,0.878384006664
437000,0.938776,0.038032,0.023192,0.877759266972
438000,0.939184,0.03776,0.023056,0.877759266972
439000,0.939488,0.037576,0.022936,0.877759266972
440000,0.939824,0.037312,0.022864,0.878384006664
441000,0.940344,0.036992,0.022664,0.87921699292
442000,0.940648,0.03684,0.022512,0.87921699292
443000,0.94096,0.036592,0.022448,0.880466472303
444000,0.941288,0.036368,0.022344,0.880466472303
445000,0.9416,0.036144,0.022256,0.881091211995
446000,0.94196,0.035896,0.022144,0.881507705123
447000,0.942424,0.03568,0.021896,0.881507705123
448000,0.942752,0.035552,0.021696,0.882548937943
449000,0.943032,0.035368,0.0216,0.882548937943
450000,0.943336,0.035176,0.021488,0.883798417326
451000,0.943648,0.035008,0.021344,0.884214910454
452000,0.943944,0.034808,0.021248,0.883798417326
453000,0.944336,0.034592,0.021072,0.883798417326
454000,0.944744,0.034296,0.02096,0.884839650146
455000,0.94512,0.034096,0.020784,0.884839650146
456000,0.945448,0.033864,0.020688,0.886505622657
457000,0.945888,0.033608,0.020504,0.886505622657
458000,0.946232,0.0334,0.020368,0.886505622657
459000,0.946544,0.033168,0.020288,0.887338608913
460000,0.946872,0.032976,0.020152,0.889421074552
461000,0.947232,0.032784,0.019984,0.890254060808
462000,0.947528,0.032536,0.019936,0.891087047064
463000,0.947824,0.032408,0.019768,0.892961266139
464000,0.948272,0.032136,0.019592,0.894210745523
465000,0.948528,0.032,0.019472,0.895043731778
466000,0.9488,0.031792,0.019408,0.895043731778
467000,0.949016,0.031704,0.01928,0.895876718034
468000,0.949296,0.031528,0.019176,0.89670970429
469000,0.949552,0.031376,0.019072,0.897542690546
470000,0.949824,0.031216,0.01896,0.898375676801
471000,0.950136,0.031032,0.018832,0.898167430237
472000,0.950568,0.030736,0.018696,0.898792169929
473000,0.950888,0.030536,0.018576,0.899208663057
474000,0.951256,0.030312,0.018432,0.900666389005
475000,0.951584,0.030136,0.01828,0.901082882132
476000,0.951952,0.029904,0.018144,0.901082882132
477000,0.952328,0.02972,0.017952,0.902748854644
478000,0.952672,0.029496,0.017832,0.904414827155
479000,0.952928,0.029352,0.01772,0.905456059975
480000,0.95328,0.02908,0.01764,0.905456059975
481000,0.953552,0.02892,0.017528,0.905872553103
482000,0.95384,0.028776,0.017384,0.905872553103
483000,0.954136,0.028592,0.017272,0.905039566847
484000,0.954432,0.028392,0.017176,0.905872553103
485000,0.954656,0.028272,0.017072,0.906705539359
486000,0.954848,0.028176,0.016976,0.906705539359
487000,0.955064,0.02808,0.016856,0.906705539359
488000,0.955472,0.027856,0.016672,0.906705539359
489000,0.95572,0.02772,0.01656,0.90733027905
490000,0.956104,0.027512,0.016384,0.90733027905
491000,0.9564,0.027312,0.016288,0.90733027905
492000,0.956632,0.027176,0.016192,0.90733027905
493000,0.956864,0.027048,0.016088,0.907746772178
494000,0.957144,0.026888,0.015968,0.907746772178
495000,0.95736,0.026736,0.015904,0.90733027905
496000,0.9576,0.0266,0.0158,0.907746772178
497000,0.957792,0.026496,0.015712,0.908579758434
498000,0.958096,0.026312,0.015592,0.908996251562
499000,0.958344,0.02612,0.015536,0.908996251562
500000,0.958648,0.025856,0.015496,0.908788004998
