1000,0.334753185185,0.331811555556,0.333435259259,0.329254930606
2000,0.334997333333,0.331183407407,0.333819259259,0.329437545654
3000,0.335314962963,0.330586074074,0.334098962963,0.32861577794
4000,0.33568237037,0.329962666667,0.334354962963,0.329437545654
5000,0.336009481481,0.32928,0.334710518519,0.329254930606
6000,0.336293925926,0.328647111111,0.335058962963,0.328889700511
7000,0.336599703704,0.328023703704,0.335376592593,0.32934623813
8000,0.336955259259,0.327367111111,0.33567762963,0.32934623813
9000,0.337322666667,0.326769777778,0.335907555556,0.329528853178
10000,0.337583407407,0.326222222222,0.33619437037,0.32934623813
11000,0.337893925926,0.325646222222,0.336459851852,0.329163623083
12000,0.338152296296,0.325070222222,0.336777481481,0.329711468225
13000,0.338486518519,0.324439703704,0.337073777778,0.33007669832
14000,0.338778074074,0.323790222222,0.337431703704,0.329254930606
15000,0.339031703704,0.323181037037,0.337787259259,0.329711468225
16000,0.339335111111,0.322505481481,0.338159407407,0.329802775749
17000,0.33965037037,0.321905777778,0.338443851852,0.330259313367
18000,0.33990162963,0.321320296296,0.338778074074,0.330624543462
19000,0.340112592593,0.320692148148,0.339195259259,0.330715850986
20000,0.340408888889,0.320018962963,0.339572148148,0.330989773557
21000,0.340584296296,0.319488,0.339927703704,0.332176771366
22000,0.340814222222,0.318869333333,0.340316444444,0.333455076698
23000,0.341051259259,0.318229333333,0.340719407407,0.333637691746
24000,0.341300148148,0.317560888889,0.341138962963,0.334002921841
25000,0.341461333333,0.316963555556,0.341575111111,0.334185536888
26000,0.341681777778,0.316335407407,0.341982814815,0.334185536888
27000,0.341963851852,0.315757037037,0.342279111111,0.333911614317
28000,0.342243555556,0.315131259259,0.342625185185,0.333820306793
29000,0.342584888889,0.314522074074,0.342893037037,0.333546384222
30000,0.34297362963,0.313879703704,0.343146666667,0.333637691746
31000,0.343210666667,0.313230222222,0.343559111111,0.333820306793
32000,0.343504592593,0.312616296296,0.343879111111,0.333820306793
33000,0.343760592593,0.312009481481,0.344229925926,0.333363769175
34000,0.344035555556,0.311412148148,0.344552296296,0.333363769175
35000,0.344362666667,0.310757925926,0.344879407407,0.334276844412
36000,0.344668444444,0.310110814815,0.345220740741,0.334459459459
37000,0.344990814815,0.309553777778,0.345455407407,0.335098612126
38000,0.345239703704,0.308939851852,0.345820444444,0.335646457268
39000,0.345472,0.308359111111,0.346168888889,0.335829072316
40000,0.345732740741,0.307754666667,0.346512592593,0.335463842221
41000,0.34591762963,0.307237925926,0.346844444444,0.335646457268
42000,0.346256592593,0.306526814815,0.347216592593,0.335829072316
43000,0.346467555556,0.305965037037,0.347567407407,0.336011687363
44000,0.346661925926,0.305403259259,0.347934814815,0.336194302411
45000,0.34700562963,0.30477037037,0.348224,0.336376917458
46000,0.347278222222,0.304151703704,0.348570074074,0.336376917458
47000,0.347546074074,0.303540148148,0.348913777778,0.336376917458
48000,0.347766518519,0.302933333333,0.349300148148,0.336559532505
49000,0.348005925926,0.302411851852,0.349582222222,0.336285609934
50000,0.348288,0.301842962963,0.349869037037,0.336102994887
51000,0.348491851852,0.301328592593,0.350179555556,0.336285609934
52000,0.348778666667,0.300743111111,0.350478222222,0.336376917458
53000,0.349046518519,0.300150518519,0.350802962963,0.336285609934
54000,0.349361777778,0.299565037037,0.351073185185,0.336742147553
55000,0.349586962963,0.299017481481,0.351395555556,0.336468224982
56000,0.349876148148,0.298446222222,0.35167762963,0.336650840029
57000,0.350117925926,0.297950814815,0.351931259259,0.335737764792
58000,0.350343111111,0.29734637037,0.352310518519,0.336285609934
59000,0.350606222222,0.296798814815,0.352594962963,0.335555149744
60000,0.350836148148,0.296263111111,0.352900740741,0.335098612126
61000,0.35104,0.29568,0.35328,0.335098612126
62000,0.35122962963,0.295054222222,0.353716148148,0.336376917458
63000,0.351480888889,0.294454518519,0.354064592593,0.336650840029
64000,0.351689481481,0.293876148148,0.35443437037,0.3369247626
65000,0.351954962963,0.293255111111,0.354789925926,0.336468224982
66000,0.352184888889,0.292629333333,0.355185777778,0.336285609934
67000,0.352360296296,0.292107851852,0.355531851852,0.336194302411
68000,0.35264237037,0.291534222222,0.355823407407,0.336011687363
69000,0.35296237037,0.290884740741,0.356152888889,0.336011687363
70000,0.353251555556,0.290334814815,0.35641362963,0.335920379839
71000,0.353566814815,0.289782518519,0.356650666667,0.336559532505
72000,0.353761185185,0.289237333333,0.357001481481,0.3369247626
73000,0.354031407407,0.28864,0.357328592593,0.335920379839
74000,0.354315851852,0.288075851852,0.357608296296,0.336468224982
75000,0.354567111111,0.287566222222,0.357866666667,0.3369247626
76000,0.354872888889,0.287018666667,0.358108444444,0.337016070124
77000,0.355114666667,0.286454518519,0.358430814815,0.336559532505
78000,0.355444148148,0.285871407407,0.358684444444,0.335829072316
79000,0.355730962963,0.285319111111,0.358949925926,0.335646457268
80000,0.355946666667,0.284837925926,0.359215407407,0.335920379839
81000,0.356238222222,0.284193185185,0.359568592593,0.336102994887
82000,0.356491851852,0.283648,0.359860148148,0.336102994887
83000,0.356743111111,0.283100444444,0.360156444444,0.336833455077
84000,0.356956444444,0.282538666667,0.360504888889,0.337381300219
85000,0.357319111111,0.282014814815,0.360666074074,0.337472607743
86000,0.357530074074,0.281507555556,0.36096237037,0.33765522279
87000,0.357741037037,0.280912592593,0.36134637037,0.338111760409
88000,0.357925925926,0.28031762963,0.361756444444,0.33838568298
89000,0.358198518519,0.279732148148,0.362069333333,0.338020452885
90000,0.358523259259,0.279215407407,0.362261333333,0.337929145362
91000,0.358743703704,0.278646518519,0.362609777778,0.338750913075
92000,0.358985481481,0.278117925926,0.362896592593,0.339481373265
93000,0.359250962963,0.277546666667,0.36320237037,0.339481373265
94000,0.35949037037,0.277079703704,0.363429925926,0.340303140979
95000,0.359698962963,0.276544,0.363757037037,0.340120525931
96000,0.35993362963,0.275968,0.36409837037,0.340211833455
97000,0.360132740741,0.275441777778,0.364425481481,0.340668371074
98000,0.360329481481,0.274979555556,0.364690962963,0.34057706355
99000,0.360594962963,0.274422518519,0.364982518519,0.340211833455
100000,0.360786962963,0.273889185185,0.365323851852,0.340120525931
101000,0.360990814815,0.27334637037,0.365662814815,0.340668371074
102000,0.36134637037,0.272756148148,0.365897481481,0.341124908692
103000,0.361583407407,0.272203851852,0.366212740741,0.342585829072
104000,0.361780148148,0.271698962963,0.366520888889,0.342494521549
105000,0.362081185185,0.271168,0.366750814815,0.343042366691
106000,0.362244740741,0.270677333333,0.367077925926,0.342859751644
107000,0.36249837037,0.270139259259,0.36736237037,0.343316289262
108000,0.362666666667,0.269658074074,0.367675259259,0.343407596786
109000,0.362936888889,0.26905837037,0.368004740741,0.344046749452
110000,0.363185777778,0.268503703704,0.368310518519,0.343955441928
111000,0.363472592593,0.267946666667,0.368580740741,0.343224981738
112000,0.363693037037,0.267373037037,0.368933925926,0.344138056976
113000,0.363858962963,0.266797037037,0.369344,0.343681519357
114000,0.36409837037,0.266254222222,0.369647407407,0.344046749452
115000,0.364342518519,0.265751703704,0.369905777778,0.343955441928
116000,0.364600888889,0.265225481481,0.37017362963,0.344503287071
117000,0.36486162963,0.264682666667,0.370455703704,0.345051132213
118000,0.365072592593,0.264170666667,0.370756740741,0.34495982469
119000,0.36531437037,0.263599407407,0.371086222222,0.345142439737
120000,0.365525333333,0.263087407407,0.371387259259,0.345690284879
121000,0.36576,0.262608592593,0.371631407407,0.345233747261
122000,0.366032592593,0.262120296296,0.371847111111,0.345233747261
123000,0.36627437037,0.261568,0.37215762963,0.344685902118
124000,0.366509037037,0.261063111111,0.372427851852,0.345233747261
125000,0.366757925926,0.260586666667,0.372655407407,0.345964207451
126000,0.366949925926,0.259994074074,0.373056,0.346329437546
127000,0.367222518519,0.259448888889,0.373328592593,0.346420745069
128000,0.367535407407,0.258944,0.373520592593,0.346603360117
129000,0.367940740741,0.258375111111,0.373684148148,0.346968590212
130000,0.368154074074,0.257832296296,0.37401362963,0.346968590212
131000,0.36832237037,0.257362962963,0.374314666667,0.346512052593
132000,0.368557037037,0.256872296296,0.374570666667,0.346329437546
133000,0.368791703704,0.256296296296,0.374912,0.346785975164
134000,0.368914962963,0.255829333333,0.375255703704,0.347699050402
135000,0.369140148148,0.255333925926,0.375525925926,0.347699050402
136000,0.36940562963,0.254810074074,0.375784296296,0.348429510592
137000,0.369699555556,0.254279111111,0.376021333333,0.347972972973
138000,0.370019555556,0.253748148148,0.376232296296,0.348064280497
139000,0.370249481481,0.253236148148,0.37651437037,0.348612125639
140000,0.370453333333,0.252766814815,0.376779851852,0.349525200877
141000,0.370671407407,0.252269037037,0.377059555556,0.349890430972
142000,0.370910814815,0.251723851852,0.377365333333,0.351260043828
143000,0.371159703704,0.251211851852,0.377628444444,0.351899196494
144000,0.371297185185,0.250716444444,0.37798637037,0.351625273923
145000,0.371456,0.25024,0.378304,0.35180788897
146000,0.371624296296,0.249732740741,0.378642962963,0.352264426589
147000,0.371811555556,0.249246814815,0.37894162963,0.352720964207
148000,0.372022518519,0.248786962963,0.379190518519,0.35326880935
149000,0.372214518519,0.248272592593,0.379512888889,0.353907962016
150000,0.372451555556,0.247703703704,0.379844740741,0.354547114682
151000,0.372648296296,0.247267555556,0.380084148148,0.354455807159
152000,0.372778666667,0.246843259259,0.380378074074,0.355642804967
153000,0.373067851852,0.246369185185,0.380562962963,0.35619065011
154000,0.373200592593,0.245880888889,0.380918518519,0.355186267348
155000,0.373421037037,0.245430518519,0.381148444444,0.355368882396
156000,0.373662814815,0.244946962963,0.381390222222,0.355094959825
157000,0.373899851852,0.244494222222,0.381605925926,0.355003652301
158000,0.374139259259,0.243989333333,0.381871407407,0.354912344777
159000,0.374423703704,0.243482074074,0.382094222222,0.355003652301
160000,0.374610962963,0.242996148148,0.382392888889,0.355825420015
161000,0.374821925926,0.242477037037,0.382701037037,0.356373265157
162000,0.375094518519,0.241946074074,0.382959407407,0.356829802776
163000,0.37535762963,0.241453037037,0.383189333333,0.356281957633
164000,0.375492740741,0.241000296296,0.383506962963,0.357560262966
165000,0.375739259259,0.240552296296,0.383708444444,0.358016800584
166000,0.375950222222,0.240097185185,0.383952592593,0.358382030679
167000,0.376168296296,0.239720296296,0.384111407407,0.359660336012
168000,0.376369777778,0.239201185185,0.384429037037,0.359934258583
169000,0.376549925926,0.238698666667,0.384751407407,0.360299488678
170000,0.376680296296,0.238253037037,0.385066666667,0.359934258583
171000,0.376848592593,0.23776237037,0.385389037037,0.36011687363
172000,0.376995555556,0.237297777778,0.385706666667,0.360938641344
173000,0.377194666667,0.236890074074,0.385915259259,0.36084733382
174000,0.377384296296,0.236432592593,0.386183111111,0.361121256392
175000,0.377618962963,0.235927703704,0.386453333333,0.361395178963
176000,0.377884444444,0.235467851852,0.386647703704,0.361851716581
177000,0.378052740741,0.235045925926,0.386901333333,0.362490869248
178000,0.378299259259,0.234571851852,0.387128888889,0.362856099343
179000,0.378543407407,0.234078814815,0.387377777778,0.362673484295
180000,0.378671407407,0.233607111111,0.387721481481,0.36303871439
181000,0.37894162963,0.23314962963,0.387908740741,0.363221329438
182000,0.379178666667,0.232694518519,0.388126814815,0.364225712199
183000,0.379356444444,0.23225837037,0.388385185185,0.363951789627
184000,0.379600592593,0.231770074074,0.388629333333,0.363951789627
185000,0.379707259259,0.231338666667,0.388954074074,0.363951789627
186000,0.37990637037,0.230883555556,0.389210074074,0.36449963477
187000,0.380065185185,0.230416592593,0.389518222222,0.364773557341
188000,0.380240592593,0.229968592593,0.389790814815,0.365138787436
189000,0.380432592593,0.229458962963,0.390108444444,0.365504017531
190000,0.380688592593,0.228901925926,0.390409481481,0.365504017531
191000,0.380890074074,0.228425481481,0.390684444444,0.365686632579
192000,0.381063111111,0.228008296296,0.390928592593,0.366143170197
193000,0.381364148148,0.227572148148,0.391063703704,0.365777940102
194000,0.381577481481,0.227159703704,0.391262814815,0.366508400292
195000,0.381712592593,0.226709333333,0.391578074074,0.366051862673
196000,0.381980444444,0.226230518519,0.391789037037,0.366234477721
197000,0.382196148148,0.225744592593,0.392059259259,0.366417092768
198000,0.382369185185,0.22528,0.392350814815,0.367330168006
199000,0.382622814815,0.224789333333,0.392587851852,0.36742147553
200000,0.382871703704,0.224348444444,0.392779851852,0.367695398101
201000,0.383139555556,0.223848296296,0.393012148148,0.367969320672
202000,0.383345777778,0.223388444444,0.393265777778,0.368243243243
203000,0.38355437037,0.222938074074,0.393507555556,0.368973703433
204000,0.383784296296,0.222485333333,0.39373037037,0.368791088386
205000,0.383940740741,0.222046814815,0.394012444444,0.369065010957
206000,0.384256,0.22163437037,0.39410962963,0.369886778671
207000,0.384417185185,0.221214814815,0.394368,0.369338933528
208000,0.384545185185,0.220816592593,0.394638222222,0.368699780862
209000,0.384727703704,0.220330666667,0.39494162963,0.369247626004
210000,0.384820148148,0.219927703704,0.395252148148,0.369886778671
211000,0.384967111111,0.219470222222,0.395562666667,0.370708546384
212000,0.385066666667,0.219057777778,0.395875555556,0.371439006574
213000,0.385327407407,0.218595555556,0.396077037037,0.371621621622
214000,0.385472,0.218199703704,0.396328296296,0.371530314098
215000,0.385618962963,0.217792,0.396589037037,0.372260774288
216000,0.385768296296,0.217320296296,0.396911407407,0.371895544193
217000,0.385910518519,0.216922074074,0.397167407407,0.372260774288
218000,0.386152296296,0.216462222222,0.397385481481,0.372443389335
219000,0.386256592593,0.216085333333,0.397658074074,0.372260774288
220000,0.386479407407,0.215627851852,0.397892740741,0.371256391527
221000,0.38662162963,0.215281777778,0.398096592593,0.371439006574
222000,0.386861037037,0.214810074074,0.398328888889,0.37207815924
223000,0.387029333333,0.214381037037,0.39858962963,0.372260774288
224000,0.387247407407,0.213970962963,0.39878162963,0.373173849525
225000,0.387432296296,0.213558518519,0.399009185185,0.373356464573
226000,0.387666962963,0.213153185185,0.399179851852,0.374908692476
227000,0.387856592593,0.212707555556,0.399435851852,0.375182615047
228000,0.387994074074,0.212240592593,0.399765333333,0.375821767714
229000,0.38816237037,0.211766518519,0.400071111111,0.376004382761
230000,0.388252444444,0.211373037037,0.400374518519,0.376826150475
231000,0.388489481481,0.210925037037,0.400585481481,0.377556610665
232000,0.388764444444,0.210505481481,0.400730074074,0.377739225712
233000,0.388845037037,0.210071703704,0.401083259259,0.378926223521
234000,0.389006222222,0.209616592593,0.401377185185,0.379291453616
235000,0.389077333333,0.209256296296,0.40166637037,0.379474068663
236000,0.389262222222,0.208763259259,0.401974518519,0.379839298758
237000,0.389456592593,0.208357925926,0.402185481481,0.380661066472
238000,0.389617777778,0.207990518519,0.402391703704,0.380021913806
239000,0.389769481481,0.207606518519,0.402624,0.380387143901
240000,0.389933037037,0.207213037037,0.402853925926,0.380843681519
241000,0.390106074074,0.206774518519,0.403119407407,0.380752373996
242000,0.390219851852,0.206362074074,0.403418074074,0.380752373996
243000,0.390454518519,0.20595437037,0.403591111111,0.380661066472
244000,0.390632296296,0.205591703704,0.403776,0.381391526662
245000,0.390755555556,0.205212444444,0.404032,0.381482834186
246000,0.390885925926,0.204875851852,0.404238222222,0.381300219138
247000,0.391044740741,0.204458666667,0.404496592593,0.381574141709
248000,0.391260444444,0.20409837037,0.404641185185,0.382395909423
249000,0.39142162963,0.203629037037,0.404949333333,0.382761139518
250000,0.391573333333,0.203285333333,0.405141333333,0.382761139518
251000,0.391646814815,0.202872888889,0.405480296296,0.382761139518
252000,0.391753481481,0.202462814815,0.405783703704,0.383035062089
253000,0.391850666667,0.202071703704,0.40607762963,0.382669831994
254000,0.391921777778,0.201633185185,0.406445037037,0.382669831994
255000,0.392059259259,0.201256296296,0.406684444444,0.382943754565
256000,0.392177777778,0.200891259259,0.406930962963,0.38330898466
257000,0.392353185185,0.200495407407,0.407151407407,0.383765522279
258000,0.392500148148,0.200085333333,0.407414518519,0.384130752374
259000,0.392668444444,0.199661037037,0.407670518519,0.38403944485
260000,0.392815407407,0.199324444444,0.407860148148,0.38330898466
261000,0.393031111111,0.198893037037,0.408075851852,0.384222059898
262000,0.393206518519,0.198490074074,0.408303407407,0.385226442659
263000,0.393334518519,0.198061037037,0.408604444444,0.385591672754
264000,0.393498074074,0.197696,0.408805925926,0.386413440467
265000,0.393697185185,0.197257481481,0.409045333333,0.386322132944
266000,0.393870222222,0.196899555556,0.409230222222,0.38696128561
267000,0.394029037037,0.196475259259,0.409495703704,0.387326515705
268000,0.394180740741,0.196072296296,0.409746962963,0.387326515705
269000,0.394356148148,0.195643259259,0.410000592593,0.387417823229
270000,0.394503111111,0.195259259259,0.41023762963,0.387509130752
271000,0.394616888889,0.194875259259,0.410507851852,0.3876917458
272000,0.394752,0.194533925926,0.410714074074,0.387965668371
273000,0.394951111111,0.194135703704,0.410913185185,0.387417823229
274000,0.395090962963,0.19372562963,0.411183407407,0.387509130752
275000,0.395301925926,0.193325037037,0.411373037037,0.38696128561
276000,0.395422814815,0.192907851852,0.411669333333,0.387783053324
277000,0.395602962963,0.19250962963,0.411887407407,0.387509130752
278000,0.395804444444,0.192106666667,0.412088888889,0.388239590942
279000,0.39584237037,0.191725037037,0.412432592593,0.388604821037
280000,0.395896888889,0.191393185185,0.412709925926,0.389426588751
281000,0.395977481481,0.190968888889,0.41305362963,0.389335281227
282000,0.396024888889,0.190641777778,0.413333333333,0.389426588751
283000,0.396202666667,0.19027437037,0.413522962963,0.38988312637
284000,0.396375703704,0.189835851852,0.413788444444,0.389700511322
285000,0.39647762963,0.189435259259,0.414087111111,0.389791818846
286000,0.396638814815,0.189046518519,0.414314666667,0.389609203798
287000,0.396795259259,0.188676740741,0.414528,0.38988312637
288000,0.396970666667,0.188299851852,0.414729481481,0.389517896275
289000,0.39705362963,0.187960888889,0.414985481481,0.390704894083
290000,0.397238518519,0.187534222222,0.415227259259,0.390887509131
291000,0.397338074074,0.187128888889,0.415533037037,0.391070124178
292000,0.397473185185,0.186744888889,0.415781925926,0.391161431702
293000,0.397496888889,0.186379851852,0.416123259259,0.391617969321
294000,0.397617777778,0.186021925926,0.416360296296,0.391070124178
295000,0.397767111111,0.185590518519,0.41664237037,0.391800584368
296000,0.397892740741,0.185253925926,0.416853333333,0.390704894083
297000,0.398049185185,0.184891259259,0.417059555556,0.391161431702
298000,0.398215111111,0.184523851852,0.417261037037,0.391800584368
299000,0.398343111111,0.184120888889,0.417536,0.392439737034
300000,0.398535111111,0.183748740741,0.417716148148,0.393718042367
301000,0.398748444444,0.18342162963,0.417829925926,0.393444119795
302000,0.398848,0.183049481481,0.418102518519,0.394265887509
303000,0.398994962963,0.182665481481,0.418339555556,0.394174579985
304000,0.39910162963,0.182354962963,0.418543407407,0.394722425128
305000,0.399156148148,0.182065777778,0.418778074074,0.395087655223
306000,0.399250962963,0.181672296296,0.419076740741,0.39527027027
307000,0.399381333333,0.18125037037,0.419368296296,0.395544192841
308000,0.399464296296,0.180880592593,0.419655111111,0.395909422936
309000,0.399670518519,0.180529777778,0.419799703704,0.396548575603
310000,0.39981037037,0.180181333333,0.420008296296,0.396913805698
311000,0.399981037037,0.179802074074,0.420216888889,0.397005113221
312000,0.400222814815,0.179403851852,0.420373333333,0.397552958364
313000,0.400301037037,0.178991407407,0.420707555556,0.397370343316
314000,0.400478814815,0.178607407407,0.420913777778,0.398009495982
315000,0.400625777778,0.178230518519,0.421143703704,0.397279035793
316000,0.400815407407,0.177827555556,0.421357037037,0.397644265888
317000,0.400907851852,0.177462518519,0.42162962963,0.398557341125
318000,0.400990814815,0.177088,0.421921185185,0.398831263696
319000,0.401073777778,0.176737185185,0.422189037037,0.399379108839
320000,0.401230222222,0.176410074074,0.422359703704,0.398100803506
321000,0.401393777778,0.175973925926,0.422632296296,0.398739956172
322000,0.401483851852,0.175608888889,0.422907259259,0.399013878744
323000,0.401623703704,0.175265185185,0.423111111111,0.4003834916
324000,0.401792,0.174902518519,0.423305481481,0.399287801315
325000,0.402007703704,0.174556444444,0.423435851852,0.399287801315
326000,0.402147555556,0.174184296296,0.423668148148,0.399835646457
327000,0.402263703704,0.173850074074,0.423886222222,0.4003834916
328000,0.402322962963,0.173544296296,0.424132740741,0.400748721695
329000,0.402455703704,0.173174518519,0.424369777778,0.401296566837
330000,0.40256,0.172880592593,0.424559407407,0.401387874361
331000,0.402676148148,0.172475259259,0.424848592593,0.401661796932
332000,0.40281362963,0.17209837037,0.425088,0.402757487217
333000,0.40300562963,0.171752296296,0.425242074074,0.403122717312
334000,0.403207111111,0.171429925926,0.425362962963,0.403031409788
335000,0.403264,0.171064888889,0.425671111111,0.403670562454
336000,0.403410962963,0.170737777778,0.425851259259,0.404401022644
337000,0.403574518519,0.170377481481,0.426048,0.405314097882
338000,0.403704888889,0.16998162963,0.426313481481,0.406318480643
339000,0.403856592593,0.169680592593,0.426462814815,0.406683710738
340000,0.403994074074,0.169334518519,0.426671407407,0.406044558072
341000,0.404197925926,0.168917333333,0.426884740741,0.406409788167
342000,0.404361481481,0.16850962963,0.427128888889,0.406227173119
343000,0.40448,0.168161185185,0.427358814815,0.406044558072
344000,0.404586666667,0.167770074074,0.427643259259,0.406409788167
345000,0.404769185185,0.167402666667,0.427828148148,0.40723155588
346000,0.404837925926,0.167058962963,0.428103111111,0.407779401023
347000,0.404984888889,0.166672592593,0.428342518519,0.407505478451
348000,0.405067851852,0.166298074074,0.428634074074,0.40723155588
349000,0.405167407407,0.165947259259,0.428885333333,0.407140248356
350000,0.405264592593,0.165579851852,0.429155555556,0.407140248356
351000,0.405404444444,0.165262222222,0.429333333333,0.407414170928
352000,0.405672296296,0.164958814815,0.429368888889,0.408144631118
353000,0.405824,0.164650666667,0.429525333333,0.408875091308
354000,0.406037333333,0.164352,0.429610666667,0.409514243974
355000,0.406084740741,0.163991703704,0.429923555556,0.409696859021
356000,0.406229333333,0.163624296296,0.43014637037,0.409788166545
357000,0.406328888889,0.163259259259,0.430411851852,0.410701241782
358000,0.406381037037,0.162944,0.430674962963,0.41015339664
359000,0.406492444444,0.162666666667,0.430840888889,0.410336011687
360000,0.406563555556,0.162313481481,0.431122962963,0.410062089116
361000,0.406708148148,0.162000592593,0.431291259259,0.411249086925
362000,0.406821925926,0.161642666667,0.431535407407,0.411523009496
363000,0.406857481481,0.161289481481,0.431853037037,0.411157779401
364000,0.407016296296,0.160955259259,0.432028444444,0.411979547115
365000,0.407160888889,0.160687407407,0.432151703704,0.412436084733
366000,0.407314962963,0.160334222222,0.432350814815,0.412527392257
367000,0.407528296296,0.159952592593,0.432519111111,0.413531775018
368000,0.407625481481,0.159601777778,0.432772740741,0.4130752374
369000,0.407736888889,0.159296,0.432967111111,0.413440467495
370000,0.407914666667,0.158904888889,0.433180444444,0.413897005113
371000,0.408009481481,0.158575407407,0.433415111111,0.413805697589
372000,0.408173037037,0.158198518519,0.433628444444,0.413440467495
373000,0.408282074074,0.157904592593,0.433813333333,0.413440467495
374000,0.408296296296,0.15763437037,0.434069333333,0.413714390066
375000,0.408433777778,0.157283555556,0.434282666667,0.412801314828
376000,0.408374518519,0.156965925926,0.434659555556,0.413257852447
377000,0.408504888889,0.15666962963,0.434825481481,0.413805697589
378000,0.408694518519,0.156373333333,0.434932148148,0.414079620161
379000,0.408813037037,0.156032,0.435154962963,0.413988312637
380000,0.408919703704,0.15570962963,0.435370666667,0.413897005113
381000,0.408978962963,0.155420444444,0.435600592593,0.414444850256
382000,0.409137777778,0.155105185185,0.435757037037,0.414810080351
383000,0.409294222222,0.154778074074,0.435927703704,0.414444850256
384000,0.409509925926,0.154441481481,0.436048592593,0.414536157779
385000,0.409562074074,0.154138074074,0.436299851852,0.415631848064
386000,0.409640296296,0.153851259259,0.436508444444,0.415357925493
387000,0.409711407407,0.153517037037,0.436771555556,0.415814463112
388000,0.409950814815,0.153204148148,0.436845037037,0.416088385683
389000,0.410017185185,0.152941037037,0.437041777778,0.416362308254
390000,0.410040888889,0.152696888889,0.437262222222,0.416362308254
391000,0.410128592593,0.152367407407,0.437504,0.416362308254
392000,0.41017837037,0.152037925926,0.437783703704,0.416544923302
393000,0.410266074074,0.151663407407,0.438070518519,0.417092768444
394000,0.410351407407,0.151343407407,0.438305185185,0.416818845873
395000,0.410443851852,0.151051851852,0.438504296296,0.41700146092
396000,0.410593185185,0.150712888889,0.438693925926,0.416910153397
397000,0.410697481481,0.150383407407,0.438919111111,0.416818845873
398000,0.410797037037,0.150089481481,0.439113481481,0.416818845873
399000,0.41094637037,0.149752888889,0.439300740741,0.416727538349
400000,0.411100444444,0.149444740741,0.439454814815,0.417275383492
401000,0.411181037037,0.149129481481,0.439689481481,0.417184075968
402000,0.411316148148,0.148842666667,0.439841185185,0.417640613587
403000,0.411498666667,0.148487111111,0.440014222222,0.418097151205
404000,0.411550814815,0.148178962963,0.440270222222,0.4184623813
405000,0.411624296296,0.147882666667,0.440493037037,0.418188458729
406000,0.411700148148,0.147536592593,0.440763259259,0.417457998539
407000,0.411835259259,0.147256888889,0.440907851852,0.416727538349
408000,0.411913481481,0.146962962963,0.441123555556,0.416453615778
409000,0.411994074074,0.14669037037,0.441315555556,0.416636230825
410000,0.412058074074,0.146427259259,0.441514666667,0.417092768444
411000,0.412278518519,0.146142814815,0.441578666667,0.416910153397
412000,0.412423111111,0.145879703704,0.441697185185,0.417549306063
413000,0.412503703704,0.145554962963,0.441941333333,0.417640613587
414000,0.412451555556,0.145344,0.442204444444,0.416910153397
415000,0.412496592593,0.14502637037,0.442477037037,0.417184075968
416000,0.412603259259,0.144739555556,0.442657185185,0.417457998539
417000,0.412629333333,0.144462222222,0.442908444444,0.418097151205
418000,0.412714666667,0.144154074074,0.443131259259,0.418553688824
419000,0.412909037037,0.143857777778,0.443233185185,0.419740686633
420000,0.412939851852,0.143580444444,0.443479703704,0.420379839299
421000,0.41305362963,0.143277037037,0.443669333333,0.420014609204
422000,0.413141333333,0.142954666667,0.443904,0.418827611395
423000,0.413153185185,0.142691555556,0.444155259259,0.417823228634
424000,0.413231407407,0.142404740741,0.444363851852,0.418005843682
425000,0.413342814815,0.142087111111,0.444570074074,0.4184623813
426000,0.413428148148,0.141741037037,0.444830814815,0.419558071585
427000,0.41350637037,0.141513481481,0.444980148148,0.419740686633
428000,0.413525333333,0.14124562963,0.445229037037,0.419649379109
429000,0.413563259259,0.141008592593,0.445428148148,0.419831994156
430000,0.413639111111,0.14073362963,0.445627259259,0.420379839299
431000,0.413717333333,0.140432592593,0.445850074074,0.421475529584
432000,0.413871407407,0.140131555556,0.445997037037,0.421840759679
433000,0.41388562963,0.139809185185,0.446305185185,0.421658144631
434000,0.413968592593,0.139510518519,0.446520888889,0.422753834916
435000,0.414089481481,0.139207111111,0.446703407407,0.422936449963
436000,0.414231703704,0.138934518519,0.446833777778,0.42284514244
437000,0.414305185185,0.138673777778,0.447021037037,0.422936449963
438000,0.4144,0.13837037037,0.44722962963,0.423027757487
439000,0.414456888889,0.138085925926,0.447457185185,0.422571219869
440000,0.414561185185,0.137792,0.447646814815,0.423119065011
441000,0.41472,0.13747437037,0.44780562963,0.423484295106
442000,0.414864592593,0.13715437037,0.447981037037,0.424397370343
443000,0.414933333333,0.136867555556,0.448199111111,0.424214755296
444000,0.414987851852,0.136630518519,0.44838162963,0.425310445581
445000,0.415011555556,0.136360296296,0.448628148148,0.426314828342
446000,0.415115851852,0.136064,0.448820148148,0.426588750913
447000,0.415213037037,0.13581037037,0.448976592593,0.426132213294
448000,0.415274666667,0.135544888889,0.449180444444,0.426497443389
449000,0.415383703704,0.135255703704,0.449360592593,0.427136596056
450000,0.415383703704,0.135006814815,0.449609481481,0.427593133674
451000,0.415488,0.134684444444,0.449827555556,0.427136596056
452000,0.415627851852,0.134373925926,0.449998222222,0.428049671293
453000,0.415653925926,0.134115555556,0.450230518519,0.427958363769
454000,0.415770074074,0.13382637037,0.450403555556,0.427867056245
455000,0.41587437037,0.133511111111,0.450614518519,0.42823228634
456000,0.41593837037,0.133236148148,0.450825481481,0.428688823959
457000,0.415976296296,0.132982518519,0.451041185185,0.428688823959
458000,0.41599762963,0.132719407407,0.451282962963,0.429054054054
459000,0.416180148148,0.132416,0.451403851852,0.428506208912
460000,0.416177777778,0.132150518519,0.451671703704,0.428414901388
461000,0.416144592593,0.131922962963,0.451932444444,0.429510591673
462000,0.416213333333,0.131659851852,0.452126814815,0.429510591673
463000,0.416274962963,0.131356444444,0.452368592593,0.429601899196
464000,0.416412444444,0.131072,0.452515555556,0.429875821768
465000,0.41651437037,0.130820740741,0.452664888889,0.429875821768
466000,0.416507259259,0.13056,0.452932740741,0.430514974434
467000,0.416552296296,0.130285037037,0.453162666667,0.430332359386
468000,0.416694518519,0.129998222222,0.453307259259,0.429510591673
469000,0.416711111111,0.129735111111,0.453553777778,0.429967129291
470000,0.41689362963,0.129443555556,0.453662814815,0.430606281958
471000,0.416971851852,0.12914962963,0.453878518519,0.430788897005
472000,0.417007407407,0.128872296296,0.454120296296,0.431701972243
473000,0.417066666667,0.128609185185,0.454324148148,0.431062819576
474000,0.417106962963,0.128388740741,0.454504296296,0.430697589481
475000,0.417152,0.12812562963,0.45472237037,0.431519357195
476000,0.417201777778,0.127862518519,0.454935703704,0.432341124909
477000,0.417275259259,0.12761837037,0.45510637037,0.433528122717
478000,0.417353481481,0.127269925926,0.455376592593,0.434258582907
479000,0.417490962963,0.127028148148,0.455480888889,0.43334550767
480000,0.417616592593,0.126776888889,0.455606518519,0.435080350621
481000,0.417637925926,0.126516148148,0.455845925926,0.435993425858
482000,0.41760237037,0.126243555556,0.456154074074,0.435354273192
483000,0.417732740741,0.126006518519,0.456260740741,0.436358655953
484000,0.417784888889,0.125743407407,0.456471703704,0.436632578524
485000,0.417867851852,0.125449481481,0.456682666667,0.437545653762
486000,0.417891555556,0.125153185185,0.456955259259,0.438002191381
487000,0.417991111111,0.124887703704,0.457121185185,0.439189189189
488000,0.418112,0.124634074074,0.457253925926,0.439280496713
489000,0.418133333333,0.124392296296,0.45747437037,0.440010956903
490000,0.418232888889,0.124124444444,0.457642666667,0.440376186998
491000,0.418180740741,0.12384237037,0.457976888889,0.440650109569
492000,0.418280296296,0.123546074074,0.45817362963,0.44092403214
493000,0.418318222222,0.123280592593,0.458401185185,0.440741417093
494000,0.418349037037,0.123036444444,0.458614518519,0.440558802045
495000,0.418455703704,0.122782814815,0.458761481481,0.440558802045
496000,0.418550518519,0.122526814815,0.458922666667,0.439554419284
497000,0.418635851852,0.122247111111,0.459117037037,0.440467494522
498000,0.418624,0.122036148148,0.459339851852,0.440558802045
499000,0.418588444444,0.121834666667,0.459576888889,0.440376186998
500000,0.418680888889,0.121583407407,0.459735703704,0.440650109569
501000,0.418768592593,0.12128237037,0.459949037037,0.441015339664
502000,0.418775703704,0.121052444444,0.460171851852,0.441380569759
503000,0.418792296296,0.120815407407,0.460392296296,0.44165449233
504000,0.418915555556,0.120564148148,0.460520296296,0.441928414901
505000,0.419012740741,0.120379259259,0.460608,0.443206720234
506000,0.419064888889,0.120078222222,0.460856888889,0.443754565376
507000,0.419159703704,0.119817481481,0.461022814815,0.444211102995
508000,0.419226074074,0.119559111111,0.461214814815,0.444393718042
509000,0.419221333333,0.119369481481,0.461409185185,0.444211102995
510000,0.419306666667,0.119120592593,0.461572740741,0.443480642805
511000,0.419337481481,0.118852740741,0.461809777778,0.44238495252
512000,0.419474962963,0.11859437037,0.461930666667,0.441745799854
513000,0.419529481481,0.118300444444,0.462170074074,0.441837107378
514000,0.419567407407,0.118049185185,0.462383407407,0.441197954711
515000,0.419740444444,0.117797925926,0.46246162963,0.441197954711
516000,0.419868444444,0.117525333333,0.462606222222,0.441015339664
517000,0.419861333333,0.117335703704,0.462802962963,0.441289262235
518000,0.419958518519,0.117096296296,0.462945185185,0.441106647188
519000,0.420013037037,0.116875851852,0.463111111111,0.441289262235
520000,0.420036740741,0.116664888889,0.46329837037,0.442019722425
521000,0.420178962963,0.116437333333,0.463383703704,0.442932797663
522000,0.420174222222,0.116178962963,0.463646814815,0.443298027757
523000,0.420228740741,0.115944296296,0.463826962963,0.443298027757
524000,0.420269037037,0.115733333333,0.46399762963,0.443754565376
525000,0.420245333333,0.115531851852,0.464222814815,0.443937180424
526000,0.42034962963,0.115256888889,0.464393481481,0.442750182615
527000,0.42034962963,0.115019851852,0.464630518519,0.444302410519
528000,0.420356740741,0.114811259259,0.464832,0.444302410519
529000,0.42047762963,0.114533925926,0.464988444444,0.444028487947
530000,0.420617481481,0.11424237037,0.465140148148,0.443663257852
531000,0.420567703704,0.114026666667,0.46540562963,0.444211102995
532000,0.420612740741,0.113775407407,0.465611851852,0.444028487947
533000,0.420698074074,0.113500444444,0.465801481481,0.444393718042
534000,0.420724148148,0.113270518519,0.466005333333,0.443480642805
535000,0.420754962963,0.112988444444,0.466256592593,0.443663257852
536000,0.420769185185,0.112732444444,0.46649837037,0.444485025566
537000,0.420868740741,0.112512,0.466619259259,0.444850255661
538000,0.420892444444,0.112265481481,0.466842074074,0.445763330898
539000,0.420961185185,0.111964444444,0.46707437037,0.445580715851
540000,0.420975407407,0.111736888889,0.467287703704,0.446219868517
541000,0.421034666667,0.111521185185,0.467444148148,0.446493791088
542000,0.421046518519,0.111326814815,0.467626666667,0.446402483565
543000,0.421046518519,0.111118222222,0.467835259259,0.446402483565
544000,0.421041777778,0.110878814815,0.468079407407,0.446311176041
545000,0.421089185185,0.110651259259,0.468259555556,0.445215485756
546000,0.421160296296,0.110423703704,0.468416,0.44530679328
547000,0.421212444444,0.110148740741,0.468638814815,0.444850255661
548000,0.421271703704,0.109963851852,0.468764444444,0.44530679328
549000,0.421383111111,0.109681777778,0.468935111111,0.445124178232
550000,0.421499259259,0.109482666667,0.469018074074,0.44530679328
551000,0.421468444444,0.109266962963,0.469264592593,0.44603725347
552000,0.421513481481,0.109046518519,0.46944,0.445945945946
553000,0.421613037037,0.108830814815,0.469556148148,0.445854638422
554000,0.421624888889,0.108631703704,0.469743407407,0.445854638422
555000,0.421601185185,0.108408888889,0.469989925926,0.445854638422
556000,0.421669925926,0.108174222222,0.470155851852,0.44603725347
557000,0.421703111111,0.107949037037,0.470347851852,0.44603725347
558000,0.421712592593,0.107702518519,0.470584888889,0.445763330898
559000,0.42162962963,0.107477333333,0.470893037037,0.44603725347
560000,0.421764740741,0.107256888889,0.47097837037,0.446493791088
561000,0.421729185185,0.107022222222,0.471248592593,0.447315558802
562000,0.421710222222,0.106792296296,0.471497481481,0.446859021183
563000,0.421710222222,0.10656,0.471729777778,0.447041636231
564000,0.421714962963,0.106346666667,0.47193837037,0.447406866326
565000,0.421731555556,0.106140444444,0.472128,0.447041636231
566000,0.421769481481,0.105936592593,0.472293925926,0.447315558802
567000,0.421764740741,0.105723259259,0.472512,0.447954711468
568000,0.421776592593,0.105519407407,0.472704,0.447772096421
569000,0.421771851852,0.105303703704,0.472924444444,0.448319941563
570000,0.421802666667,0.105073777778,0.473123555556,0.448502556611
571000,0.421854814815,0.104813037037,0.473332148148,0.448319941563
572000,0.421857185185,0.104540444444,0.47360237037,0.448319941563
573000,0.421876148148,0.104331851852,0.473792,0.448137326516
574000,0.421842962963,0.104168296296,0.473988740741,0.448867786706
575000,0.421828740741,0.103959703704,0.474211555556,0.449506939372
576000,0.421854814815,0.103777185185,0.474368,0.449506939372
577000,0.421923555556,0.103544888889,0.474531555556,0.450054784514
578000,0.422016,0.103286518519,0.474697481481,0.450511322133
579000,0.422004148148,0.103023407407,0.474972444444,0.450785244704
580000,0.421978074074,0.10278637037,0.475235555556,0.450602629657
581000,0.421966222222,0.102549333333,0.475484444444,0.450146092038
582000,0.422091851852,0.102343111111,0.475565037037,0.450237399562
583000,0.422096592593,0.102120296296,0.475783111111,0.450328707085
584000,0.42208237037,0.101966222222,0.475951407407,0.450511322133
585000,0.422046814815,0.101805037037,0.476148148148,0.450967859752
586000,0.421987555556,0.101624888889,0.476387555556,0.451241782323
587000,0.421970962963,0.101409185185,0.476619851852,0.450876552228
588000,0.421968592593,0.101210074074,0.476821333333,0.450967859752
589000,0.42194962963,0.101003851852,0.477046518519,0.450602629657
590000,0.421876148148,0.100828444444,0.477295407407,0.450420014609
591000,0.421800296296,0.100612740741,0.477586962963,0.450328707085
592000,0.421895111111,0.100356740741,0.477748148148,0.450602629657
593000,0.421994666667,0.100131555556,0.477873777778,0.450602629657
594000,0.421994666667,0.0999324444444,0.478072888889,0.450785244704
595000,0.421973333333,0.0996811851852,0.478345481481,0.451972242513
596000,0.421999407407,0.0994797037037,0.478520888889,0.452611395179
597000,0.421942518519,0.0992782222222,0.478779259259,0.453341855369
598000,0.421925925926,0.0990601481481,0.479013925926,0.454072315559
599000,0.421925925926,0.0988207407407,0.479253333333,0.45434623813
600000,0.421942518519,0.0986311111111,0.47942637037,0.455168005844
601000,0.421904592593,0.0984628148148,0.479632592593,0.45580715851
602000,0.421873777778,0.0982660740741,0.479860148148,0.454802775749
603000,0.421916444444,0.0980456296296,0.480037925926,0.45507669832
604000,0.42188562963,0.0978465185185,0.480267851852,0.455715850986
605000,0.421909333333,0.097645037037,0.48044562963,0.455441928415
606000,0.421880888889,0.0974411851852,0.480677925926,0.455533235939
607000,0.421878518519,0.0972112592593,0.480910222222,0.45580715851
608000,0.421997037037,0.0970358518519,0.480967111111,0.456355003652
