1000,0.331048,0.33732,0.331632,0.339858392337
2000,0.329008,0.337808,0.333184,0.340483132028
3000,0.327144,0.338272,0.334584,0.343398583923
4000,0.32532,0.338296,0.336384,0.34214910454
5000,0.323488,0.338576,0.337936,0.342357351104
6000,0.321496,0.339064,0.33944,0.341732611412
7000,0.319648,0.338992,0.34136,0.340691378592
8000,0.317744,0.339216,0.34304,0.339858392337
9000,0.315744,0.339144,0.345112,0.340691378592
10000,0.31384,0.33948,0.34668,0.342357351104
11000,0.312256,0.339672,0.348072,0.34214910454
12000,0.310384,0.340024,0.349592,0.341732611412
13000,0.308368,0.340256,0.351376,0.34214910454
14000,0.306408,0.340432,0.35316,0.342773844232
15000,0.304792,0.340584,0.354624,0.342565597668
16000,0.30324,0.34044,0.35632,0.343606830487
17000,0.301352,0.3408,0.357848,0.343606830487
18000,0.299728,0.340576,0.359696,0.345272802999
19000,0.297904,0.3408,0.361296,0.344648063307
20000,0.295992,0.341176,0.362832,0.345689296127
21000,0.29424,0.341504,0.364256,0.345481049563
22000,0.292536,0.341712,0.365752,0.348396501458
23000,0.290984,0.341584,0.367432,0.34798000833
24000,0.289288,0.341536,0.369176,0.350478967097
25000,0.287424,0.341736,0.37084,0.349854227405
26000,0.285752,0.341864,0.372384,0.351520199917
27000,0.28376,0.342056,0.374184,0.350478967097
28000,0.282032,0.342072,0.375896,0.351936693045
29000,0.280512,0.342208,0.37728,0.353186172428
30000,0.278744,0.342472,0.378784,0.352561432736
31000,0.277136,0.342968,0.379896,0.353602665556
32000,0.27552,0.343416,0.381064,0.354435651812
33000,0.273784,0.343808,0.382408,0.355685131195
34000,0.271664,0.344024,0.384312,0.355268638067
35000,0.270032,0.343952,0.386016,0.355060391504
36000,0.268376,0.344056,0.387568,0.355268638067
37000,0.266824,0.344368,0.388808,0.354227405248
38000,0.265192,0.344272,0.390536,0.352977925864
39000,0.263392,0.34488,0.391728,0.353186172428
40000,0.2616,0.345,0.3934,0.35485214494
41000,0.260088,0.344888,0.395024,0.355268638067
42000,0.258552,0.344736,0.396712,0.357975843399
43000,0.256912,0.345048,0.39804,0.358184089963
44000,0.25532,0.34492,0.39976,0.362765514369
45000,0.25372,0.344864,0.401416,0.362349021241
46000,0.25224,0.344768,0.402992,0.364223240317
47000,0.250704,0.344776,0.40452,0.364639733444
48000,0.24932,0.344752,0.405928,0.365889212828
49000,0.247648,0.344992,0.40736,0.365680966264
50000,0.246048,0.345256,0.408696,0.366930445648
51000,0.244464,0.345464,0.410072,0.367763431903
52000,0.243,0.345472,0.411528,0.370887130362
53000,0.241264,0.346152,0.412584,0.369845897543
54000,0.239872,0.346408,0.41372,0.370054144107
55000,0.238448,0.3466,0.414952,0.369429404415
56000,0.23708,0.346096,0.416824,0.368804664723
57000,0.235848,0.346176,0.417976,0.370262390671
58000,0.234208,0.34608,0.419712,0.372761349438
59000,0.232536,0.346304,0.42116,0.373802582257
60000,0.230872,0.346048,0.42308,0.37338608913
61000,0.229456,0.345992,0.424552,0.374010828821
62000,0.227896,0.346088,0.426016,0.376718034152
63000,0.22656,0.346024,0.427416,0.37713452728
64000,0.224944,0.34592,0.429136,0.380049979175
65000,0.22368,0.345992,0.430328,0.378592253228
66000,0.222256,0.346136,0.431608,0.380674718867
67000,0.220976,0.346344,0.43268,0.383381924198
68000,0.219448,0.346608,0.433944,0.384631403582
69000,0.217992,0.346728,0.43528,0.38400666389
70000,0.216736,0.34692,0.436344,0.384423157018
71000,0.215304,0.34688,0.437816,0.387546855477
72000,0.213832,0.346864,0.439304,0.389212827988
73000,0.212416,0.34704,0.440544,0.389421074552
74000,0.21108,0.347152,0.441768,0.389212827988
75000,0.209712,0.34724,0.443048,0.388588088297
76000,0.208208,0.347384,0.444408,0.389212827988
77000,0.20676,0.34736,0.44588,0.389004581424
78000,0.205496,0.347368,0.447136,0.388588088297
79000,0.20432,0.347576,0.448104,0.387130362349
80000,0.202936,0.3476,0.449464,0.387130362349
81000,0.201672,0.347952,0.450376,0.389212827988
82000,0.200336,0.348072,0.451592,0.390670553936
83000,0.198984,0.347824,0.453192,0.389421074552
84000,0.197592,0.3478,0.454608,0.387963348605
85000,0.196064,0.34796,0.455976,0.385672636401
86000,0.194832,0.348304,0.456864,0.387546855477
87000,0.19344,0.34836,0.4582,0.388379841733
88000,0.192152,0.348376,0.459472,0.388171595169
89000,0.191192,0.348136,0.460672,0.389629321116
90000,0.18996,0.348264,0.461776,0.390670553936
91000,0.188632,0.348624,0.462744,0.391503540192
92000,0.187328,0.3488,0.463872,0.392336526447
93000,0.18608,0.348736,0.465184,0.395460224906
94000,0.184984,0.348792,0.466224,0.39670970429
95000,0.18412,0.348848,0.467032,0.397959183673
96000,0.183056,0.348792,0.468152,0.398167430237
97000,0.181896,0.349,0.469104,0.398583923365
98000,0.1806,0.348888,0.470512,0.400249895877
99000,0.179368,0.349112,0.47152,0.400041649313
100000,0.178472,0.349056,0.472472,0.399000416493
101000,0.177144,0.349272,0.473584,0.399416909621
102000,0.176112,0.349224,0.474664,0.399208663057
103000,0.174648,0.349376,0.475976,0.399833402749
104000,0.17348,0.349416,0.477104,0.398167430237
105000,0.172456,0.349328,0.478216,0.397334443982
106000,0.171304,0.349344,0.479352,0.399000416493
107000,0.170264,0.349296,0.48044,0.401915868388
108000,0.169296,0.3494,0.481304,0.403790087464
109000,0.168312,0.34928,0.482408,0.404623073719
110000,0.167312,0.34948,0.483208,0.406080799667
111000,0.16632,0.349312,0.484368,0.406497292795
112000,0.165296,0.349128,0.485576,0.406289046231
113000,0.164016,0.349248,0.486736,0.408996251562
114000,0.162944,0.349376,0.48768,0.407122032486
115000,0.16184,0.34932,0.48884,0.40733027905
116000,0.160608,0.349496,0.489896,0.408579758434
117000,0.159472,0.349456,0.491072,0.40837151187
118000,0.158344,0.349648,0.492008,0.407538525614
119000,0.157296,0.349576,0.493128,0.407955018742
120000,0.156216,0.349512,0.494272,0.40941274469
121000,0.155112,0.349608,0.49528,0.409620991254
122000,0.154048,0.349824,0.496128,0.408996251562
123000,0.153008,0.349696,0.497296,0.407746772178
124000,0.152064,0.349656,0.49828,0.406080799667
125000,0.150904,0.34996,0.499136,0.407955018742
126000,0.150072,0.349912,0.500016,0.408788004998
127000,0.149072,0.349768,0.50116,0.408996251562
128000,0.14816,0.349736,0.502104,0.411078717201
129000,0.14704,0.349896,0.503064,0.411495210329
130000,0.146176,0.349928,0.503896,0.411286963765
131000,0.14512,0.35004,0.50484,0.412328196585
132000,0.14416,0.35028,0.50556,0.412119950021
133000,0.143208,0.350304,0.506488,0.412744689713
134000,0.142248,0.350344,0.507408,0.413369429404
135000,0.14144,0.350464,0.508096,0.417326114119
136000,0.14036,0.350288,0.509352,0.419825072886
137000,0.139424,0.350688,0.509888,0.422324031653
138000,0.138592,0.350544,0.510864,0.424822990421
139000,0.13772,0.350528,0.511752,0.423365264473
140000,0.136752,0.350664,0.512584,0.425031236985
141000,0.135736,0.350472,0.513792,0.426488962932
142000,0.134736,0.350464,0.5148,0.427530195752
143000,0.133936,0.350296,0.515768,0.429820907955
144000,0.133008,0.350208,0.516784,0.429196168263
145000,0.13216,0.350336,0.517504,0.429404414827
146000,0.13132,0.35024,0.51844,0.428154935444
147000,0.130464,0.350328,0.519208,0.428154935444
148000,0.129552,0.350136,0.520312,0.42794668888
149000,0.128672,0.350248,0.52108,0.428987921699
150000,0.12768,0.350464,0.521856,0.428987921699
151000,0.126736,0.350264,0.523,0.430445647647
152000,0.12572,0.350008,0.524272,0.430237401083
153000,0.124944,0.350056,0.525,0.429612661391
154000,0.124144,0.349952,0.525904,0.428987921699
155000,0.123288,0.34996,0.526752,0.428363182007
156000,0.122536,0.349944,0.52752,0.431903373594
157000,0.121568,0.349968,0.528464,0.433985839234
158000,0.120832,0.350024,0.529144,0.434610578925
159000,0.120136,0.349984,0.52988,0.436276551437
160000,0.119296,0.349968,0.530736,0.436901291129
161000,0.118392,0.349944,0.531664,0.436484798001
162000,0.117576,0.350008,0.532416,0.435651811745
163000,0.116824,0.349728,0.533448,0.436484798001
164000,0.116152,0.349752,0.534096,0.438359017076
165000,0.115336,0.349736,0.534928,0.440857975843
166000,0.114616,0.349576,0.535808,0.43960849646
167000,0.113824,0.349736,0.53644,0.441690962099
168000,0.113056,0.349944,0.537,0.440441482716
169000,0.1122,0.350344,0.537456,0.442523948355
170000,0.111456,0.350416,0.538128,0.440857975843
171000,0.110632,0.350304,0.539064,0.444606413994
172000,0.109848,0.350288,0.539864,0.444606413994
173000,0.10928,0.349928,0.540792,0.44543940025
174000,0.108416,0.350024,0.54156,0.447938359017
175000,0.107712,0.349952,0.542336,0.448563098709
176000,0.107,0.349728,0.543272,0.449187838401
177000,0.106312,0.349544,0.544144,0.449604331529
178000,0.105456,0.34964,0.544904,0.452103290296
179000,0.104624,0.349464,0.545912,0.454185755935
180000,0.103808,0.349696,0.546496,0.455226988755
181000,0.102952,0.349928,0.54712,0.45710120783
182000,0.102256,0.350048,0.547696,0.45814244065
183000,0.101592,0.35008,0.548328,0.45710120783
184000,0.100872,0.350096,0.549032,0.454602249063
185000,0.100304,0.350144,0.549552,0.455435235319
186000,0.099512,0.350016,0.550472,0.455435235319
187000,0.0988,0.349744,0.551456,0.45710120783
188000,0.098216,0.349912,0.551872,0.456476468138
189000,0.097608,0.34972,0.552672,0.456684714702
190000,0.097,0.349768,0.553232,0.457934194086
191000,0.096392,0.350024,0.553584,0.456892961266
192000,0.095704,0.350008,0.554288,0.458350687214
193000,0.094808,0.349992,0.5552,0.458975426905
194000,0.094016,0.35016,0.555824,0.461057892545
195000,0.093288,0.350072,0.55664,0.463348604748
196000,0.092664,0.350176,0.55716,0.463140358184
197000,0.092,0.349984,0.558016,0.462099125364
198000,0.091296,0.349848,0.558856,0.462723865056
199000,0.090608,0.349792,0.5596,0.461474385673
200000,0.089856,0.349712,0.560432,0.464389837568
201000,0.089296,0.34964,0.561064,0.461057892545
202000,0.088712,0.349384,0.561904,0.462099125364
203000,0.088032,0.349504,0.562464,0.463765097876
204000,0.08732,0.349488,0.563192,0.463348604748
205000,0.086656,0.34932,0.564024,0.466472303207
206000,0.086024,0.349056,0.56492,0.467721782591
207000,0.085304,0.349168,0.565528,0.471053727613
208000,0.084712,0.349232,0.566056,0.472719700125
209000,0.084,0.34912,0.56688,0.473552686381
210000,0.083368,0.348672,0.56796,0.472511453561
211000,0.082632,0.348552,0.568816,0.473969179509
212000,0.082,0.34844,0.56956,0.473969179509
213000,0.08148,0.34832,0.5702,0.473344439817
214000,0.08084,0.348176,0.570984,0.47563515202
215000,0.080264,0.348432,0.571304,0.475843398584
216000,0.079728,0.348288,0.571984,0.476468138276
217000,0.079216,0.348432,0.572352,0.475426905456
218000,0.078704,0.348192,0.573104,0.478550603915
219000,0.07808,0.348208,0.573712,0.478134110787
220000,0.07752,0.348176,0.574304,0.479383590171
221000,0.076912,0.34828,0.574808,0.478550603915
222000,0.0762,0.348056,0.575744,0.479383590171
223000,0.075544,0.347984,0.576472,0.479175343607
224000,0.075144,0.347784,0.577072,0.480633069554
225000,0.074576,0.347816,0.577608,0.48042482299
226000,0.074032,0.347544,0.578424,0.480841316118
227000,0.073496,0.34752,0.578984,0.48042482299
228000,0.072888,0.347704,0.579408,0.480633069554
229000,0.072352,0.34784,0.579808,0.479800083299
230000,0.071792,0.347616,0.580592,0.480008329863
231000,0.071352,0.347384,0.581264,0.483340274885
232000,0.07076,0.347344,0.581896,0.486672219908
233000,0.07028,0.347448,0.582272,0.48833819242
234000,0.069752,0.347408,0.58284,0.4872969596
235000,0.069184,0.347472,0.583344,0.487713452728
236000,0.068648,0.347024,0.584328,0.490212411495
237000,0.068144,0.346688,0.585168,0.492086630571
238000,0.06772,0.34656,0.58572,0.490420658059
239000,0.067256,0.346416,0.586328,0.489587671803
240000,0.066896,0.346016,0.587088,0.490212411495
241000,0.066408,0.345808,0.587784,0.491461890879
242000,0.065968,0.34592,0.588112,0.491045397751
243000,0.065496,0.345864,0.58864,0.487921699292
244000,0.065072,0.345784,0.589144,0.488754685548
245000,0.06472,0.345608,0.589672,0.489379425239
246000,0.064208,0.345528,0.590264,0.493336109954
247000,0.06384,0.34556,0.5906,0.496459808413
248000,0.063456,0.345384,0.59116,0.497709287797
249000,0.06284,0.3454,0.59176,0.498750520616
250000,0.062432,0.34544,0.592128,0.497917534361
251000,0.061896,0.345552,0.592552,0.498542274052
252000,0.061448,0.345496,0.593056,0.502498958767
253000,0.06092,0.345352,0.593728,0.500624739692
254000,0.06044,0.345248,0.594312,0.50104123282
255000,0.059968,0.344928,0.595104,0.501457725948
256000,0.059496,0.344888,0.595616,0.501665972511
257000,0.059096,0.34476,0.596144,0.502082465639
258000,0.0588,0.344456,0.596744,0.504164931279
259000,0.058376,0.344568,0.597056,0.503331945023
260000,0.058056,0.344624,0.59732,0.502915451895
261000,0.057544,0.344488,0.597968,0.50478967097
262000,0.057128,0.344392,0.59848,0.506247396918
263000,0.056712,0.344392,0.598896,0.506663890046
264000,0.05632,0.34424,0.59944,0.507913369429
265000,0.055912,0.344136,0.599952,0.507496876302
266000,0.055456,0.343816,0.600728,0.510412328197
267000,0.055144,0.343512,0.601344,0.509162848813
268000,0.054744,0.343696,0.60156,0.508954602249
269000,0.054312,0.343584,0.602104,0.508746355685
270000,0.053808,0.343592,0.6026,0.508121615993
271000,0.053424,0.343744,0.602832,0.507913369429
272000,0.053032,0.343624,0.603344,0.507705122865
273000,0.052656,0.343552,0.603792,0.507705122865
274000,0.052248,0.343664,0.604088,0.508121615993
275000,0.05196,0.343824,0.604216,0.508121615993
276000,0.051576,0.343688,0.604736,0.509787588505
277000,0.051192,0.343784,0.605024,0.510620574761
278000,0.050792,0.34368,0.605528,0.511037067888
279000,0.050424,0.343656,0.60592,0.511245314452
280000,0.05008,0.343448,0.606472,0.510828821324
281000,0.049624,0.343424,0.606952,0.513327780092
282000,0.049176,0.343128,0.607696,0.515201999167
283000,0.048736,0.342824,0.60844,0.516243231987
284000,0.048376,0.342544,0.60908,0.516659725115
285000,0.047952,0.34256,0.609488,0.516034985423
286000,0.04764,0.34244,0.60992,0.517909204498
287000,0.04728,0.342208,0.610512,0.519158683882
288000,0.047008,0.341936,0.611056,0.522282382341
289000,0.04668,0.341896,0.611424,0.522282382341
290000,0.04644,0.341608,0.611952,0.522490628905
291000,0.046136,0.341408,0.612456,0.52436484798
292000,0.045864,0.341232,0.612904,0.526655560183
293000,0.045464,0.341112,0.613424,0.526863806747
294000,0.045064,0.341144,0.613792,0.528738025823
295000,0.044792,0.340624,0.614584,0.530403998334
296000,0.044376,0.340656,0.614968,0.532486463973
297000,0.044016,0.340808,0.615176,0.531445231154
298000,0.043704,0.340968,0.615328,0.532278217409
299000,0.043416,0.341144,0.61544,0.534985422741
300000,0.043152,0.34096,0.615888,0.533944189921
301000,0.042816,0.3408,0.616384,0.534985422741
302000,0.042496,0.340616,0.616888,0.535193669304
303000,0.042136,0.340448,0.617416,0.537484381508
304000,0.041888,0.340456,0.617656,0.538733860891
305000,0.041592,0.34064,0.617768,0.538733860891
306000,0.041224,0.340624,0.618152,0.537484381508
307000,0.04092,0.340776,0.618304,0.539775093711
308000,0.04068,0.34044,0.61888,0.542065805914
309000,0.040336,0.340248,0.619416,0.541024573095
310000,0.040056,0.33996,0.619984,0.540399833403
311000,0.039792,0.3398,0.620408,0.539775093711
312000,0.03952,0.339496,0.620984,0.540608079967
313000,0.039136,0.339584,0.62128,0.541024573095
314000,0.038864,0.339448,0.621688,0.544981257809
315000,0.038648,0.339432,0.62192,0.544564764681
316000,0.038408,0.339432,0.62216,0.542690545606
317000,0.038144,0.33944,0.622416,0.542274052478
318000,0.037832,0.33956,0.622608,0.540608079967
319000,0.037576,0.339264,0.62316,0.54185755935
320000,0.037272,0.33932,0.623408,0.540816326531
321000,0.037016,0.33952,0.623464,0.541441066222
322000,0.036784,0.33964,0.623576,0.540399833403
323000,0.036544,0.339824,0.623632,0.539983340275
324000,0.036288,0.339592,0.62412,0.539775093711
325000,0.035904,0.339688,0.624408,0.539775093711
326000,0.03564,0.339864,0.624496,0.538733860891
327000,0.035368,0.339872,0.62476,0.54185755935
328000,0.035096,0.34024,0.624664,0.541649312786
329000,0.0348,0.340208,0.624992,0.541649312786
330000,0.03452,0.340104,0.625376,0.545814244065
331000,0.034288,0.340232,0.62548,0.546855476885
332000,0.034064,0.340256,0.62568,0.547063723449
333000,0.033784,0.340336,0.62588,0.548521449396
334000,0.0336,0.340224,0.626176,0.549146189088
335000,0.0334,0.340392,0.626208,0.54977092878
336000,0.033104,0.340168,0.626728,0.548937942524
337000,0.03276,0.340016,0.627224,0.549354435652
338000,0.032424,0.339904,0.627672,0.548937942524
339000,0.032064,0.339544,0.628392,0.551020408163
340000,0.031872,0.339712,0.628416,0.550603915035
341000,0.031728,0.339832,0.62844,0.551645147855
342000,0.031552,0.339608,0.62884,0.551020408163
343000,0.031288,0.339632,0.62908,0.553727613494
344000,0.031064,0.339416,0.62952,0.553102873803
345000,0.030752,0.339392,0.629856,0.552478134111
346000,0.03044,0.339304,0.630256,0.552061640983
347000,0.03024,0.339288,0.630472,0.553311120367
348000,0.030056,0.339032,0.630912,0.552061640983
349000,0.029784,0.339136,0.63108,0.552269887547
350000,0.0296,0.339288,0.631112,0.549354435652
351000,0.029384,0.33932,0.631296,0.54977092878
352000,0.029176,0.33932,0.631504,0.552061640983
353000,0.028904,0.339136,0.63196,0.553311120367
354000,0.028728,0.339248,0.632024,0.553102873803
355000,0.02852,0.3394,0.63208,0.552894627239
356000,0.028272,0.339424,0.632304,0.551228654727
357000,0.028072,0.339352,0.632576,0.550395668471
358000,0.02788,0.339392,0.632728,0.550187421908
359000,0.027704,0.339456,0.63284,0.54977092878
360000,0.027528,0.339296,0.633176,0.548521449396
361000,0.027304,0.33924,0.633456,0.54977092878
362000,0.027072,0.339488,0.63344,0.551645147855
363000,0.026832,0.339568,0.6336,0.551436901291
364000,0.026624,0.339584,0.633792,0.552894627239
365000,0.026424,0.339464,0.634112,0.552061640983
366000,0.026216,0.339472,0.634312,0.551436901291
367000,0.025904,0.339664,0.634432,0.550812161599
368000,0.0258,0.339984,0.634216,0.552061640983
369000,0.025584,0.340152,0.634264,0.552478134111
370000,0.02544,0.34012,0.63444,0.55456059975
371000,0.025128,0.339928,0.634944,0.551645147855
372000,0.02488,0.339752,0.635368,0.550187421908
373000,0.024696,0.339608,0.635696,0.550395668471
374000,0.024464,0.339744,0.635792,0.54768846314
375000,0.02428,0.339656,0.636064,0.548313202832
376000,0.024096,0.340024,0.63588,0.547271970012
377000,0.023856,0.340352,0.635792,0.549354435652
378000,0.023656,0.340464,0.63588,0.547896709704
379000,0.023456,0.340648,0.635896,0.547896709704
380000,0.023328,0.340768,0.635904,0.545605997501
381000,0.023056,0.34108,0.635864,0.546438983757
382000,0.022792,0.34124,0.635968,0.546647230321
383000,0.022632,0.341424,0.635944,0.546855476885
384000,0.02248,0.341664,0.635856,0.546438983757
385000,0.02228,0.34204,0.63568,0.545814244065
386000,0.022144,0.3424,0.635456,0.546647230321
387000,0.02196,0.342688,0.635352,0.546022490629
388000,0.021792,0.342784,0.635424,0.547063723449
389000,0.0216,0.342864,0.635536,0.548521449396
390000,0.021424,0.342864,0.635712,0.54768846314
391000,0.021264,0.343024,0.635712,0.546438983757
392000,0.021008,0.343024,0.635968,0.546855476885
393000,0.02088,0.343048,0.636072,0.548937942524
394000,0.020712,0.343464,0.635824,0.549562682216
395000,0.02048,0.34352,0.636,0.54872969596
396000,0.020344,0.34376,0.635896,0.547480216576
397000,0.020128,0.343976,0.635896,0.548313202832
398000,0.01996,0.344136,0.635904,0.549146189088
399000,0.019808,0.344584,0.635608,0.549354435652
400000,0.01972,0.344664,0.635616,0.550187421908
401000,0.01956,0.344744,0.635696,0.551436901291
402000,0.019408,0.34476,0.635832,0.551020408163
403000,0.019264,0.344904,0.635832,0.551645147855
404000,0.019096,0.345208,0.635696,0.553311120367
405000,0.019,0.345488,0.635512,0.552478134111
406000,0.01884,0.345464,0.635696,0.550603915035
407000,0.018696,0.345768,0.635536,0.549146189088
408000,0.018576,0.346064,0.63536,0.549354435652
409000,0.018504,0.346328,0.635168,0.548937942524
410000,0.018312,0.346472,0.635216,0.550395668471
411000,0.018192,0.346656,0.635152,0.54872969596
412000,0.018112,0.347,0.634888,0.549979175344
413000,0.018,0.347168,0.634832,0.548313202832
414000,0.017856,0.347416,0.634728,0.550395668471
415000,0.017728,0.347744,0.634528,0.550603915035
416000,0.017608,0.34784,0.634552,0.552269887547
417000,0.017464,0.348256,0.63428,0.552686380675
418000,0.017328,0.348544,0.634128,0.554768846314
419000,0.017168,0.348992,0.63384,0.556226572262
420000,0.017048,0.349032,0.63392,0.557476051645
421000,0.016928,0.349192,0.63388,0.558309037901
422000,0.016856,0.349648,0.633496,0.556434818825
423000,0.016736,0.349856,0.633408,0.558517284465
424000,0.016576,0.350072,0.633352,0.559975010412
425000,0.016464,0.350128,0.633408,0.559558517284
426000,0.016376,0.350504,0.63312,0.558309037901
427000,0.016288,0.350872,0.63284,0.556018325698
428000,0.016168,0.350944,0.632888,0.556851311953
429000,0.016016,0.35108,0.632904,0.555810079134
430000,0.015936,0.351264,0.6328,0.558309037901
431000,0.0158,0.351696,0.632504,0.557684298209
432000,0.015664,0.35196,0.632376,0.558100791337
433000,0.01552,0.3524,0.63208,0.557892544773
434000,0.0154,0.35248,0.63212,0.557059558517
435000,0.015264,0.35268,0.632056,0.557892544773
436000,0.015168,0.353008,0.631824,0.558100791337
437000,0.015024,0.353456,0.63152,0.555810079134
438000,0.014896,0.353984,0.63112,0.556226572262
439000,0.014784,0.35444,0.630776,0.555810079134
440000,0.014744,0.354664,0.630592,0.556643065389
441000,0.014632,0.355016,0.630352,0.558725531029
442000,0.014456,0.355264,0.63028,0.558725531029
443000,0.014352,0.355632,0.630016,0.558100791337
444000,0.014296,0.355704,0.63,0.559766763848
445000,0.0142,0.356184,0.629616,0.560599750104
446000,0.01412,0.35652,0.62936,0.562890462307
447000,0.014032,0.356848,0.62912,0.56622240733
448000,0.013936,0.357304,0.62876,0.565389421075
449000,0.013816,0.357856,0.628328,0.564972927947
450000,0.013656,0.358152,0.628192,0.568513119534
451000,0.013552,0.358112,0.628336,0.567888379842
452000,0.013456,0.35884,0.627704,0.568513119534
453000,0.013288,0.359128,0.627584,0.571845064556
454000,0.013168,0.3594,0.627432,0.570179092045
455000,0.013128,0.359656,0.627216,0.569554352353
456000,0.012976,0.360104,0.62692,0.571428571429
457000,0.01284,0.360464,0.626696,0.569346105789
458000,0.012752,0.360936,0.626312,0.570179092045
459000,0.012648,0.361296,0.626056,0.575385256143
460000,0.012568,0.36188,0.625552,0.575385256143
461000,0.012488,0.362104,0.625408,0.573719283632
462000,0.012376,0.362416,0.625208,0.574552269888
463000,0.012272,0.362936,0.624792,0.575801749271
464000,0.012168,0.363416,0.624416,0.575177009579
465000,0.01208,0.363696,0.624224,0.575177009579
466000,0.011968,0.36396,0.624072,0.579758433986
467000,0.011848,0.364304,0.623848,0.580174927114
468000,0.011728,0.364696,0.623576,0.581007913369
469000,0.011656,0.36496,0.623384,0.581632653061
470000,0.011576,0.365336,0.623088,0.581216159933
471000,0.011552,0.36584,0.622608,0.581424406497
472000,0.011488,0.366352,0.62216,0.579550187422
473000,0.011368,0.366904,0.621728,0.57788421491
474000,0.011328,0.367512,0.62116,0.578300708038
475000,0.011264,0.36784,0.620896,0.578508954602
476000,0.0112,0.368128,0.620672,0.578717201166
477000,0.011136,0.368472,0.620392,0.580383173678
478000,0.010992,0.369008,0.62,0.580799666805
479000,0.010968,0.369736,0.619296,0.581007913369
480000,0.01088,0.370144,0.618976,0.582882132445
481000,0.010816,0.370456,0.618728,0.583923365264
482000,0.010776,0.370888,0.618336,0.584964598084
483000,0.010696,0.3714,0.617904,0.584964598084
484000,0.010608,0.371944,0.617448,0.583506872137
485000,0.010536,0.372536,0.616928,0.584131611828
486000,0.010432,0.373056,0.616512,0.583298625573
487000,0.010352,0.37356,0.616088,0.583923365264
488000,0.010256,0.37392,0.615824,0.583298625573
489000,0.010184,0.37448,0.615336,0.585589337776
490000,0.010104,0.374856,0.61504,0.583298625573
491000,0.010008,0.375376,0.614616,0.582673885881
492000,0.009952,0.376088,0.61396,0.581840899625
493000,0.009856,0.3766,0.613544,0.578508954602
494000,0.00976,0.377088,0.613152,0.576842982091
495000,0.009688,0.377776,0.612536,0.578092461474
496000,0.009656,0.378192,0.612152,0.57788421491
497000,0.009592,0.378816,0.611592,0.577051228655
498000,0.00952,0.379312,0.611168,0.577467721783
499000,0.009464,0.379856,0.61068,0.577051228655
500000,0.0094,0.38056,0.61004,0.577467721783
501000,0.009368,0.38088,0.609752,0.576218242399
502000,0.00928,0.381184,0.609536,0.575385256143
503000,0.009224,0.381632,0.609144,0.572886297376
504000,0.009112,0.38216,0.608728,0.571636817993
505000,0.008984,0.38252,0.608496,0.571012078301
506000,0.008968,0.383048,0.607984,0.571636817993
507000,0.008904,0.383608,0.607488,0.573719283632
508000,0.008856,0.384072,0.607072,0.571636817993
509000,0.00884,0.384744,0.606416,0.572469804248
510000,0.008824,0.385168,0.606008,0.57205331112
511000,0.008808,0.385536,0.605656,0.571428571429
512000,0.008736,0.385928,0.605336,0.57205331112
513000,0.008696,0.386384,0.60492,0.571012078301
514000,0.00864,0.386896,0.604464,0.568929612661
515000,0.008592,0.387432,0.603976,0.567888379842
516000,0.00852,0.387912,0.603568,0.568721366097
517000,0.008464,0.388648,0.602888,0.56830487297
518000,0.008384,0.389464,0.602152,0.569137859225
519000,0.008336,0.390264,0.6014,0.569762598917
520000,0.008272,0.39116,0.600568,0.568929612661
521000,0.0082,0.391992,0.599808,0.569346105789
522000,0.00816,0.392872,0.598968,0.568929612661
523000,0.008048,0.393576,0.598376,0.56830487297
524000,0.008024,0.394072,0.597904,0.565805914202
525000,0.007936,0.394672,0.597392,0.563723448563
526000,0.007904,0.395456,0.59664,0.563098708871
527000,0.007832,0.396184,0.595984,0.562057476052
528000,0.007768,0.396928,0.595304,0.56039150354
529000,0.007712,0.397672,0.594616,0.560807996668
530000,0.007672,0.398328,0.594,0.561016243232
531000,0.007624,0.398944,0.593432,0.562265722616
532000,0.007576,0.399392,0.593032,0.561849229488
533000,0.007504,0.400288,0.592208,0.563931695127
534000,0.007432,0.400848,0.59172,0.565181174511
535000,0.007368,0.401472,0.59116,0.564972927947
536000,0.007296,0.402168,0.590536,0.564348188255
537000,0.007256,0.402816,0.589928,0.565181174511
538000,0.0072,0.403464,0.589336,0.565389421075
539000,0.007136,0.404384,0.58848,0.569137859225
540000,0.00708,0.405288,0.587632,0.569970845481
541000,0.007024,0.40572,0.587256,0.569554352353
542000,0.006944,0.40652,0.586536,0.570387338609
543000,0.00692,0.407328,0.585752,0.571428571429
544000,0.00684,0.408264,0.584896,0.574344023324
545000,0.006776,0.409168,0.584056,0.572261557684
546000,0.00676,0.409992,0.583248,0.572261557684
547000,0.006712,0.410512,0.582776,0.572678050812
548000,0.00668,0.41124,0.58208,0.571636817993
549000,0.006632,0.411888,0.58148,0.569762598917
550000,0.006576,0.412608,0.580816,0.569970845481
551000,0.006552,0.413312,0.580136,0.57205331112
552000,0.006504,0.414056,0.57944,0.572678050812
553000,0.006456,0.415072,0.578472,0.572678050812
554000,0.006392,0.41568,0.577928,0.571012078301
555000,0.006368,0.416712,0.57692,0.570803831737
556000,0.006312,0.417552,0.576136,0.570387338609
557000,0.006296,0.418248,0.575456,0.571845064556
558000,0.006264,0.418728,0.575008,0.572469804248
559000,0.0062,0.419368,0.574432,0.571845064556
560000,0.006144,0.420152,0.573704,0.573719283632
561000,0.006096,0.420976,0.572928,0.57309454394
562000,0.00604,0.421632,0.572328,0.571428571429
563000,0.005984,0.422152,0.571864,0.571428571429
564000,0.005904,0.42304,0.571056,0.572886297376
565000,0.005832,0.423896,0.570272,0.572261557684
566000,0.005768,0.42464,0.569592,0.572261557684
567000,0.005712,0.425464,0.568824,0.57309454394
568000,0.005696,0.426432,0.567872,0.571636817993
569000,0.005624,0.427088,0.567288,0.572886297376
570000,0.00556,0.427616,0.566824,0.573302790504
571000,0.005512,0.428376,0.566112,0.573302790504
572000,0.005448,0.428896,0.565656,0.574760516451
573000,0.005432,0.42976,0.564808,0.573302790504
574000,0.005392,0.430672,0.563936,0.572886297376
575000,0.005376,0.431336,0.563288,0.573302790504
576000,0.00532,0.43208,0.5626,0.571636817993
577000,0.00528,0.432552,0.562168,0.571845064556
578000,0.00524,0.433432,0.561328,0.570803831737
579000,0.005208,0.434152,0.56064,0.571636817993
580000,0.005152,0.4352,0.559648,0.570387338609
581000,0.00512,0.436088,0.558792,0.571845064556
582000,0.00508,0.436784,0.558136,0.572678050812
583000,0.005032,0.43792,0.557048,0.571636817993
584000,0.005008,0.438552,0.55644,0.570803831737
585000,0.004976,0.439328,0.555696,0.572886297376
586000,0.00496,0.4402,0.55484,0.572678050812
587000,0.00492,0.440976,0.554104,0.57205331112
588000,0.00488,0.441896,0.553224,0.572469804248
589000,0.00484,0.442904,0.552256,0.571428571429
590000,0.004808,0.443776,0.551416,0.572469804248
591000,0.00476,0.444616,0.550624,0.571220324865
592000,0.004704,0.44532,0.549976,0.572469804248
593000,0.004664,0.446144,0.549192,0.572469804248
594000,0.004632,0.447184,0.548184,0.572469804248
595000,0.004608,0.44816,0.547232,0.573302790504
596000,0.004576,0.449136,0.546288,0.573719283632
597000,0.004544,0.45008,0.545376,0.571428571429
598000,0.004496,0.450944,0.54456,0.571012078301
599000,0.004496,0.45168,0.543824,0.572469804248
600000,0.00448,0.4526,0.54292,0.57309454394
601000,0.004432,0.453648,0.54192,0.572261557684
602000,0.004392,0.454552,0.541056,0.572469804248
603000,0.004392,0.45552,0.540088,0.571428571429
604000,0.004376,0.456616,0.539008,0.571845064556
605000,0.004368,0.457288,0.538344,0.571428571429
606000,0.00436,0.458104,0.537536,0.571220324865
607000,0.004304,0.458936,0.53676,0.569762598917
608000,0.004264,0.459672,0.536064,0.569346105789
609000,0.00424,0.4606,0.53516,0.569346105789
610000,0.004208,0.46176,0.534032,0.569137859225
611000,0.004192,0.46252,0.533288,0.570179092045
612000,0.004176,0.463256,0.532568,0.571012078301
613000,0.004152,0.464296,0.531552,0.571636817993
614000,0.004136,0.465248,0.530616,0.572469804248
615000,0.004096,0.466512,0.529392,0.572678050812
616000,0.004056,0.4674,0.528544,0.572469804248
617000,0.004016,0.468152,0.527832,0.571428571429
618000,0.003992,0.469512,0.526496,0.571845064556
619000,0.003968,0.470672,0.52536,0.570387338609
620000,0.003944,0.471696,0.52436,0.572469804248
621000,0.003904,0.472608,0.523488,0.573927530196
622000,0.00388,0.473576,0.522544,0.576426488963
623000,0.003856,0.474704,0.52144,0.577259475219
624000,0.003808,0.475792,0.5204,0.577051228655
625000,0.003776,0.476704,0.51952,0.576634735527
626000,0.003752,0.477336,0.518912,0.576218242399
627000,0.003744,0.478456,0.5178,0.576634735527
628000,0.003728,0.479304,0.516968,0.578300708038
629000,0.00372,0.480088,0.516192,0.578300708038
630000,0.003664,0.480848,0.515488,0.578717201166
631000,0.003632,0.481752,0.514616,0.57892544773
632000,0.003608,0.482464,0.513928,0.580591420242
633000,0.003592,0.483304,0.513104,0.578300708038
634000,0.003512,0.484496,0.511992,0.579550187422
635000,0.003488,0.485088,0.511424,0.578717201166
636000,0.003448,0.48604,0.510512,0.578717201166
637000,0.003424,0.487032,0.509544,0.578717201166
638000,0.0034,0.487928,0.508672,0.57788421491
639000,0.00336,0.48872,0.50792,0.57788421491
640000,0.003312,0.489744,0.506944,0.578508954602
641000,0.00328,0.490832,0.505888,0.579550187422
642000,0.003248,0.49208,0.504672,0.579133694294
643000,0.0032,0.493152,0.503648,0.580383173678
644000,0.0032,0.494328,0.502472,0.580799666805
645000,0.003184,0.49536,0.501456,0.579133694294
646000,0.003176,0.496408,0.500416,0.581007913369
647000,0.003104,0.4974,0.499496,0.580591420242
648000,0.003088,0.498232,0.49868,0.581216159933
649000,0.003056,0.499176,0.497768,0.579550187422
650000,0.003032,0.500152,0.496816,0.578300708038
651000,0.002984,0.501128,0.495888,0.580174927114
652000,0.002944,0.50204,0.495016,0.579550187422
653000,0.002936,0.503,0.494064,0.580799666805
654000,0.002904,0.504048,0.493048,0.582049146189
655000,0.002904,0.5052,0.491896,0.582465639317
656000,0.00288,0.506376,0.490744,0.582673885881
657000,0.002864,0.507392,0.489744,0.582049146189
658000,0.00284,0.508144,0.489016,0.586422324032
659000,0.002816,0.509232,0.487952,0.585381091212
660000,0.002784,0.509992,0.487224,0.583715118701
661000,0.002752,0.510776,0.486472,0.579550187422
662000,0.00272,0.511664,0.485616,0.581216159933
663000,0.002688,0.512872,0.48444,0.582465639317
664000,0.00268,0.513976,0.483344,0.582257392753
665000,0.002672,0.514984,0.482344,0.581216159933
666000,0.002664,0.515768,0.481568,0.580799666805
667000,0.002656,0.516624,0.48072,0.579758433986
668000,0.00264,0.517376,0.479984,0.580799666805
669000,0.002624,0.518312,0.479064,0.579758433986
670000,0.002608,0.5194,0.477992,0.581632653061
671000,0.0026,0.520416,0.476984,0.580799666805
672000,0.002576,0.52144,0.475984,0.582257392753
673000,0.00256,0.522456,0.474984,0.582882132445
674000,0.002504,0.523648,0.473848,0.582465639317
675000,0.002496,0.52472,0.472784,0.581840899625
676000,0.002488,0.525712,0.4718,0.583090379009
677000,0.002472,0.526728,0.4708,0.586422324032
678000,0.002448,0.52776,0.469792,0.585381091212
679000,0.002424,0.528688,0.468888,0.584131611828
680000,0.002424,0.529952,0.467624,0.583090379009
681000,0.0024,0.53108,0.46652,0.583298625573
682000,0.002392,0.532064,0.465544,0.583298625573
683000,0.002344,0.53324,0.464416,0.581632653061
684000,0.002328,0.534192,0.46348,0.579341940858
685000,0.00232,0.535224,0.462456,0.579758433986
686000,0.002312,0.536112,0.461576,0.57996668055
687000,0.002312,0.537248,0.46044,0.580174927114
688000,0.002304,0.538472,0.459224,0.581007913369
689000,0.002288,0.539544,0.458168,0.581424406497
690000,0.002272,0.540688,0.45704,0.581632653061
691000,0.002264,0.541648,0.456088,0.580383173678
692000,0.00224,0.543064,0.454696,0.580799666805
693000,0.002216,0.544408,0.453376,0.582257392753
694000,0.0022,0.545528,0.452272,0.583506872137
695000,0.002176,0.546424,0.4514,0.584339858392
696000,0.00216,0.547304,0.450536,0.583298625573
697000,0.00216,0.548488,0.449352,0.583506872137
698000,0.002144,0.549528,0.448328,0.584131611828
699000,0.002136,0.550704,0.44716,0.583923365264
700000,0.00212,0.551816,0.446064,0.583506872137
701000,0.002096,0.553008,0.444896,0.585381091212
702000,0.002064,0.554096,0.44384,0.586005830904
703000,0.00204,0.555216,0.442744,0.586422324032
704000,0.002032,0.556472,0.441496,0.588296543107
705000,0.002024,0.557472,0.440504,0.590170762182
706000,0.002008,0.558528,0.439464,0.589337775927
707000,0.001992,0.559288,0.43872,0.59058725531
708000,0.001984,0.560344,0.437672,0.591420241566
709000,0.00196,0.561408,0.436632,0.59266972095
710000,0.001952,0.562224,0.435824,0.592461474386
711000,0.001936,0.5634,0.434664,0.592877967514
712000,0.001936,0.5644,0.433664,0.593294460641
713000,0.001928,0.565392,0.43268,0.593294460641
714000,0.001896,0.566536,0.431568,0.594543940025
715000,0.001888,0.567504,0.430608,0.592877967514
716000,0.00188,0.56852,0.4296,0.592044981258
717000,0.001872,0.569512,0.428616,0.590795501874
718000,0.001856,0.570632,0.427512,0.589129529363
719000,0.001848,0.571528,0.426624,0.588504789671
720000,0.001824,0.572456,0.42572,0.589337775927
721000,0.001808,0.573632,0.42456,0.588713036235
722000,0.001792,0.574824,0.423384,0.589129529363
723000,0.00176,0.575808,0.422432,0.59058725531
724000,0.001744,0.576976,0.42128,0.591211995002
725000,0.001696,0.578224,0.42008,0.593710953769
726000,0.001672,0.579416,0.418912,0.593710953769
727000,0.001664,0.58044,0.417896,0.592877967514
728000,0.001664,0.581912,0.416424,0.593294460641
729000,0.00164,0.582928,0.415432,0.592877967514
730000,0.001624,0.584072,0.414304,0.59162848813
731000,0.0016,0.58528,0.41312,0.593086214077
732000,0.001568,0.586328,0.412104,0.593502707205
733000,0.00156,0.587416,0.411024,0.595585172845
734000,0.001552,0.588488,0.40996,0.597042898792
735000,0.001536,0.589736,0.408728,0.594960433153
736000,0.001536,0.591056,0.407408,0.596209912536
737000,0.00152,0.592208,0.406272,0.596209912536
738000,0.001472,0.593136,0.405392,0.597251145356
739000,0.001456,0.59432,0.404224,0.597667638484
740000,0.001456,0.595552,0.402992,0.597251145356
741000,0.001456,0.596744,0.4018,0.600166597251
742000,0.00144,0.59764,0.40092,0.600374843815
743000,0.00144,0.599104,0.399456,0.601416076635
744000,0.0014,0.600424,0.398176,0.60224906289
745000,0.0014,0.601656,0.396944,0.602873802582
746000,0.0014,0.602752,0.395848,0.604123281966
747000,0.0014,0.603752,0.394848,0.605789254477
748000,0.001384,0.604816,0.3938,0.605789254477
749000,0.001376,0.605688,0.392936,0.605997501041
750000,0.001368,0.606824,0.391808,0.605581007913
751000,0.001352,0.607728,0.39092,0.605372761349
752000,0.001352,0.608656,0.389992,0.606205747605
753000,0.001344,0.609256,0.3894,0.608496459808
754000,0.001344,0.610464,0.388192,0.608912952936
755000,0.001344,0.611592,0.387064,0.608496459808
756000,0.001328,0.612912,0.38576,0.609745939192
757000,0.00132,0.614024,0.384656,0.608912952936
758000,0.001304,0.61488,0.383816,0.609537692628
759000,0.001288,0.61612,0.382592,0.61016243232
760000,0.001288,0.617344,0.381368,0.609745939192
761000,0.001288,0.618136,0.380576,0.609745939192
762000,0.001288,0.619176,0.379536,0.610787172012
763000,0.001272,0.620104,0.378624,0.613702623907
764000,0.001264,0.621224,0.377512,0.614535610162
765000,0.001256,0.622376,0.376368,0.615160349854
766000,0.001248,0.623576,0.375176,0.61599333611
767000,0.00124,0.624672,0.374088,0.616201582674
768000,0.00124,0.625712,0.373048,0.616409829238
769000,0.001208,0.626872,0.37192,0.617451062057
770000,0.0012,0.62808,0.37072,0.616409829238
771000,0.001184,0.629224,0.369592,0.617242815494
772000,0.001184,0.630344,0.368472,0.617659308621
773000,0.001144,0.631272,0.367584,0.619325281133
774000,0.001136,0.632312,0.366552,0.618492294877
775000,0.00112,0.633088,0.365792,0.618908788005
776000,0.001112,0.634072,0.364816,0.620366513953
777000,0.001104,0.635152,0.363744,0.622448979592
778000,0.001104,0.636144,0.362752,0.623281965848
779000,0.001096,0.637128,0.361776,0.626197417743
780000,0.00108,0.638112,0.360808,0.624739691795
781000,0.00108,0.639384,0.359536,0.624114952103
782000,0.00108,0.640544,0.358376,0.623906705539
783000,0.00108,0.641552,0.357368,0.623490212411
784000,0.001072,0.642688,0.35624,0.622240733028
785000,0.001072,0.643688,0.35524,0.621615993336
786000,0.001072,0.645064,0.353864,0.622240733028
787000,0.001064,0.645848,0.353088,0.622448979592
788000,0.000992,0.646808,0.3522,0.621199500208
789000,0.000984,0.647976,0.35104,0.620574760516
790000,0.000976,0.648952,0.350072,0.618075801749
791000,0.00096,0.650072,0.348968,0.618908788005
792000,0.000952,0.651344,0.347704,0.619325281133
793000,0.000928,0.652288,0.346784,0.619950020825
794000,0.00092,0.653304,0.345776,0.619117034569
795000,0.000904,0.654416,0.34468,0.617659308621
796000,0.000904,0.655352,0.343744,0.619325281133
797000,0.000896,0.65656,0.342544,0.618908788005
798000,0.000888,0.657656,0.341456,0.618492294877
799000,0.000888,0.658864,0.340248,0.617242815494
800000,0.000872,0.660064,0.339064,0.618908788005
801000,0.000864,0.66112,0.338016,0.619741774261
802000,0.000864,0.662328,0.336808,0.622657226156
803000,0.000864,0.663384,0.335752,0.624323198667
804000,0.000856,0.66444,0.334704,0.623906705539
805000,0.00084,0.665424,0.333736,0.624739691795
806000,0.00084,0.66668,0.33248,0.626197417743
807000,0.00084,0.667976,0.331184,0.625780924615
808000,0.00084,0.669128,0.330032,0.625989171179
809000,0.000832,0.670272,0.328896,0.627030403998
810000,0.000832,0.67132,0.327848,0.626405664307
811000,0.000824,0.672488,0.326688,0.626197417743
812000,0.000816,0.673696,0.325488,0.625572678051
813000,0.000808,0.674768,0.324424,0.627030403998
814000,0.0008,0.675744,0.323456,0.629737609329
815000,0.0008,0.6766,0.3226,0.631820074969
816000,0.0008,0.677712,0.321488,0.632861307788
817000,0.000792,0.678816,0.320392,0.634319033736
818000,0.000792,0.67964,0.319568,0.636401499375
819000,0.000784,0.680784,0.318432,0.635776759683
820000,0.000784,0.681704,0.317512,0.637859225323
821000,0.000784,0.682536,0.31668,0.637026239067
822000,0.000768,0.683616,0.315616,0.638692211579
823000,0.000768,0.684752,0.31448,0.640774677218
824000,0.000768,0.685824,0.313408,0.641607663474
825000,0.000768,0.686808,0.312424,0.643481882549
826000,0.00076,0.68772,0.31152,0.644523115369
827000,0.00076,0.688696,0.310544,0.644939608496
828000,0.000744,0.689608,0.309648,0.646397334444
829000,0.000736,0.6908,0.308464,0.648271553519
830000,0.000728,0.69176,0.307512,0.649521032903
831000,0.000712,0.692688,0.3066,0.650770512287
832000,0.000712,0.693704,0.305584,0.652436484798
833000,0.000704,0.694688,0.304608,0.654102457309
