1000,0.329064,0.336808,0.334128,0.33527696793
2000,0.327072,0.337008,0.33592,0.335485214494
3000,0.325384,0.3368,0.337816,0.335693461058
4000,0.3236,0.336456,0.339944,0.335485214494
5000,0.321432,0.336736,0.341832,0.338192419825
6000,0.319624,0.336608,0.343768,0.338400666389
7000,0.317928,0.336216,0.345856,0.338400666389
8000,0.31604,0.33624,0.34772,0.340691378592
9000,0.314288,0.336072,0.34964,0.340274885464
10000,0.312336,0.33592,0.351744,0.340899625156
11000,0.3106,0.335944,0.353456,0.338817159517
12000,0.30872,0.336136,0.355144,0.339441899209
13000,0.306904,0.336224,0.356872,0.340483132028
14000,0.30508,0.336,0.35892,0.340691378592
15000,0.303304,0.33592,0.360776,0.342565597668
16000,0.301552,0.33596,0.362488,0.341940857976
17000,0.299592,0.336128,0.36428,0.343398583923
18000,0.297952,0.335888,0.36616,0.344023323615
19000,0.29644,0.33576,0.3678,0.346314035818
20000,0.294672,0.335608,0.36972,0.344648063307
21000,0.292808,0.335464,0.371728,0.345897542691
22000,0.291008,0.33544,0.373552,0.34693877551
23000,0.289304,0.335312,0.375384,0.34798000833
24000,0.28764,0.335152,0.377208,0.347563515202
25000,0.28588,0.334944,0.379176,0.346314035818
26000,0.283968,0.334744,0.381288,0.347355268638
27000,0.282256,0.334824,0.38292,0.350062473969
28000,0.280536,0.335056,0.384408,0.349854227405
29000,0.27896,0.33512,0.38592,0.352144939608
30000,0.277296,0.3348,0.387904,0.352144939608
31000,0.275576,0.334736,0.389688,0.352353186172
32000,0.273816,0.334616,0.391568,0.353394418992
33000,0.272128,0.33444,0.393432,0.356101624323
34000,0.270616,0.334592,0.394792,0.355476884631
35000,0.268928,0.33436,0.396712,0.357351103707
36000,0.26732,0.334064,0.398616,0.354643898376
37000,0.265448,0.334096,0.400456,0.355685131195
38000,0.26384,0.333888,0.402272,0.356726364015
39000,0.262184,0.33388,0.403936,0.358808829654
40000,0.26048,0.3338,0.40572,0.35964181591
41000,0.258648,0.333792,0.40756,0.36068304873
42000,0.257136,0.333704,0.40916,0.361307788421
43000,0.255816,0.33316,0.411024,0.361099541858
44000,0.254192,0.332968,0.41284,0.361307788421
45000,0.252656,0.33288,0.414464,0.361932528113
46000,0.25116,0.33264,0.4162,0.362765514369
47000,0.249496,0.33244,0.418064,0.364639733444
48000,0.24792,0.332096,0.419984,0.366097459392
49000,0.246416,0.331936,0.421648,0.36651395252
50000,0.244992,0.33172,0.423288,0.368804664723
51000,0.243472,0.33164,0.424888,0.369637650979
52000,0.242232,0.33156,0.426208,0.37130362349
53000,0.24072,0.331312,0.427968,0.37130362349
54000,0.239152,0.331224,0.429624,0.374219075385
55000,0.237416,0.331192,0.431392,0.373594335693
56000,0.23596,0.331152,0.432888,0.375052061641
57000,0.234392,0.331032,0.434576,0.376301541025
58000,0.233072,0.330824,0.436104,0.377551020408
59000,0.231568,0.331112,0.43732,0.3781757601
60000,0.230176,0.331208,0.438616,0.3781757601
61000,0.228664,0.331024,0.440312,0.376718034152
62000,0.227224,0.331008,0.441768,0.3781757601
63000,0.225936,0.330936,0.443128,0.376718034152
64000,0.224592,0.3308,0.444608,0.375468554769
65000,0.22304,0.330944,0.446016,0.377342773844
66000,0.221624,0.330896,0.44748,0.379008746356
67000,0.220152,0.330768,0.44908,0.379841732611
68000,0.2188,0.330816,0.450384,0.380049979175
69000,0.217632,0.33068,0.451688,0.381299458559
70000,0.216184,0.33072,0.453096,0.379633486047
71000,0.214752,0.330696,0.454552,0.381715951687
72000,0.213192,0.330456,0.456352,0.381299458559
73000,0.21196,0.330544,0.457496,0.382340691379
74000,0.21052,0.330312,0.459168,0.383173677634
75000,0.209048,0.330672,0.46028,0.386089129529
76000,0.207672,0.33056,0.461768,0.387130362349
77000,0.206304,0.330136,0.46356,0.387963348605
78000,0.204848,0.330032,0.46512,0.387546855477
79000,0.203264,0.330232,0.466504,0.388379841733
80000,0.201824,0.330072,0.468104,0.389421074552
81000,0.20032,0.329856,0.469824,0.390670553936
82000,0.199128,0.329472,0.4714,0.391711786756
83000,0.197792,0.329456,0.472752,0.391711786756
84000,0.19656,0.329448,0.473992,0.393169512703
85000,0.195344,0.32912,0.475536,0.394627238651
86000,0.193864,0.329112,0.477024,0.395460224906
87000,0.192712,0.328872,0.478416,0.394002498959
88000,0.191384,0.328576,0.48004,0.395251978342
89000,0.190336,0.328624,0.48104,0.395460224906
90000,0.189072,0.328376,0.482552,0.396084964598
91000,0.187824,0.328168,0.484008,0.396501457726
92000,0.186696,0.327816,0.485488,0.396293211162
93000,0.185464,0.327976,0.48656,0.396917950854
94000,0.184304,0.327856,0.48784,0.397334443982
95000,0.183192,0.327816,0.488992,0.395460224906
96000,0.182216,0.327592,0.490192,0.397542690546
97000,0.181016,0.327352,0.491632,0.398583923365
98000,0.179864,0.326896,0.49324,0.400041649313
99000,0.178584,0.32668,0.494736,0.403998334027
100000,0.1774,0.326608,0.495992,0.406705539359
101000,0.176296,0.326656,0.497048,0.407538525614
102000,0.174856,0.326656,0.498488,0.411286963765
103000,0.173688,0.32668,0.499632,0.414618908788
104000,0.172688,0.326304,0.501008,0.411911703457
105000,0.171712,0.326288,0.502,0.412536443149
106000,0.170544,0.32624,0.503216,0.41420241566
107000,0.169576,0.326008,0.504416,0.413994169096
108000,0.168432,0.32596,0.505608,0.41524364848
109000,0.1674,0.325808,0.506792,0.414618908788
110000,0.166296,0.325568,0.508136,0.413994169096
111000,0.164952,0.325576,0.509472,0.416284881299
112000,0.163856,0.325584,0.51056,0.413577675968
113000,0.162808,0.325176,0.512016,0.41420241566
114000,0.161672,0.324984,0.513344,0.414618908788
115000,0.160632,0.32492,0.514448,0.416076634736
116000,0.159448,0.324888,0.515664,0.415660141608
117000,0.158368,0.32464,0.516992,0.41524364848
118000,0.157328,0.32472,0.517952,0.417534360683
119000,0.156224,0.324392,0.519384,0.420658059142
120000,0.155176,0.32396,0.520864,0.420866305706
121000,0.154056,0.323808,0.522136,0.42107455227
122000,0.153008,0.323664,0.523328,0.421699291962
123000,0.152048,0.323408,0.524544,0.422532278217
124000,0.150928,0.323232,0.52584,0.422948771345
125000,0.149856,0.322912,0.527232,0.424406497293
126000,0.148824,0.322592,0.528584,0.42586422324
127000,0.147832,0.32228,0.529888,0.426072469804
128000,0.146888,0.321952,0.53116,0.427738442316
129000,0.145896,0.3216,0.532504,0.428779675135
130000,0.145032,0.3212,0.533768,0.430237401083
131000,0.14408,0.320656,0.535264,0.430445647647
132000,0.143048,0.320472,0.53648,0.433985839234
133000,0.141952,0.32032,0.537728,0.435651811745
134000,0.140984,0.320176,0.53884,0.436484798001
135000,0.139976,0.320072,0.539952,0.436484798001
136000,0.138928,0.319656,0.541416,0.437317784257
137000,0.137904,0.319432,0.542664,0.440233236152
138000,0.136872,0.319472,0.543656,0.442732194919
139000,0.135976,0.318888,0.545136,0.443356934611
140000,0.13504,0.318696,0.546264,0.443565181175
141000,0.134136,0.318232,0.547632,0.443565181175
142000,0.13316,0.318032,0.548808,0.443773427738
143000,0.132192,0.317736,0.550072,0.446064139942
144000,0.131232,0.31796,0.550808,0.447313619325
145000,0.130448,0.317904,0.551648,0.449396084965
146000,0.12968,0.317648,0.552672,0.449604331529
147000,0.12892,0.317384,0.553696,0.450437317784
148000,0.128128,0.317032,0.55484,0.450645564348
149000,0.12732,0.316672,0.556008,0.450437317784
150000,0.126648,0.316352,0.557,0.448979591837
151000,0.125848,0.316328,0.557824,0.447105372761
152000,0.125056,0.315928,0.559016,0.447313619325
153000,0.12416,0.315704,0.560136,0.447730112453
154000,0.12336,0.315552,0.561088,0.449812578092
155000,0.122512,0.315264,0.562224,0.449187838401
156000,0.121488,0.315176,0.563336,0.449187838401
157000,0.120504,0.31524,0.564256,0.451895043732
158000,0.119664,0.314952,0.565384,0.452103290296
159000,0.118776,0.314688,0.566536,0.454394002499
160000,0.117816,0.314456,0.567728,0.454602249063
161000,0.11692,0.314472,0.568608,0.451686797168
162000,0.11596,0.314496,0.569544,0.452936276551
163000,0.115104,0.314224,0.570672,0.453977509371
164000,0.11432,0.313776,0.571904,0.453144523115
165000,0.11356,0.313648,0.572792,0.453144523115
166000,0.112752,0.313512,0.573736,0.452936276551
167000,0.112016,0.313024,0.57496,0.453144523115
168000,0.111368,0.312576,0.576056,0.452936276551
169000,0.11056,0.312328,0.577112,0.454185755935
170000,0.109744,0.312064,0.578192,0.455435235319
171000,0.108944,0.31184,0.579216,0.45710120783
172000,0.108168,0.311272,0.58056,0.456684714702
173000,0.10744,0.311072,0.581488,0.45814244065
174000,0.10656,0.310704,0.582736,0.461057892545
175000,0.105792,0.310184,0.584024,0.461682632237
176000,0.105072,0.309632,0.585296,0.464181591004
177000,0.104184,0.309224,0.586592,0.464806330696
178000,0.103496,0.309048,0.587456,0.465431070387
179000,0.102616,0.308784,0.5886,0.466680549771
180000,0.101808,0.308488,0.589704,0.464806330696
181000,0.100856,0.307896,0.591248,0.466264056643
182000,0.100304,0.307456,0.59224,0.466888796335
183000,0.099648,0.306952,0.5934,0.467097042899
184000,0.099,0.306656,0.594344,0.468554768846
185000,0.098344,0.306328,0.595328,0.468138275718
186000,0.097608,0.30608,0.596312,0.467930029155
187000,0.09696,0.305848,0.597192,0.471678467305
188000,0.096272,0.305608,0.59812,0.473136193253
189000,0.095592,0.30504,0.599368,0.476051645148
190000,0.094872,0.304592,0.600536,0.477925864223
191000,0.094312,0.304,0.601688,0.478967097043
192000,0.093672,0.30348,0.602848,0.481049562682
193000,0.093,0.303056,0.603944,0.481049562682
194000,0.09244,0.302536,0.605024,0.482090795502
195000,0.091768,0.30212,0.606112,0.483340274885
196000,0.091184,0.30148,0.607336,0.482090795502
197000,0.090504,0.30112,0.608376,0.483340274885
198000,0.08988,0.300536,0.609584,0.482299042066
199000,0.089208,0.30024,0.610552,0.485214493961
200000,0.088656,0.3,0.611344,0.486463973344
201000,0.088064,0.29952,0.612416,0.486463973344
202000,0.087456,0.299216,0.613328,0.489171178676
203000,0.086864,0.29872,0.614416,0.48833819242
204000,0.086328,0.29836,0.615312,0.488754685548
205000,0.085712,0.297896,0.616392,0.490420658059
206000,0.085104,0.297416,0.61748,0.491461890879
207000,0.084488,0.296816,0.618696,0.492086630571
208000,0.083864,0.296696,0.61944,0.493960849646
209000,0.083464,0.295864,0.620672,0.493544356518
210000,0.083024,0.295576,0.6214,0.492711370262
211000,0.082456,0.295216,0.622328,0.494377342774
212000,0.081784,0.29484,0.623376,0.496043315285
213000,0.081248,0.294456,0.624296,0.496251561849
214000,0.0806,0.294288,0.625112,0.497917534361
215000,0.080072,0.293872,0.626056,0.498334027489
216000,0.079496,0.293576,0.626928,0.499583506872
217000,0.078976,0.293192,0.627832,0.498334027489
218000,0.07836,0.292968,0.628672,0.500208246564
219000,0.077856,0.292456,0.629688,0.500416493128
220000,0.077464,0.292296,0.63024,0.501249479384
221000,0.076936,0.291904,0.63116,0.504164931279
222000,0.076456,0.291456,0.632088,0.504164931279
223000,0.075824,0.290976,0.6332,0.504373177843
224000,0.075344,0.29048,0.634176,0.50478967097
225000,0.074808,0.290096,0.635096,0.50687213661
226000,0.07428,0.289336,0.636384,0.508538109121
227000,0.073696,0.288624,0.63768,0.507288629738
228000,0.073208,0.288016,0.638776,0.513327780092
229000,0.072592,0.287608,0.6398,0.513536026656
230000,0.071976,0.287104,0.64092,0.516867971678
231000,0.0716,0.28676,0.64164,0.518950437318
232000,0.071064,0.286176,0.64276,0.519366930446
233000,0.070576,0.285464,0.64396,0.520199916701
234000,0.070168,0.285184,0.644648,0.520199916701
235000,0.069632,0.284696,0.645672,0.518742190754
236000,0.069128,0.283992,0.64688,0.517284464806
237000,0.068608,0.283392,0.648,0.517076218242
238000,0.068064,0.283032,0.648904,0.518325697626
239000,0.067584,0.282424,0.649992,0.51957517701
240000,0.06708,0.282016,0.650904,0.522074135777
241000,0.066632,0.281376,0.651992,0.521241149521
242000,0.066088,0.280584,0.653328,0.52436484798
243000,0.06572,0.280048,0.654232,0.5254060808
244000,0.065248,0.2794,0.655352,0.526863806747
245000,0.064664,0.278784,0.656552,0.527905039567
246000,0.064208,0.278272,0.65752,0.528113286131
247000,0.063776,0.277912,0.658312,0.529987505206
248000,0.06332,0.27728,0.6594,0.53019575177
249000,0.062888,0.276672,0.66044,0.53123698459
250000,0.062416,0.276344,0.66124,0.530403998334
251000,0.062016,0.2756,0.662384,0.53123698459
252000,0.06144,0.275104,0.663456,0.530403998334
253000,0.061032,0.274752,0.664216,0.531653477718
254000,0.060504,0.27424,0.665256,0.534152436485
255000,0.060032,0.273952,0.666016,0.535193669304
256000,0.059544,0.273312,0.667144,0.535193669304
257000,0.059096,0.272728,0.668176,0.53706788838
258000,0.058656,0.272352,0.668992,0.537276134944
259000,0.058264,0.271568,0.670168,0.537900874636
260000,0.0578,0.270912,0.671288,0.543107038734
261000,0.057376,0.270464,0.67216,0.544773011245
262000,0.05688,0.269792,0.673328,0.547063723449
263000,0.056424,0.26908,0.674496,0.547896709704
264000,0.055936,0.268632,0.675432,0.549562682216
265000,0.055568,0.268128,0.676304,0.551228654727
266000,0.0552,0.267472,0.677328,0.551436901291
267000,0.05484,0.266744,0.678416,0.551020408163
268000,0.054496,0.266192,0.679312,0.551020408163
269000,0.054096,0.265552,0.680352,0.553102873803
270000,0.053664,0.26496,0.681376,0.557059558517
271000,0.053208,0.26444,0.682352,0.560183256976
272000,0.052752,0.263808,0.68344,0.561224489796
273000,0.052424,0.26296,0.684616,0.56143273636
274000,0.051992,0.262432,0.685576,0.561016243232
275000,0.051576,0.261952,0.686472,0.561640982924
276000,0.05128,0.261312,0.687408,0.566014160766
277000,0.050848,0.260792,0.68836,0.568721366097
278000,0.050448,0.260328,0.689224,0.571012078301
279000,0.050016,0.25972,0.690264,0.570179092045
280000,0.04964,0.258976,0.691384,0.571428571429
281000,0.049248,0.25848,0.692272,0.573719283632
282000,0.048808,0.258208,0.692984,0.572261557684
283000,0.04844,0.257472,0.694088,0.572678050812
284000,0.048136,0.256768,0.695096,0.573511037068
285000,0.047784,0.256104,0.696112,0.576009995835
286000,0.047432,0.255416,0.697152,0.577675968347
287000,0.047144,0.254624,0.698232,0.57892544773
288000,0.046736,0.25404,0.699224,0.579758433986
289000,0.046232,0.253568,0.7002,0.581424406497
290000,0.045872,0.253136,0.700992,0.582465639317
291000,0.045472,0.25236,0.702168,0.583506872137
292000,0.045104,0.25188,0.703016,0.584548104956
293000,0.044792,0.251328,0.70388,0.585589337776
294000,0.044376,0.250816,0.704808,0.584964598084
295000,0.044096,0.249968,0.705936,0.586422324032
296000,0.043768,0.249248,0.706984,0.589129529363
297000,0.043392,0.248712,0.707896,0.59162848813
298000,0.042992,0.248,0.709008,0.59162848813
299000,0.042632,0.247568,0.7098,0.591420241566
300000,0.042288,0.24692,0.710792,0.592253227822
301000,0.042008,0.246168,0.711824,0.594335693461
302000,0.041744,0.245384,0.712872,0.594335693461
303000,0.04144,0.244808,0.713752,0.593919200333
304000,0.041144,0.24404,0.714816,0.594335693461
305000,0.040736,0.243488,0.715776,0.597667638484
306000,0.0404,0.24268,0.71692,0.598292378176
307000,0.040072,0.242024,0.717904,0.600791336943
308000,0.03972,0.24144,0.71884,0.601207830071
309000,0.039344,0.240856,0.7198,0.60224906289
310000,0.039016,0.239888,0.721096,0.601624323199
311000,0.038736,0.23908,0.722184,0.603915035402
312000,0.038456,0.238424,0.72312,0.605789254477
313000,0.038104,0.237848,0.724048,0.607871720117
314000,0.037848,0.237216,0.724936,0.608912952936
315000,0.037576,0.23636,0.726064,0.61016243232
316000,0.037248,0.235616,0.727136,0.610787172012
317000,0.03692,0.234992,0.728088,0.609745939192
318000,0.036648,0.234544,0.728808,0.609954185756
319000,0.036376,0.233792,0.729832,0.610578925448
320000,0.036096,0.233088,0.730816,0.613077884215
321000,0.0358,0.232392,0.731808,0.614327363599
322000,0.035648,0.231744,0.732608,0.618700541441
323000,0.035408,0.231,0.733592,0.619117034569
324000,0.035136,0.23044,0.734424,0.622032486464
325000,0.034784,0.229888,0.735328,0.623281965848
326000,0.034464,0.229072,0.736464,0.625780924615
327000,0.03416,0.22868,0.73716,0.626405664307
328000,0.03392,0.22812,0.73796,0.626822157434
329000,0.033624,0.227672,0.738704,0.627238650562
330000,0.0334,0.226896,0.739704,0.627863390254
331000,0.033072,0.226256,0.740672,0.62869637651
332000,0.032736,0.225688,0.741576,0.629112869638
333000,0.032512,0.224888,0.7426,0.630570595585
334000,0.03232,0.223992,0.743688,0.632236568097
335000,0.032096,0.223136,0.744768,0.632653061224
336000,0.031848,0.22264,0.745512,0.634110787172
337000,0.031592,0.22212,0.746288,0.634110787172
338000,0.031392,0.221424,0.747184,0.633902540608
339000,0.031248,0.220832,0.74792,0.6345272803
340000,0.030992,0.219928,0.74908,0.636609745939
341000,0.030776,0.219208,0.750016,0.637234485631
342000,0.030496,0.218528,0.750976,0.63931695127
343000,0.030312,0.217928,0.75176,0.640566430654
344000,0.030064,0.2172,0.752736,0.640982923782
345000,0.029888,0.216568,0.753544,0.64139941691
346000,0.029696,0.215776,0.754528,0.644106622241
347000,0.029456,0.214848,0.755696,0.643898375677
348000,0.029272,0.214096,0.756632,0.642648896293
349000,0.029112,0.213264,0.757624,0.643065389421
350000,0.028832,0.212472,0.758696,0.643481882549
351000,0.028576,0.21168,0.759744,0.645980841316
352000,0.028336,0.21092,0.760744,0.646605581008
353000,0.028024,0.210504,0.761472,0.646813827572
354000,0.0278,0.209848,0.762352,0.648063306955
355000,0.027584,0.20916,0.763256,0.6472303207
356000,0.027368,0.208288,0.764344,0.648896293211
357000,0.027152,0.2076,0.765248,0.650145772595
358000,0.026928,0.206744,0.766328,0.651603498542
359000,0.02672,0.206088,0.767192,0.653685964182
360000,0.026536,0.205416,0.768048,0.654935443565
361000,0.026272,0.204432,0.769296,0.655768429821
362000,0.026104,0.20368,0.770216,0.657226155768
363000,0.02596,0.2032,0.77084,0.657434402332
364000,0.02568,0.202512,0.771808,0.658683881716
365000,0.025496,0.201976,0.772528,0.660349854227
366000,0.02532,0.201344,0.773336,0.662015826739
367000,0.025144,0.200624,0.774232,0.663265306122
368000,0.02496,0.1998,0.77524,0.665972511454
369000,0.024808,0.199032,0.77616,0.66576426489
370000,0.024528,0.198248,0.777224,0.66951270304
371000,0.02424,0.197288,0.778472,0.670762182424
372000,0.024088,0.196608,0.779304,0.671386922116
373000,0.023952,0.195832,0.780216,0.672428154935
374000,0.02384,0.195104,0.781056,0.674302374011
375000,0.02356,0.194312,0.782128,0.675551853394
376000,0.023368,0.193616,0.783016,0.678259058726
377000,0.023168,0.192856,0.783976,0.676801332778
378000,0.022936,0.192008,0.785056,0.677217825906
379000,0.022728,0.191336,0.785936,0.678050812162
380000,0.02252,0.190464,0.787016,0.678675551853
381000,0.0224,0.189704,0.787896,0.680341524365
382000,0.02216,0.189,0.78884,0.681174510621
383000,0.021888,0.188536,0.789576,0.682840483132
384000,0.021744,0.187768,0.790488,0.684089962516
385000,0.02156,0.186984,0.791456,0.686797167847
386000,0.021344,0.18632,0.792336,0.688879633486
387000,0.021208,0.185416,0.793376,0.691378592253
388000,0.020984,0.184488,0.794528,0.692211578509
389000,0.0208,0.1836,0.7956,0.693044564765
390000,0.020704,0.182776,0.79652,0.696793002915
391000,0.02052,0.181984,0.797496,0.698458975427
392000,0.020424,0.181256,0.79832,0.700124947938
393000,0.020264,0.180576,0.79916,0.70074968763
394000,0.020096,0.1798,0.800104,0.701166180758
395000,0.019904,0.179168,0.800928,0.701582673886
396000,0.019728,0.178584,0.801688,0.70074968763
397000,0.019584,0.177864,0.802552,0.702415660142
398000,0.019424,0.177248,0.803328,0.704289879217
399000,0.019312,0.176904,0.803784,0.703040399833
400000,0.019136,0.176256,0.804608,0.703248646397
401000,0.018984,0.175432,0.805584,0.705955851728
402000,0.018848,0.174744,0.806408,0.706997084548
403000,0.018672,0.174216,0.807112,0.708246563932
404000,0.018512,0.173576,0.807912,0.70866305706
405000,0.018376,0.172856,0.808768,0.709912536443
406000,0.018224,0.172016,0.80976,0.709704289879
407000,0.01804,0.171272,0.810688,0.711578508955
408000,0.017904,0.170768,0.811328,0.712827988338
409000,0.017744,0.170088,0.812168,0.715326947105
410000,0.01756,0.1694,0.81304,0.714910453978
411000,0.017416,0.168816,0.813768,0.715326947105
412000,0.017232,0.16816,0.814608,0.716992919617
413000,0.017056,0.167296,0.815648,0.72032486464
414000,0.016992,0.166408,0.8166,0.720741357768
415000,0.016912,0.16556,0.817528,0.720741357768
416000,0.016776,0.164848,0.818376,0.721574344023
417000,0.016648,0.164264,0.819088,0.721157850895
418000,0.016424,0.163616,0.81996,0.723032069971
419000,0.016328,0.162856,0.820816,0.725947521866
420000,0.016216,0.162312,0.821472,0.72511453561
421000,0.016056,0.161632,0.822312,0.725947521866
422000,0.01596,0.16092,0.82312,0.726364014994
423000,0.015816,0.160256,0.823928,0.726988754686
424000,0.01568,0.159768,0.824552,0.729904206581
425000,0.01556,0.15912,0.82532,0.729904206581
426000,0.015432,0.15832,0.826248,0.732819658476
427000,0.01532,0.157456,0.827224,0.732819658476
428000,0.015176,0.1566,0.828224,0.733444398167
429000,0.01508,0.155792,0.829128,0.733444398167
430000,0.014904,0.155216,0.82988,0.734277384423
431000,0.0148,0.154432,0.830768,0.735526863807
432000,0.014704,0.153664,0.831632,0.737401082882
433000,0.014584,0.153008,0.832408,0.738025822574
434000,0.014472,0.152368,0.83316,0.73677634319
435000,0.0144,0.151656,0.833944,0.736359850062
436000,0.014248,0.150896,0.834856,0.738025822574
437000,0.01412,0.150264,0.835616,0.738025822574
438000,0.014008,0.14952,0.836472,0.739275301958
439000,0.01388,0.148984,0.837136,0.741149521033
440000,0.013768,0.148288,0.837944,0.744064972928
441000,0.013696,0.147552,0.838752,0.747188671387
442000,0.013584,0.146688,0.839728,0.748854643898
443000,0.013456,0.145896,0.840648,0.751978342357
444000,0.013352,0.145288,0.84136,0.752394835485
445000,0.0132,0.144664,0.842136,0.754893794252
446000,0.013144,0.144032,0.842824,0.755726780508
447000,0.013048,0.143432,0.84352,0.755726780508
448000,0.012936,0.142632,0.844432,0.759058725531
449000,0.01284,0.141752,0.845408,0.760099958351
450000,0.012744,0.14124,0.846016,0.760516451479
451000,0.01264,0.140576,0.846784,0.76114119117
452000,0.012528,0.13996,0.847512,0.762390670554
453000,0.0124,0.139176,0.848424,0.76322365681
454000,0.01228,0.138624,0.849096,0.763848396501
455000,0.012208,0.137816,0.849976,0.764889629321
456000,0.012152,0.137152,0.850696,0.769262807164
457000,0.012064,0.13644,0.851496,0.770720533111
458000,0.012016,0.135648,0.852336,0.771553519367
459000,0.011952,0.135104,0.852944,0.772386505623
460000,0.011824,0.134576,0.8536,0.772386505623
461000,0.01172,0.13396,0.85432,0.771761765931
462000,0.0116,0.133112,0.855288,0.773219491878
463000,0.011536,0.13232,0.856144,0.774468971262
464000,0.011432,0.131624,0.856944,0.776551436901
465000,0.01136,0.131032,0.857608,0.776551436901
466000,0.011328,0.130448,0.858224,0.778633902541
467000,0.011224,0.129512,0.859264,0.780299875052
468000,0.011136,0.128744,0.86012,0.783631820075
469000,0.011072,0.128,0.860928,0.784464806331
470000,0.011016,0.1274,0.861584,0.785922532278
471000,0.010936,0.126864,0.8622,0.785922532278
472000,0.01084,0.12612,0.86304,0.787380258226
473000,0.010768,0.12544,0.863792,0.787380258226
474000,0.010696,0.1248,0.864504,0.788213244481
475000,0.010648,0.124104,0.865248,0.788213244481
476000,0.01052,0.123592,0.865888,0.788629737609
477000,0.010432,0.122848,0.86672,0.790503956685
478000,0.010344,0.122392,0.867264,0.789462723865
479000,0.01024,0.121704,0.868056,0.790295710121
480000,0.010168,0.121224,0.868608,0.791753436068
481000,0.010112,0.120648,0.86924,0.792169929196
482000,0.010056,0.120064,0.86988,0.792586422324
483000,0.009992,0.119432,0.870576,0.79341940858
484000,0.009936,0.118752,0.871312,0.794877134527
485000,0.009808,0.1182,0.871992,0.796959600167
486000,0.00976,0.117408,0.872832,0.797376093294
487000,0.00968,0.116728,0.873592,0.80029154519
488000,0.0096,0.116024,0.874376,0.802582257393
489000,0.009544,0.115384,0.875072,0.803415243648
490000,0.009488,0.114864,0.875648,0.804248229904
491000,0.009448,0.114112,0.87644,0.803415243648
492000,0.009384,0.113488,0.877128,0.804248229904
493000,0.00928,0.113016,0.877704,0.803831736776
494000,0.009208,0.11248,0.878312,0.804664723032
495000,0.009152,0.111904,0.878944,0.804248229904
496000,0.009096,0.111376,0.879528,0.80508121616
497000,0.009032,0.1108,0.880168,0.807163681799
498000,0.008992,0.110144,0.880864,0.808829654311
499000,0.00888,0.109576,0.881544,0.809246147439
500000,0.008792,0.108944,0.882264,0.809246147439
501000,0.008736,0.10832,0.882944,0.810287380258
502000,0.00864,0.107872,0.883488,0.811745106206
503000,0.008536,0.107232,0.884232,0.815077051229
504000,0.008416,0.106592,0.884992,0.816326530612
505000,0.008336,0.106104,0.88556,0.816951270304
506000,0.008288,0.105432,0.88628,0.816951270304
507000,0.008264,0.104832,0.886904,0.816534777176
508000,0.008192,0.104112,0.887696,0.817367763432
509000,0.00816,0.10352,0.88832,0.816534777176
510000,0.008112,0.102936,0.888952,0.816951270304
511000,0.008048,0.10236,0.889592,0.817992503124
512000,0.007976,0.10184,0.890184,0.817576009996
513000,0.007904,0.101296,0.8908,0.817367763432
514000,0.007856,0.100856,0.891288,0.819033735943
515000,0.007784,0.100312,0.891904,0.821740941274
516000,0.007688,0.099848,0.892464,0.822157434402
517000,0.007624,0.099352,0.893024,0.821324448147
518000,0.007512,0.09872,0.893768,0.824239900042
519000,0.007464,0.09828,0.894256,0.824448146606
520000,0.007392,0.097864,0.894744,0.825072886297
521000,0.007352,0.097488,0.89516,0.825905872553
522000,0.007264,0.096968,0.895768,0.827988338192
523000,0.007216,0.096384,0.8964,0.827988338192
524000,0.007184,0.096032,0.896784,0.828821324448
525000,0.007144,0.095504,0.897352,0.828613077884
526000,0.007064,0.095,0.897936,0.828613077884
527000,0.007,0.094368,0.898632,0.82944606414
528000,0.00696,0.093896,0.899144,0.830695543524
529000,0.006904,0.093408,0.899688,0.831112036651
530000,0.006864,0.093,0.900136,0.832153269471
531000,0.006824,0.0924,0.900776,0.836109954186
532000,0.006744,0.091952,0.901304,0.837151187005
533000,0.006696,0.091392,0.901912,0.839233652645
534000,0.00664,0.090928,0.902432,0.8400666389
535000,0.006568,0.09048,0.902952,0.84110787172
536000,0.006504,0.090144,0.903352,0.842357351104
537000,0.00648,0.089656,0.903864,0.843606830487
538000,0.00644,0.089144,0.904416,0.844648063307
539000,0.0064,0.08868,0.90492,0.843606830487
540000,0.006384,0.088312,0.905304,0.843606830487
541000,0.006336,0.087816,0.905848,0.845689296127
542000,0.006288,0.087272,0.90644,0.846522282382
543000,0.006248,0.086904,0.906848,0.84693877551
544000,0.006184,0.086352,0.907464,0.848188254894
545000,0.006128,0.0858,0.908072,0.848188254894
546000,0.006104,0.085336,0.90856,0.850270720533
547000,0.00604,0.084952,0.909008,0.851103706789
548000,0.005984,0.084568,0.909448,0.853602665556
549000,0.00596,0.084088,0.909952,0.853602665556
550000,0.005928,0.08348,0.910592,0.85485214494
551000,0.005904,0.082944,0.911152,0.857559350271
552000,0.005872,0.082392,0.911736,0.858392336526
553000,0.00584,0.082,0.91216,0.859017076218
554000,0.005816,0.081528,0.912656,0.85964181591
555000,0.0058,0.08104,0.91316,0.859225322782
556000,0.005768,0.080728,0.913504,0.85964181591
557000,0.005744,0.080336,0.91392,0.860058309038
558000,0.00568,0.079968,0.914352,0.860058309038
559000,0.005632,0.079512,0.914856,0.862140774677
560000,0.005616,0.079144,0.91524,0.862973760933
561000,0.0056,0.078664,0.915736,0.863390254061
562000,0.005528,0.07828,0.916192,0.863390254061
563000,0.005512,0.077816,0.916672,0.862557267805
564000,0.005488,0.077392,0.91712,0.862557267805
565000,0.005424,0.076952,0.917624,0.863182007497
566000,0.005392,0.076544,0.918064,0.864847980008
567000,0.005344,0.076192,0.918464,0.8654727197
568000,0.005288,0.075744,0.918968,0.8654727197
569000,0.005272,0.07524,0.919488,0.865680966264
570000,0.005216,0.074856,0.919928,0.86651395252
571000,0.005208,0.074464,0.920328,0.86651395252
572000,0.005168,0.074008,0.920824,0.869637650979
573000,0.005128,0.073536,0.921336,0.87130362349
574000,0.005064,0.0732,0.921736,0.871720116618
575000,0.00504,0.07276,0.9222,0.872136609746
576000,0.004976,0.072416,0.922608,0.874427321949
577000,0.004928,0.072024,0.923048,0.874427321949
578000,0.004904,0.071528,0.923568,0.874635568513
579000,0.004896,0.07112,0.923984,0.875885047897
580000,0.004848,0.07072,0.924432,0.876093294461
581000,0.004792,0.070192,0.925016,0.876926280716
582000,0.004744,0.069632,0.925624,0.877759266972
583000,0.004704,0.0692,0.926096,0.878592253228
584000,0.004648,0.068936,0.926416,0.878384006664
585000,0.004608,0.068512,0.92688,0.878800499792
586000,0.004552,0.067992,0.927456,0.880466472303
587000,0.004504,0.067544,0.927952,0.880466472303
588000,0.004472,0.06708,0.928448,0.881299458559
589000,0.004456,0.066632,0.928912,0.88400666389
590000,0.0044,0.06624,0.92936,0.88400666389
591000,0.004384,0.065864,0.929752,0.884631403582
592000,0.004368,0.06544,0.930192,0.884631403582
593000,0.004328,0.065112,0.93056,0.885464389838
594000,0.004288,0.064728,0.930984,0.885672636401
595000,0.004232,0.064416,0.931352,0.887130362349
596000,0.004208,0.06404,0.931752,0.887546855477
597000,0.004176,0.063592,0.932232,0.887546855477
598000,0.004128,0.063208,0.932664,0.889212827988
599000,0.004088,0.0628,0.933112,0.889629321116
600000,0.004048,0.062368,0.933584,0.890462307372
601000,0.004024,0.062088,0.933888,0.890254060808
602000,0.003992,0.061624,0.934384,0.891087047064
603000,0.003944,0.061288,0.934768,0.891503540192
604000,0.003928,0.060888,0.935184,0.890670553936
605000,0.003904,0.06056,0.935536,0.893586005831
606000,0.003872,0.060224,0.935904,0.895251978342
607000,0.003872,0.059712,0.936416,0.89566847147
608000,0.00384,0.05932,0.93684,0.896501457726
609000,0.003824,0.058968,0.937208,0.896501457726
610000,0.003792,0.058584,0.937624,0.896501457726
611000,0.00376,0.058312,0.937928,0.896501457726
612000,0.00372,0.057936,0.938344,0.896917950854
613000,0.00372,0.057608,0.938672,0.896917950854
614000,0.003688,0.057336,0.938976,0.896917950854
615000,0.003664,0.057,0.939336,0.896917950854
616000,0.003648,0.056616,0.939736,0.897334443982
617000,0.003624,0.056288,0.940088,0.897334443982
618000,0.003608,0.056064,0.940328,0.897334443982
619000,0.0036,0.055552,0.940848,0.898167430237
620000,0.003576,0.055216,0.941208,0.898167430237
621000,0.003552,0.054864,0.941584,0.898375676801
622000,0.003528,0.054472,0.942,0.899833402749
623000,0.003512,0.054208,0.94228,0.900249895877
624000,0.003488,0.053904,0.942608,0.900249895877
625000,0.003456,0.053624,0.94292,0.901082882132
626000,0.003448,0.053256,0.943296,0.900874635569
627000,0.003432,0.052888,0.94368,0.901707621824
628000,0.003408,0.052632,0.94396,0.901291128696
629000,0.003384,0.052416,0.9442,0.902124114952
630000,0.003368,0.052072,0.94456,0.902332361516
631000,0.003312,0.051752,0.944936,0.902332361516
632000,0.003312,0.051432,0.945256,0.902332361516
633000,0.003296,0.05112,0.945584,0.903165347772
634000,0.003272,0.050688,0.94604,0.903165347772
635000,0.003256,0.050304,0.94644,0.903165347772
636000,0.003232,0.050008,0.94676,0.903998334027
637000,0.0032,0.049696,0.947104,0.903998334027
638000,0.00316,0.049312,0.947528,0.905664306539
639000,0.00316,0.04904,0.9478,0.905664306539
640000,0.003144,0.048696,0.94816,0.906497292795
641000,0.003128,0.048336,0.948536,0.90733027905
642000,0.00308,0.047984,0.948936,0.908996251562
643000,0.00308,0.047744,0.949176,0.908996251562
644000,0.00308,0.047448,0.949472,0.90941274469
645000,0.003056,0.047152,0.949792,0.909829237818
646000,0.003032,0.046888,0.95008,0.909829237818
647000,0.002992,0.04664,0.950368,0.911911703457
648000,0.002968,0.046336,0.950696,0.912744689713
649000,0.00292,0.04588,0.9512,0.91316118284
650000,0.002896,0.04564,0.951464,0.91316118284
651000,0.00288,0.045312,0.951808,0.913994169096
652000,0.002872,0.045016,0.952112,0.913994169096
653000,0.002856,0.044648,0.952496,0.91420241566
654000,0.002824,0.044376,0.9528,0.914618908788
655000,0.0028,0.044168,0.953032,0.914618908788
656000,0.002768,0.043904,0.953328,0.915451895044
657000,0.002744,0.043608,0.953648,0.916284881299
658000,0.00272,0.043248,0.954032,0.917117867555
659000,0.002696,0.04292,0.954384,0.917742607247
660000,0.002672,0.042712,0.954616,0.917742607247
661000,0.00264,0.04252,0.95484,0.918159100375
662000,0.002624,0.042288,0.955088,0.918159100375
663000,0.002584,0.041944,0.955472,0.918159100375
664000,0.002584,0.041664,0.955752,0.918992086631
665000,0.002568,0.041304,0.956128,0.919825072886
666000,0.002544,0.041064,0.956392,0.919825072886
667000,0.002528,0.04084,0.956632,0.919825072886
668000,0.002504,0.040632,0.956864,0.92107455227
669000,0.002488,0.04036,0.957152,0.92107455227
670000,0.00244,0.04008,0.95748,0.92107455227
671000,0.002416,0.039808,0.957776,0.921907538526
672000,0.002392,0.039576,0.958032,0.922740524781
673000,0.002368,0.039424,0.958208,0.923573511037
674000,0.002336,0.039216,0.958448,0.923365264473
675000,0.00232,0.039024,0.958656,0.924198250729
676000,0.00232,0.038784,0.958896,0.92586422324
677000,0.00232,0.03856,0.95912,0.926697209496
678000,0.00232,0.038336,0.959344,0.926697209496
679000,0.002264,0.03808,0.959656,0.927113702624
680000,0.002216,0.037856,0.959928,0.92794668888
681000,0.002216,0.03764,0.960144,0.92794668888
682000,0.0022,0.037488,0.960312,0.928779675135
683000,0.002184,0.037264,0.960552,0.928363182007
684000,0.002168,0.037048,0.960784,0.928363182007
685000,0.00216,0.036856,0.960984,0.928987921699
686000,0.002144,0.036568,0.961288,0.929196168263
687000,0.00212,0.03632,0.96156,0.929196168263
688000,0.002096,0.03616,0.961744,0.929196168263
689000,0.002088,0.036008,0.961904,0.930029154519
690000,0.002072,0.035856,0.962072,0.930029154519
691000,0.002072,0.03572,0.962208,0.930862140775
692000,0.002064,0.035552,0.962384,0.930862140775
693000,0.002048,0.035296,0.962656,0.930862140775
694000,0.002024,0.035088,0.962888,0.930862140775
695000,0.002,0.034904,0.963096,0.93169512703
696000,0.002,0.03472,0.96328,0.93169512703
697000,0.001984,0.03448,0.963536,0.932528113286
698000,0.001976,0.03424,0.963784,0.933361099542
699000,0.001968,0.034016,0.964016,0.932528113286
700000,0.001944,0.0338,0.964256,0.933361099542
701000,0.001944,0.03364,0.964416,0.933361099542
702000,0.001928,0.033392,0.96468,0.933361099542
703000,0.00192,0.033224,0.964856,0.934194085798
704000,0.001912,0.033,0.965088,0.935443565181
705000,0.001904,0.032808,0.965288,0.936276551437
706000,0.001872,0.032656,0.965472,0.937109537693
707000,0.001832,0.032496,0.965672,0.937109537693
708000,0.001824,0.032248,0.965928,0.937109537693
709000,0.001816,0.032032,0.966152,0.937942523948
710000,0.001808,0.031872,0.96632,0.937942523948
711000,0.001784,0.031608,0.966608,0.937942523948
712000,0.001784,0.031456,0.96676,0.938359017076
713000,0.001776,0.03124,0.966984,0.938359017076
714000,0.00176,0.031104,0.967136,0.939192003332
715000,0.00176,0.030928,0.967312,0.939192003332
716000,0.001728,0.030792,0.96748,0.940024989588
717000,0.001712,0.030624,0.967664,0.940024989588
718000,0.001688,0.030384,0.967928,0.940857975843
719000,0.00168,0.030152,0.968168,0.940857975843
720000,0.00168,0.029952,0.968368,0.941690962099
721000,0.001664,0.029744,0.968592,0.941690962099
722000,0.001648,0.029552,0.9688,0.941690962099
723000,0.00164,0.029296,0.969064,0.942523948355
724000,0.001616,0.029056,0.969328,0.942523948355
725000,0.001616,0.028872,0.969512,0.942523948355
726000,0.001608,0.028624,0.969768,0.942523948355
727000,0.001608,0.028464,0.969928,0.942940441483
728000,0.0016,0.028344,0.970056,0.943773427738
729000,0.001584,0.028208,0.970208,0.944606413994
730000,0.001584,0.028032,0.970384,0.94543940025
731000,0.00156,0.027832,0.970608,0.94543940025
732000,0.00156,0.027656,0.970784,0.946272386506
733000,0.00156,0.02752,0.97092,0.94543940025
734000,0.001544,0.027392,0.971064,0.94543940025
735000,0.001536,0.027304,0.97116,0.94543940025
736000,0.00152,0.027176,0.971304,0.94543940025
737000,0.00152,0.027,0.97148,0.947105372761
738000,0.00152,0.02684,0.97164,0.947105372761
739000,0.001496,0.0266,0.971904,0.947105372761
740000,0.001456,0.026408,0.972136,0.947938359017
741000,0.00144,0.026256,0.972304,0.948354852145
742000,0.00144,0.026072,0.972488,0.948354852145
743000,0.001424,0.025936,0.97264,0.948354852145
744000,0.001408,0.025776,0.972816,0.949187838401
745000,0.001408,0.025664,0.972928,0.949187838401
746000,0.001392,0.025448,0.97316,0.950020824656
747000,0.001384,0.025256,0.97336,0.950853810912
748000,0.001376,0.025088,0.973536,0.950853810912
749000,0.001368,0.024928,0.973704,0.951686797168
750000,0.001352,0.024688,0.97396,0.952519783424
751000,0.001336,0.024544,0.97412,0.952936276551
752000,0.00132,0.024424,0.974256,0.952936276551
753000,0.001296,0.024304,0.9744,0.952936276551
754000,0.001288,0.02408,0.974632,0.952936276551
755000,0.001272,0.023976,0.974752,0.952936276551
756000,0.001264,0.023792,0.974944,0.952519783424
757000,0.001248,0.023576,0.975176,0.952519783424
758000,0.001216,0.023432,0.975352,0.952519783424
759000,0.001208,0.023312,0.97548,0.953352769679
760000,0.0012,0.023168,0.975632,0.953769262807
761000,0.001184,0.022992,0.975824,0.953769262807
762000,0.001176,0.022872,0.975952,0.953769262807
763000,0.001176,0.022696,0.976128,0.953769262807
764000,0.001144,0.02252,0.976336,0.954602249063
765000,0.001136,0.0224,0.976464,0.954602249063
766000,0.001136,0.022312,0.976552,0.954602249063
767000,0.001128,0.022152,0.97672,0.954602249063
768000,0.00112,0.022048,0.976832,0.954602249063
769000,0.001112,0.021944,0.976944,0.954602249063
770000,0.001088,0.021816,0.977096,0.954602249063
771000,0.001088,0.021608,0.977304,0.955435235319
772000,0.00108,0.021432,0.977488,0.956268221574
773000,0.001064,0.021176,0.97776,0.95710120783
774000,0.001048,0.02108,0.977872,0.957725947522
775000,0.00104,0.020944,0.978016,0.957725947522
776000,0.001032,0.020808,0.97816,0.959600166597
777000,0.001032,0.020728,0.97824,0.959600166597
778000,0.001016,0.020608,0.978376,0.959600166597
779000,0.001016,0.020416,0.978568,0.959600166597
780000,0.001016,0.02032,0.978664,0.959600166597
781000,0.001,0.020216,0.978784,0.960433152853
782000,0.000992,0.02008,0.978928,0.961266139109
783000,0.000984,0.019944,0.979072,0.961266139109
784000,0.000968,0.019784,0.979248,0.961266139109
785000,0.000968,0.019632,0.9794,0.961266139109
786000,0.00096,0.019528,0.979512,0.961266139109
787000,0.000952,0.019416,0.979632,0.962099125364
788000,0.000936,0.019248,0.979816,0.962099125364
789000,0.000912,0.019104,0.979984,0.962099125364
790000,0.000904,0.019056,0.98004,0.962099125364
791000,0.000904,0.018936,0.98016,0.963348604748
792000,0.000896,0.018792,0.980312,0.965014577259
793000,0.00088,0.018664,0.980456,0.965847563515
794000,0.000872,0.018568,0.98056,0.965847563515
795000,0.000872,0.01848,0.980648,0.965847563515
796000,0.000864,0.018368,0.980768,0.965847563515
797000,0.000864,0.018184,0.980952,0.966680549771
798000,0.000848,0.018128,0.981024,0.967513536027
799000,0.00084,0.017992,0.981168,0.967721782591
800000,0.00084,0.017872,0.981288,0.967721782591
801000,0.00084,0.017768,0.981392,0.967721782591
802000,0.00084,0.01772,0.98144,0.968138275718
803000,0.00084,0.017576,0.981584,0.968971261974
804000,0.00084,0.017432,0.981728,0.968971261974
805000,0.00084,0.017344,0.981816,0.968971261974
806000,0.000832,0.017256,0.981912,0.968971261974
807000,0.000832,0.017184,0.981984,0.968971261974
808000,0.000824,0.017048,0.982128,0.969596001666
809000,0.000816,0.016984,0.9822,0.969596001666
810000,0.000816,0.01688,0.982304,0.969596001666
811000,0.000808,0.016808,0.982384,0.969596001666
812000,0.000808,0.016744,0.982448,0.969596001666
813000,0.0008,0.016696,0.982504,0.969596001666
814000,0.0008,0.016568,0.982632,0.970428987922
815000,0.000792,0.016464,0.982744,0.970428987922
816000,0.000784,0.016328,0.982888,0.970428987922
817000,0.000768,0.016216,0.983016,0.970428987922
818000,0.00076,0.016104,0.983136,0.970428987922
819000,0.000744,0.016024,0.983232,0.970428987922
820000,0.000728,0.015952,0.98332,0.971261974177
821000,0.000712,0.01588,0.983408,0.971261974177
822000,0.000696,0.015832,0.983472,0.971261974177
823000,0.000696,0.015712,0.983592,0.971261974177
824000,0.000696,0.0156,0.983704,0.971261974177
825000,0.000696,0.015488,0.983816,0.971261974177
826000,0.000696,0.015384,0.98392,0.971261974177
827000,0.000688,0.015304,0.984008,0.971261974177
828000,0.000672,0.015256,0.984072,0.971261974177
829000,0.000672,0.01516,0.984168,0.971261974177
830000,0.000672,0.015112,0.984216,0.971261974177
831000,0.000672,0.014992,0.984336,0.972094960433
832000,0.000664,0.01488,0.984456,0.972927946689
833000,0.000664,0.014776,0.98456,0.973552686381
834000,0.000656,0.014736,0.984608,0.974385672636
