1000,0.333408,0.332384,0.334208,0.325072886297
2000,0.334784,0.330288,0.334928,0.324864639733
3000,0.335776,0.328336,0.335888,0.325489379425
4000,0.33728,0.326144,0.336576,0.325697625989
5000,0.338584,0.324024,0.337392,0.326530612245
6000,0.340136,0.322024,0.33784,0.326114119117
7000,0.341264,0.319864,0.338872,0.325281132861
8000,0.342448,0.317856,0.339696,0.324448146606
9000,0.343608,0.31568,0.340712,0.323406913786
10000,0.344584,0.313616,0.3418,0.325281132861
11000,0.345528,0.31148,0.342992,0.32465639317
12000,0.346776,0.309608,0.343616,0.324864639733
13000,0.34776,0.307608,0.344632,0.325905872553
14000,0.34908,0.305488,0.345432,0.327988338192
15000,0.35008,0.303648,0.346272,0.326947105373
16000,0.351216,0.301816,0.346968,0.326530612245
17000,0.35228,0.299976,0.347744,0.326738858809
18000,0.353288,0.298016,0.348696,0.326530612245
19000,0.354712,0.29576,0.349528,0.327363598501
20000,0.356096,0.29376,0.350144,0.32944606414
21000,0.357456,0.291944,0.3506,0.328613077884
22000,0.358776,0.289928,0.351296,0.329862557268
23000,0.359752,0.288144,0.352104,0.329654310704
24000,0.360936,0.286192,0.352872,0.330903790087
25000,0.362,0.284368,0.353632,0.331528529779
26000,0.363176,0.282736,0.354088,0.333610995419
27000,0.36424,0.280904,0.354856,0.334860474802
28000,0.365552,0.27908,0.355368,0.336109954186
29000,0.366736,0.277296,0.355968,0.338608912953
30000,0.36772,0.27548,0.3568,0.3400666389
31000,0.368976,0.273728,0.357296,0.338608912953
32000,0.369896,0.271888,0.358216,0.339441899209
33000,0.371184,0.270112,0.358704,0.340691378592
34000,0.372448,0.268416,0.359136,0.341524364848
35000,0.37348,0.266816,0.359704,0.342357351104
36000,0.374608,0.265032,0.36036,0.342773844232
37000,0.375712,0.263208,0.36108,0.342982090796
38000,0.37696,0.261624,0.361416,0.34214910454
39000,0.378248,0.259712,0.36204,0.342982090796
40000,0.37924,0.25804,0.36272,0.344023323615
41000,0.380208,0.256328,0.363464,0.345272802999
42000,0.381352,0.254496,0.364152,0.346522282382
43000,0.382336,0.252736,0.364928,0.347563515202
44000,0.38316,0.250968,0.365872,0.349437734277
45000,0.384528,0.24916,0.366312,0.350062473969
46000,0.3854,0.247672,0.366928,0.350478967097
47000,0.386496,0.246048,0.367456,0.351103706789
48000,0.387472,0.244568,0.36796,0.352977925864
49000,0.388584,0.243096,0.36832,0.35485214494
50000,0.38972,0.2416,0.36868,0.355476884631
51000,0.390544,0.239856,0.3696,0.355685131195
52000,0.39152,0.23836,0.37012,0.356101624323
53000,0.392336,0.236712,0.370952,0.356934610579
54000,0.393296,0.23516,0.371544,0.356934610579
55000,0.394336,0.233584,0.37208,0.359850062474
56000,0.395264,0.232008,0.372728,0.358808829654
57000,0.396144,0.230432,0.373424,0.362973760933
58000,0.396928,0.22892,0.374152,0.365889212828
59000,0.39772,0.227424,0.374856,0.367138692212
60000,0.398424,0.225944,0.375632,0.367971678467
61000,0.399448,0.224408,0.376144,0.369012911287
62000,0.400176,0.222912,0.376912,0.367346938776
63000,0.401,0.221456,0.377544,0.369637650979
64000,0.401816,0.219936,0.378248,0.370678883798
65000,0.402768,0.218496,0.378736,0.37130362349
66000,0.404,0.216928,0.379072,0.373177842566
67000,0.405152,0.215128,0.37972,0.374010828821
68000,0.40584,0.2136,0.38056,0.376718034152
69000,0.406968,0.212016,0.381016,0.377551020408
70000,0.40756,0.21076,0.38168,0.37921699292
71000,0.408416,0.209184,0.3824,0.379841732611
72000,0.409392,0.20756,0.383048,0.380466472303
73000,0.410136,0.2062,0.383664,0.382757184506
74000,0.41104,0.204592,0.384368,0.382132444815
75000,0.412192,0.203216,0.384592,0.381924198251
76000,0.412888,0.201944,0.385168,0.382757184506
77000,0.413824,0.200544,0.385632,0.383590170762
78000,0.414624,0.199328,0.386048,0.384631403582
79000,0.415808,0.19788,0.386312,0.38504789671
80000,0.416544,0.196336,0.38712,0.386505622657
81000,0.417656,0.194944,0.3874,0.386713869221
82000,0.418616,0.193592,0.387792,0.387338608913
83000,0.419464,0.192336,0.3882,0.389004581424
84000,0.420352,0.19112,0.388528,0.390462307372
85000,0.420968,0.189736,0.389296,0.390670553936
86000,0.421744,0.188528,0.389728,0.3908788005
87000,0.422488,0.187136,0.390376,0.393586005831
88000,0.42324,0.185928,0.390832,0.393169512703
89000,0.423992,0.184432,0.391576,0.392336526447
90000,0.424552,0.183112,0.392336,0.392544773011
91000,0.42564,0.18168,0.39268,0.393794252395
92000,0.42636,0.180392,0.393248,0.394210745523
93000,0.42688,0.179336,0.393784,0.394418992087
94000,0.427664,0.178,0.394336,0.395460224906
95000,0.428496,0.176776,0.394728,0.394835485214
96000,0.42928,0.175608,0.395112,0.396917950854
97000,0.430008,0.174424,0.395568,0.39670970429
98000,0.43088,0.173064,0.396056,0.400041649313
99000,0.431544,0.171928,0.396528,0.400041649313
100000,0.432224,0.17072,0.397056,0.400666389005
101000,0.433048,0.169752,0.3972,0.401707621824
102000,0.43392,0.16856,0.39752,0.403790087464
103000,0.434616,0.167368,0.398016,0.404206580591
104000,0.435464,0.166152,0.398384,0.405039566847
105000,0.436408,0.164976,0.398616,0.404831320283
106000,0.437144,0.163928,0.398928,0.402124114952
107000,0.437896,0.16288,0.399224,0.401291128696
108000,0.438504,0.161704,0.399792,0.400874635569
109000,0.439248,0.160648,0.400104,0.401291128696
110000,0.440104,0.159608,0.400288,0.403998334027
111000,0.440984,0.158504,0.400512,0.403373594336
112000,0.441584,0.157384,0.401032,0.404414827155
113000,0.442408,0.156288,0.401304,0.408579758434
114000,0.442992,0.15532,0.401688,0.408788004998
115000,0.4438,0.154328,0.401872,0.40837151187
116000,0.444392,0.153376,0.402232,0.40941274469
117000,0.445176,0.152408,0.402416,0.410870470637
118000,0.445872,0.151488,0.40264,0.411495210329
119000,0.44652,0.150512,0.402968,0.412119950021
120000,0.447216,0.149592,0.403192,0.411495210329
121000,0.447832,0.148424,0.403744,0.410662224073
122000,0.448528,0.147368,0.404104,0.41316118284
123000,0.449616,0.146344,0.40404,0.416493127863
124000,0.450448,0.145376,0.404176,0.417742607247
125000,0.451152,0.14432,0.404528,0.419616826322
126000,0.451808,0.14328,0.404912,0.419200333195
127000,0.452528,0.14228,0.405192,0.421907538526
128000,0.453136,0.141248,0.405616,0.422948771345
129000,0.453936,0.14032,0.405744,0.423157017909
130000,0.454632,0.139464,0.405904,0.423365264473
131000,0.455208,0.138408,0.406384,0.423990004165
132000,0.455944,0.137392,0.406664,0.424614743857
133000,0.456776,0.136392,0.406832,0.426072469804
134000,0.45748,0.135464,0.407056,0.427530195752
135000,0.45824,0.134584,0.407176,0.429612661391
136000,0.459056,0.133664,0.40728,0.430237401083
137000,0.459736,0.132648,0.407616,0.431278633903
138000,0.460288,0.131784,0.407928,0.43169512703
139000,0.460888,0.130824,0.408288,0.434610578925
140000,0.461608,0.129816,0.408576,0.43752603082
141000,0.46252,0.128976,0.408504,0.435860058309
142000,0.46332,0.128048,0.408632,0.43752603082
143000,0.463808,0.127264,0.408928,0.43856726364
144000,0.464464,0.126376,0.40916,0.439400249896
145000,0.465512,0.125272,0.409216,0.438775510204
146000,0.466152,0.12432,0.409528,0.442315701791
147000,0.466928,0.123464,0.409608,0.441899208663
148000,0.467664,0.122592,0.409744,0.44439816743
149000,0.468384,0.12176,0.409856,0.444606413994
150000,0.46904,0.120984,0.409976,0.444814660558
151000,0.469624,0.120144,0.410232,0.448563098709
152000,0.470192,0.119296,0.410512,0.449396084965
153000,0.470832,0.11844,0.410728,0.450853810912
154000,0.471352,0.11764,0.411008,0.45022907122
155000,0.471968,0.116776,0.411256,0.450437317784
156000,0.472448,0.116056,0.411496,0.451478550604
157000,0.473344,0.115304,0.411352,0.451686797168
158000,0.474056,0.11444,0.411504,0.450645564348
159000,0.474832,0.113632,0.411536,0.45231153686
160000,0.47564,0.112704,0.411656,0.453769262807
161000,0.476112,0.111904,0.411984,0.453352769679
162000,0.476576,0.111184,0.41224,0.455018742191
163000,0.47724,0.110304,0.412456,0.455435235319
164000,0.477744,0.109568,0.412688,0.456476468138
165000,0.478064,0.108904,0.413032,0.45710120783
166000,0.478944,0.10812,0.412936,0.459391920033
167000,0.479472,0.107336,0.413192,0.461057892545
168000,0.480184,0.106584,0.413232,0.460641399417
169000,0.480728,0.105944,0.413328,0.459600166597
170000,0.48148,0.105144,0.413376,0.459391920033
171000,0.48208,0.104304,0.413616,0.462307371928
172000,0.482656,0.10356,0.413784,0.462515618492
173000,0.483384,0.102912,0.413704,0.46293211162
174000,0.484064,0.10224,0.413696,0.461057892545
175000,0.484464,0.101608,0.413928,0.457517700958
176000,0.485072,0.10092,0.414008,0.456684714702
177000,0.485488,0.100432,0.41408,0.458767180342
178000,0.486408,0.099736,0.413856,0.458975426905
179000,0.48712,0.099008,0.413872,0.45814244065
180000,0.487808,0.098192,0.414,0.459808413161
181000,0.488752,0.097592,0.413656,0.46293211162
182000,0.48912,0.09716,0.41372,0.462307371928
183000,0.48984,0.096504,0.413656,0.464181591004
184000,0.490592,0.095848,0.41356,0.466888796335
185000,0.491112,0.095056,0.413832,0.465014577259
186000,0.492104,0.094296,0.4136,0.465639316951
187000,0.492792,0.09364,0.413568,0.467930029155
188000,0.493552,0.093016,0.413432,0.471470220741
189000,0.49424,0.092344,0.413416,0.473552686381
190000,0.494992,0.091688,0.41332,0.476259891712
191000,0.495592,0.090912,0.413496,0.476259891712
192000,0.495888,0.090264,0.413848,0.474802165764
193000,0.496528,0.089432,0.41404,0.475426905456
194000,0.49716,0.0888,0.41404,0.47563515202
195000,0.498064,0.088112,0.413824,0.476884631404
196000,0.49916,0.0874,0.41344,0.476884631404
197000,0.49992,0.086696,0.413384,0.475426905456
198000,0.50064,0.086024,0.413336,0.476259891712
199000,0.50152,0.085344,0.413136,0.476259891712
200000,0.502352,0.084776,0.412872,0.478134110787
201000,0.503392,0.084184,0.412424,0.479175343607
202000,0.504136,0.083688,0.412176,0.480216576426
203000,0.504536,0.08308,0.412384,0.480008329863
204000,0.505,0.082416,0.412584,0.481882548938
205000,0.505528,0.08192,0.412552,0.480216576426
206000,0.506168,0.081232,0.4126,0.48250728863
207000,0.507024,0.080688,0.412288,0.480841316118
208000,0.508,0.079992,0.412008,0.482299042066
209000,0.508488,0.079576,0.411936,0.480633069554
210000,0.50916,0.079024,0.411816,0.479800083299
211000,0.509928,0.078408,0.411664,0.480008329863
212000,0.510712,0.0778,0.411488,0.480633069554
213000,0.511112,0.077232,0.411656,0.482090795502
214000,0.511624,0.07676,0.411616,0.483548521449
215000,0.51196,0.076168,0.411872,0.485630987089
216000,0.512584,0.075664,0.411752,0.487713452728
217000,0.513664,0.075024,0.411312,0.485214493961
218000,0.514296,0.074536,0.411168,0.486880466472
219000,0.514744,0.073992,0.411264,0.488129945856
220000,0.515632,0.073424,0.410944,0.487713452728
221000,0.516488,0.072944,0.410568,0.488754685548
222000,0.517032,0.072392,0.410576,0.487921699292
223000,0.517624,0.07204,0.410336,0.490837151187
224000,0.518448,0.071544,0.410008,0.491045397751
225000,0.519416,0.071104,0.40948,0.491045397751
226000,0.52004,0.07064,0.40932,0.491878384007
227000,0.520776,0.0702,0.409024,0.493336109954
228000,0.521616,0.069608,0.408776,0.494793835902
229000,0.522016,0.069072,0.408912,0.495835068721
230000,0.522552,0.06848,0.408968,0.496668054977
231000,0.523392,0.068048,0.40856,0.499167013744
232000,0.523976,0.067608,0.408416,0.497709287797
233000,0.524664,0.067144,0.408192,0.498542274052
234000,0.525168,0.066664,0.408168,0.500624739692
235000,0.525944,0.066216,0.40784,0.499791753436
236000,0.526704,0.065752,0.407544,0.501457725948
237000,0.527752,0.065232,0.407016,0.502082465639
238000,0.52872,0.064792,0.406488,0.501874219075
239000,0.529696,0.064288,0.406016,0.499791753436
240000,0.530176,0.063792,0.406032,0.501665972511
241000,0.531064,0.063424,0.405512,0.501874219075
242000,0.531928,0.062928,0.405144,0.503331945023
243000,0.5326,0.062552,0.404848,0.504373177843
244000,0.5334,0.062176,0.404424,0.504581424406
245000,0.534048,0.061656,0.404296,0.504373177843
246000,0.534744,0.06112,0.404136,0.505622657226
247000,0.53564,0.06068,0.40368,0.508746355685
248000,0.536808,0.06024,0.402952,0.508746355685
249000,0.537704,0.05984,0.402456,0.509995835069
250000,0.538472,0.059448,0.40208,0.511245314452
251000,0.539176,0.058992,0.401832,0.510204081633
252000,0.540112,0.058576,0.401312,0.511453561016
253000,0.54096,0.058176,0.400864,0.510828821324
254000,0.541696,0.057824,0.40048,0.51166180758
255000,0.542528,0.057352,0.40012,0.511453561016
256000,0.543248,0.056912,0.39984,0.513536026656
257000,0.543744,0.056456,0.3998,0.513536026656
258000,0.544464,0.056056,0.39948,0.5127030404
259000,0.54516,0.055624,0.399216,0.515201999167
260000,0.546136,0.05512,0.398744,0.514993752603
261000,0.547048,0.054792,0.39816,0.515618492295
262000,0.547896,0.054424,0.39768,0.517909204498
263000,0.548536,0.053976,0.397488,0.516659725115
264000,0.549528,0.053608,0.396864,0.518325697626
265000,0.550616,0.053224,0.39616,0.518742190754
266000,0.551656,0.052792,0.395552,0.518950437318
267000,0.5524,0.052416,0.395184,0.519158683882
268000,0.553024,0.051936,0.39504,0.51957517701
269000,0.553456,0.051592,0.394952,0.519366930446
270000,0.554816,0.051208,0.393976,0.523115368596
271000,0.5556,0.050872,0.393528,0.524989587672
272000,0.556336,0.05052,0.393144,0.524573094544
273000,0.55724,0.050248,0.392512,0.525197834236
274000,0.558424,0.049864,0.391712,0.526030820491
275000,0.559296,0.049456,0.391248,0.525614327364
276000,0.560128,0.049032,0.39084,0.527072053311
277000,0.560832,0.048696,0.390472,0.527488546439
278000,0.561688,0.048224,0.390088,0.527905039567
279000,0.56256,0.047912,0.389528,0.527280299875
280000,0.563584,0.047496,0.38892,0.528529779259
281000,0.564768,0.047144,0.388088,0.529779258642
282000,0.565744,0.046832,0.387424,0.52915451895
283000,0.566736,0.04632,0.386944,0.531445231154
284000,0.567328,0.046016,0.386656,0.532069970845
285000,0.568168,0.045616,0.386216,0.533319450229
286000,0.569032,0.04528,0.385688,0.533527696793
287000,0.569984,0.04492,0.385096,0.533527696793
288000,0.570976,0.04452,0.384504,0.534152436485
289000,0.571632,0.04428,0.384088,0.534152436485
290000,0.572632,0.04396,0.383408,0.537484381508
291000,0.573872,0.043584,0.382544,0.538942107455
292000,0.57484,0.043256,0.381904,0.540608079967
293000,0.57564,0.043,0.38136,0.541649312786
294000,0.576496,0.04276,0.380744,0.541649312786
295000,0.577352,0.042568,0.38008,0.540816326531
296000,0.578432,0.042224,0.379344,0.541024573095
297000,0.57956,0.041952,0.378488,0.54289879217
298000,0.580536,0.04164,0.377824,0.54289879217
299000,0.581656,0.041264,0.37708,0.544564764681
300000,0.582624,0.040968,0.376408,0.546855476885
301000,0.583472,0.040696,0.375832,0.548521449396
302000,0.584712,0.040352,0.374936,0.549354435652
303000,0.585872,0.040024,0.374104,0.553727613494
304000,0.587016,0.039744,0.37324,0.553727613494
305000,0.588136,0.039464,0.3724,0.554352353186
306000,0.589248,0.039192,0.37156,0.552686380675
307000,0.590192,0.03896,0.370848,0.554144106622
308000,0.5914,0.038744,0.369856,0.554144106622
309000,0.592656,0.038456,0.368888,0.557267805081
310000,0.59348,0.038208,0.368312,0.556434818825
311000,0.594336,0.037936,0.367728,0.557892544773
312000,0.595032,0.03768,0.367288,0.557892544773
313000,0.595976,0.03736,0.366664,0.558933777593
314000,0.597088,0.03708,0.365832,0.558309037901
315000,0.59812,0.03688,0.365,0.562890462307
316000,0.599144,0.036656,0.3642,0.565597667638
317000,0.599888,0.036432,0.36368,0.563306955435
318000,0.600848,0.036168,0.362984,0.563306955435
319000,0.601704,0.035928,0.362368,0.563306955435
320000,0.60248,0.035664,0.361856,0.563306955435
321000,0.603608,0.035432,0.36096,0.564556434819
322000,0.60444,0.03508,0.36048,0.565181174511
323000,0.60548,0.034768,0.359752,0.567680133278
324000,0.606464,0.034432,0.359104,0.56726364015
325000,0.607232,0.034208,0.35856,0.567680133278
326000,0.608136,0.034,0.357864,0.568721366097
327000,0.60892,0.033736,0.357344,0.569346105789
328000,0.61004,0.033432,0.356528,0.568721366097
329000,0.61092,0.033152,0.355928,0.568513119534
330000,0.611968,0.032848,0.355184,0.569346105789
331000,0.612896,0.03256,0.354544,0.570803831737
332000,0.613784,0.032272,0.353944,0.571845064556
333000,0.614984,0.032056,0.35296,0.570595585173
334000,0.616128,0.031832,0.35204,0.573927530196
335000,0.617208,0.031624,0.351168,0.575593502707
336000,0.618192,0.03148,0.350328,0.57413577676
337000,0.619304,0.031216,0.34948,0.57413577676
338000,0.620168,0.031072,0.34876,0.575177009579
339000,0.621272,0.03088,0.347848,0.57309454394
340000,0.622224,0.030576,0.3472,0.575593502707
341000,0.623152,0.030328,0.34652,0.575593502707
342000,0.624048,0.029992,0.34596,0.577675968347
343000,0.62528,0.029808,0.344912,0.577259475219
344000,0.626168,0.0296,0.344232,0.580383173678
345000,0.627056,0.0294,0.343544,0.580174927114
346000,0.627968,0.029136,0.342896,0.581007913369
347000,0.628872,0.028936,0.342192,0.582049146189
348000,0.629936,0.028728,0.341336,0.581216159933
349000,0.630952,0.028488,0.34056,0.583506872137
350000,0.632216,0.028216,0.339568,0.584339858392
351000,0.633024,0.028024,0.338952,0.585381091212
352000,0.633984,0.0278,0.338216,0.586005830904
353000,0.634992,0.027592,0.337416,0.58683881716
354000,0.636096,0.027424,0.33648,0.587255310287
355000,0.637256,0.027264,0.33548,0.587880049979
356000,0.638256,0.027072,0.334672,0.589337775927
357000,0.639384,0.02684,0.333776,0.591420241566
358000,0.640392,0.0266,0.333008,0.591211995002
359000,0.641232,0.026408,0.33236,0.590795501874
360000,0.642696,0.026192,0.331112,0.59058725531
361000,0.643856,0.025976,0.330168,0.59162848813
362000,0.64476,0.025752,0.329488,0.592253227822
363000,0.645808,0.025608,0.328584,0.593710953769
364000,0.64708,0.025336,0.327584,0.594543940025
365000,0.648112,0.02512,0.326768,0.594960433153
366000,0.649168,0.024952,0.32588,0.5964181591
367000,0.650592,0.024752,0.324656,0.598708871304
368000,0.651992,0.02452,0.323488,0.599125364431
369000,0.652696,0.024376,0.322928,0.600374843815
370000,0.653784,0.02424,0.321976,0.601832569763
371000,0.655128,0.02408,0.320792,0.60329029571
372000,0.655984,0.023944,0.320072,0.603082049146
373000,0.657112,0.023736,0.319152,0.605164514786
374000,0.658152,0.023584,0.318264,0.605789254477
375000,0.659344,0.023456,0.3172,0.607871720117
376000,0.660512,0.023312,0.316176,0.608496459808
377000,0.661592,0.023176,0.315232,0.608912952936
378000,0.662632,0.023072,0.314296,0.608912952936
379000,0.663832,0.02292,0.313248,0.608912952936
380000,0.66508,0.022824,0.312096,0.6091211995
381000,0.666136,0.022688,0.311176,0.61016243232
382000,0.667328,0.022488,0.310184,0.610370678884
383000,0.668456,0.022352,0.309192,0.609537692628
384000,0.66952,0.022224,0.308256,0.610370678884
385000,0.670768,0.021992,0.30724,0.61016243232
386000,0.671664,0.021864,0.306472,0.611828404831
387000,0.672616,0.021704,0.30568,0.610370678884
388000,0.673776,0.021584,0.30464,0.608704706372
389000,0.674656,0.021424,0.30392,0.609954185756
390000,0.675832,0.021216,0.302952,0.609329446064
391000,0.676704,0.02108,0.302216,0.612244897959
392000,0.677504,0.020936,0.30156,0.612661391087
393000,0.678792,0.020752,0.300456,0.612244897959
394000,0.679648,0.020624,0.299728,0.612869637651
395000,0.680608,0.020472,0.29892,0.614119117035
396000,0.681616,0.020336,0.298048,0.614743856726
397000,0.68264,0.020168,0.297192,0.61599333611
398000,0.68372,0.020056,0.296224,0.616409829238
399000,0.684688,0.019904,0.295408,0.615576842982
400000,0.685904,0.019736,0.29436,0.616409829238
401000,0.686808,0.019592,0.2936,0.618284048313
402000,0.687912,0.019448,0.29264,0.618700541441
403000,0.689128,0.019304,0.291568,0.618700541441
404000,0.690176,0.019144,0.29068,0.619950020825
405000,0.691112,0.019048,0.28984,0.618492294877
406000,0.692336,0.018904,0.28876,0.619533527697
407000,0.6934,0.018744,0.287856,0.6218242399
408000,0.694288,0.018648,0.287064,0.623906705539
409000,0.695448,0.01848,0.286072,0.627030403998
410000,0.696472,0.018352,0.285176,0.627863390254
411000,0.697712,0.018208,0.28408,0.62869637651
412000,0.698992,0.018056,0.282952,0.629529362766
413000,0.700072,0.017944,0.281984,0.631611828405
414000,0.7012,0.017832,0.280968,0.630362349021
415000,0.70212,0.017632,0.280248,0.629321116202
416000,0.703376,0.01748,0.279144,0.629321116202
417000,0.704448,0.017336,0.278216,0.630778842149
418000,0.705592,0.017192,0.277216,0.631403581841
419000,0.706792,0.017016,0.276192,0.632444814661
420000,0.708056,0.016896,0.275048,0.633277800916
421000,0.709032,0.016776,0.274192,0.634735526864
422000,0.710008,0.016648,0.273344,0.633694294044
423000,0.710968,0.016544,0.272488,0.634110787172
424000,0.71204,0.016472,0.271488,0.633902540608
425000,0.71328,0.016352,0.270368,0.634319033736
426000,0.714496,0.016232,0.269272,0.633902540608
427000,0.715744,0.016064,0.268192,0.6345272803
428000,0.716864,0.015896,0.26724,0.636401499375
429000,0.717896,0.015808,0.266296,0.637234485631
430000,0.718952,0.01568,0.265368,0.636401499375
431000,0.719856,0.015592,0.264552,0.638900458142
432000,0.720976,0.015416,0.263608,0.638900458142
433000,0.721872,0.015368,0.26276,0.639941690962
434000,0.722928,0.015184,0.261888,0.64035818409
435000,0.723896,0.01508,0.261024,0.642024156601
436000,0.724856,0.014984,0.26016,0.642857142857
437000,0.725872,0.014872,0.259256,0.642648896293
438000,0.726824,0.014768,0.258408,0.644314868805
439000,0.727752,0.014664,0.257584,0.64514785506
440000,0.728704,0.01456,0.256736,0.645564348188
441000,0.729864,0.01444,0.255696,0.646813827572
442000,0.730664,0.014344,0.254992,0.648479800083
443000,0.731648,0.014232,0.25412,0.648271553519
444000,0.732576,0.014144,0.25328,0.651187005414
445000,0.733728,0.014048,0.252224,0.651811745106
446000,0.73492,0.01392,0.25116,0.652644731362
447000,0.736168,0.013824,0.250008,0.654935443565
448000,0.73704,0.013728,0.249232,0.654310703873
449000,0.738064,0.013672,0.248264,0.652228238234
450000,0.739152,0.013528,0.24732,0.653477717618
451000,0.739976,0.013456,0.246568,0.653477717618
452000,0.740936,0.013408,0.245656,0.655768429821
453000,0.741928,0.013312,0.24476,0.656601416077
454000,0.742904,0.013208,0.243888,0.65785089546
455000,0.743944,0.013024,0.243032,0.658683881716
456000,0.744992,0.012976,0.242032,0.659308621408
457000,0.746152,0.012936,0.240912,0.65889212828
458000,0.747104,0.012816,0.24008,0.660558100791
459000,0.748184,0.01272,0.239096,0.661807580175
460000,0.749272,0.012648,0.23808,0.662640566431
461000,0.750256,0.012536,0.237208,0.664306538942
462000,0.751256,0.012464,0.23628,0.665347771762
463000,0.752096,0.012368,0.235536,0.668054977093
464000,0.753112,0.012256,0.234632,0.672011661808
465000,0.753992,0.012208,0.2338,0.673052894627
466000,0.754808,0.01208,0.233112,0.673469387755
467000,0.755768,0.01196,0.232272,0.674718867139
468000,0.756688,0.011872,0.23144,0.675135360267
469000,0.757824,0.011736,0.23044,0.67742607247
470000,0.75868,0.011672,0.229648,0.680133277801
471000,0.759688,0.011592,0.22872,0.680758017493
472000,0.760704,0.011488,0.227808,0.680966264057
473000,0.761496,0.0114,0.227104,0.680133277801
474000,0.762488,0.011336,0.226176,0.679925031237
475000,0.763208,0.011264,0.225528,0.680758017493
476000,0.76428,0.0112,0.22452,0.682423990004
477000,0.765152,0.011144,0.223704,0.68221574344
478000,0.76612,0.011016,0.222864,0.68221574344
479000,0.767144,0.01096,0.221896,0.682840483132
480000,0.767856,0.010872,0.221272,0.683673469388
481000,0.769016,0.010776,0.220208,0.685755935027
482000,0.77012,0.010704,0.219176,0.689504373178
483000,0.771032,0.010624,0.218344,0.689712619742
484000,0.771872,0.010528,0.2176,0.689712619742
485000,0.772768,0.010448,0.216784,0.688879633486
486000,0.773888,0.010376,0.215736,0.690753852561
487000,0.774992,0.01028,0.214728,0.692003331945
488000,0.775848,0.010208,0.213944,0.692836318201
489000,0.776856,0.010136,0.213008,0.694085797584
490000,0.7778,0.010072,0.212128,0.69491878384
491000,0.778832,0.010024,0.211144,0.696793002915
492000,0.779672,0.009944,0.210384,0.696793002915
493000,0.780696,0.009832,0.209472,0.698667221991
494000,0.78152,0.00976,0.20872,0.70074968763
495000,0.782416,0.00968,0.207904,0.698250728863
496000,0.783696,0.0096,0.206704,0.698667221991
497000,0.784776,0.009528,0.205696,0.698250728863
498000,0.785584,0.009456,0.20496,0.701166180758
499000,0.786328,0.009376,0.204296,0.701374427322
500000,0.78736,0.009328,0.203312,0.702623906706
501000,0.788104,0.00928,0.202616,0.702623906706
502000,0.789216,0.0092,0.201584,0.706372344856
503000,0.790176,0.009136,0.200688,0.70762182424
504000,0.790976,0.009024,0.2,0.709287796751
505000,0.791856,0.008952,0.199192,0.710953769263
506000,0.792784,0.00888,0.198336,0.711995002082
507000,0.793704,0.0088,0.197496,0.715118700541
508000,0.7946,0.008776,0.196624,0.716784673053
509000,0.795432,0.00872,0.195848,0.718867138692
510000,0.796312,0.008688,0.195,0.719908371512
511000,0.797112,0.008624,0.194264,0.721157850895
512000,0.798032,0.008576,0.193392,0.723032069971
513000,0.799,0.008544,0.192456,0.722615576843
514000,0.799936,0.00848,0.191584,0.724489795918
515000,0.800896,0.008384,0.19072,0.724906289046
516000,0.80184,0.008328,0.189832,0.726988754686
517000,0.80284,0.008264,0.188896,0.727405247813
518000,0.803624,0.008208,0.188168,0.728654727197
519000,0.80468,0.008144,0.187176,0.731153685964
520000,0.805704,0.008088,0.186208,0.73198667222
521000,0.806568,0.008048,0.185384,0.733860891295
522000,0.807472,0.007992,0.184536,0.735110370679
523000,0.808328,0.007896,0.183776,0.735526863807
524000,0.809,0.00784,0.18316,0.73885880883
525000,0.80976,0.007784,0.182456,0.73885880883
526000,0.810536,0.007736,0.181728,0.740524781341
527000,0.811272,0.007664,0.181064,0.740941274469
528000,0.811792,0.0076,0.180608,0.741149521033
529000,0.812608,0.00756,0.179832,0.744064972928
530000,0.81336,0.00752,0.17912,0.74468971262
531000,0.814152,0.007448,0.1784,0.744897959184
532000,0.814976,0.007368,0.177656,0.744897959184
533000,0.815728,0.007328,0.176944,0.744897959184
534000,0.816416,0.007304,0.17628,0.746563931695
535000,0.817216,0.007272,0.175512,0.748646397334
536000,0.817944,0.00724,0.174816,0.746355685131
537000,0.818768,0.007168,0.174064,0.746980424823
538000,0.819608,0.007088,0.173304,0.747188671387
539000,0.820248,0.007048,0.172704,0.747605164515
540000,0.820984,0.007008,0.172008,0.751561849229
541000,0.821736,0.006928,0.171336,0.752394835485
542000,0.822448,0.006872,0.17068,0.754060807997
543000,0.823288,0.00684,0.169872,0.754269054561
544000,0.824152,0.00676,0.169088,0.754269054561
545000,0.824888,0.006696,0.168416,0.754269054561
546000,0.825672,0.00664,0.167688,0.756143273636
547000,0.826576,0.006592,0.166832,0.758850478967
548000,0.827368,0.00656,0.166072,0.760099958351
549000,0.828096,0.006512,0.165392,0.760516451479
550000,0.82892,0.006424,0.164656,0.763015410246
551000,0.829616,0.006392,0.163992,0.762390670554
552000,0.830568,0.006336,0.163096,0.766555601833
553000,0.83128,0.00632,0.1624,0.767388588088
554000,0.832128,0.006264,0.161608,0.765514369013
555000,0.832776,0.00624,0.160984,0.766763848397
556000,0.833504,0.006216,0.16028,0.76801332778
557000,0.834288,0.00616,0.159552,0.769679300292
558000,0.83508,0.006096,0.158824,0.770512286547
559000,0.835832,0.006064,0.158104,0.770928779675
560000,0.836456,0.006032,0.157512,0.773011245314
561000,0.837192,0.005968,0.15684,0.775510204082
562000,0.837896,0.005912,0.156192,0.777384423157
563000,0.838544,0.005872,0.155584,0.778217409413
564000,0.839352,0.005816,0.154832,0.779883381924
565000,0.840128,0.00576,0.154112,0.783840066639
566000,0.840952,0.005704,0.153344,0.784881299459
567000,0.84176,0.005664,0.152576,0.78550603915
568000,0.842504,0.005616,0.15188,0.78654727197
569000,0.843024,0.005608,0.151368,0.788004997918
570000,0.843784,0.005576,0.15064,0.788629737609
571000,0.844328,0.005544,0.150128,0.789046230737
572000,0.845192,0.005512,0.149296,0.789879216993
573000,0.84592,0.005472,0.148608,0.791545189504
574000,0.846664,0.005408,0.147928,0.791961682632
575000,0.847184,0.005384,0.147432,0.791753436068
576000,0.847976,0.005312,0.146712,0.79237817576
577000,0.84868,0.005248,0.146072,0.794460641399
578000,0.849296,0.005216,0.145488,0.796126613911
579000,0.849936,0.005208,0.144856,0.79820907955
580000,0.850688,0.005144,0.144168,0.79820907955
581000,0.85136,0.005128,0.143512,0.796334860475
582000,0.852208,0.005048,0.142744,0.795918367347
583000,0.852944,0.005016,0.14204,0.796543107039
584000,0.853616,0.005008,0.141376,0.796126613911
585000,0.85432,0.004944,0.140736,0.796126613911
586000,0.855112,0.004904,0.139984,0.798000832986
587000,0.855744,0.00484,0.139416,0.798833819242
588000,0.8564,0.004776,0.138824,0.799875052062
589000,0.856952,0.004728,0.13832,0.800083298626
590000,0.857592,0.00468,0.137728,0.799875052062
591000,0.858144,0.004672,0.137184,0.79925031237
592000,0.858696,0.004632,0.136672,0.80029154519
593000,0.859408,0.004584,0.136008,0.801332778009
594000,0.860096,0.00456,0.135344,0.803831736776
595000,0.860752,0.00452,0.134728,0.803623490212
596000,0.861416,0.004472,0.134112,0.804872969596
597000,0.862032,0.004408,0.13356,0.804456476468
598000,0.862624,0.004392,0.132984,0.804664723032
599000,0.86328,0.004352,0.132368,0.805914202416
600000,0.863904,0.004336,0.13176,0.807371928363
601000,0.864576,0.004312,0.131112,0.809246147439
602000,0.86528,0.00428,0.13044,0.810079133694
603000,0.865784,0.004248,0.129968,0.810079133694
604000,0.86636,0.004232,0.129408,0.808829654311
605000,0.867,0.004168,0.128832,0.807996668055
606000,0.867736,0.004128,0.128136,0.809454394002
607000,0.8684,0.004112,0.127488,0.809454394002
608000,0.869024,0.004072,0.126904,0.810495626822
609000,0.869984,0.003992,0.126024,0.811745106206
610000,0.870472,0.003976,0.125552,0.811328613078
611000,0.871128,0.003968,0.124904,0.811328613078
612000,0.871864,0.003952,0.124184,0.810703873386
613000,0.872504,0.003928,0.123568,0.811536859642
614000,0.873216,0.00392,0.122864,0.811536859642
615000,0.873904,0.003888,0.122208,0.811536859642
616000,0.874656,0.00384,0.121504,0.813202832153
617000,0.875248,0.003816,0.120936,0.814452311537
618000,0.875744,0.0038,0.120456,0.815285297793
619000,0.876416,0.003776,0.119808,0.815285297793
620000,0.87712,0.003728,0.119152,0.816118284048
621000,0.877624,0.003712,0.118664,0.815285297793
622000,0.878016,0.003696,0.118288,0.816118284048
623000,0.878728,0.003632,0.11764,0.816534777176
624000,0.879416,0.003568,0.117016,0.816118284048
625000,0.880008,0.003528,0.116464,0.816118284048
626000,0.880752,0.00352,0.115728,0.820283215327
627000,0.881504,0.003472,0.115024,0.821116201583
628000,0.882008,0.003448,0.114544,0.821116201583
629000,0.882376,0.00344,0.114184,0.820491461891
630000,0.883048,0.0034,0.113552,0.82257392753
631000,0.883656,0.003376,0.112968,0.82257392753
632000,0.884264,0.00336,0.112376,0.822990420658
633000,0.884912,0.003344,0.111744,0.823198667222
634000,0.885424,0.003288,0.111288,0.824031653478
635000,0.885976,0.003272,0.110752,0.824031653478
636000,0.8864,0.003256,0.110344,0.82361516035
637000,0.886992,0.003224,0.109784,0.824864639733
638000,0.887512,0.0032,0.109288,0.825281132861
639000,0.888104,0.00316,0.108736,0.825905872553
640000,0.888768,0.003144,0.108088,0.826738858809
641000,0.88936,0.00312,0.10752,0.826738858809
642000,0.889856,0.003096,0.107048,0.826738858809
643000,0.890488,0.003104,0.106408,0.827155351937
644000,0.891096,0.003088,0.105816,0.827571845065
645000,0.891656,0.00304,0.105304,0.828821324448
646000,0.8924,0.002984,0.104616,0.831528529779
647000,0.893056,0.002944,0.104,0.831528529779
648000,0.893432,0.002936,0.103632,0.832986255727
649000,0.893728,0.002912,0.10336,0.832986255727
650000,0.894352,0.002896,0.102752,0.834652228238
651000,0.894736,0.002896,0.102368,0.835485214494
652000,0.895328,0.002872,0.1018,0.835485214494
653000,0.895736,0.002864,0.1014,0.837984173261
654000,0.89608,0.00284,0.10108,0.837984173261
655000,0.896616,0.002824,0.10056,0.838608912953
656000,0.897152,0.002776,0.100072,0.839441899209
657000,0.89776,0.002736,0.099504,0.840691378592
658000,0.898304,0.002704,0.098992,0.840691378592
659000,0.898712,0.002688,0.0986,0.839858392337
660000,0.899216,0.00268,0.098104,0.839650145773
661000,0.899744,0.002656,0.0976,0.8400666389
662000,0.900248,0.002632,0.09712,0.840483132028
663000,0.900768,0.002616,0.096616,0.841316118284
664000,0.901232,0.002576,0.096192,0.842773844232
665000,0.901776,0.002552,0.095672,0.843190337359
666000,0.902256,0.002536,0.095208,0.844023323615
667000,0.902712,0.002512,0.094776,0.844023323615
668000,0.90336,0.002504,0.094136,0.846105789254
669000,0.903736,0.002472,0.093792,0.846105789254
670000,0.904392,0.002472,0.093136,0.84693877551
671000,0.90492,0.002456,0.092624,0.848604748022
672000,0.905592,0.002392,0.092016,0.850270720533
673000,0.906144,0.002352,0.091504,0.850270720533
674000,0.906624,0.002328,0.091048,0.851936693045
675000,0.9072,0.002328,0.090472,0.851936693045
676000,0.907784,0.00232,0.089896,0.851936693045
677000,0.908264,0.002288,0.089448,0.851520199917
678000,0.908744,0.00228,0.088976,0.852977925864
679000,0.909432,0.002248,0.08832,0.85381091212
680000,0.90996,0.00224,0.0878,0.854435651812
681000,0.910424,0.002208,0.087368,0.855268638067
682000,0.910792,0.002192,0.087016,0.855476884631
683000,0.9112,0.002184,0.086616,0.857351103707
684000,0.91172,0.002184,0.086096,0.857351103707
685000,0.912064,0.002168,0.085768,0.857767596835
686000,0.912584,0.002128,0.085288,0.85860058309
687000,0.913168,0.00212,0.084712,0.859433569346
688000,0.91368,0.002104,0.084216,0.861099541858
689000,0.914112,0.00208,0.083808,0.861099541858
690000,0.914544,0.002064,0.083392,0.861099541858
691000,0.914976,0.00204,0.082984,0.861516034985
692000,0.915416,0.001992,0.082592,0.861516034985
693000,0.915872,0.001976,0.082152,0.862349021241
694000,0.916376,0.00196,0.081664,0.863598500625
695000,0.91692,0.001944,0.081136,0.864014993753
696000,0.917384,0.00192,0.080696,0.865889212828
697000,0.91784,0.001912,0.080248,0.8654727197
698000,0.9182,0.001912,0.079888,0.866305705956
699000,0.918768,0.001896,0.079336,0.869637650979
700000,0.919184,0.001864,0.078952,0.869637650979
701000,0.919664,0.00184,0.078496,0.869637650979
702000,0.920096,0.001824,0.07808,0.87234485631
703000,0.920592,0.001824,0.077584,0.872761349438
704000,0.921056,0.001816,0.077128,0.872761349438
705000,0.9216,0.001792,0.076608,0.874010828821
706000,0.921936,0.001776,0.076288,0.874010828821
707000,0.922336,0.001768,0.075896,0.874843815077
708000,0.922808,0.00176,0.075432,0.874843815077
709000,0.923096,0.001752,0.075152,0.874843815077
710000,0.923608,0.001744,0.074648,0.874843815077
711000,0.92412,0.001736,0.074144,0.876093294461
712000,0.924648,0.00172,0.073632,0.877967513536
713000,0.925168,0.00172,0.073112,0.8781757601
714000,0.925736,0.001704,0.07256,0.879425239484
715000,0.926128,0.001688,0.072184,0.879841732611
716000,0.926576,0.00168,0.071744,0.880049979175
717000,0.926912,0.001648,0.07144,0.881299458559
718000,0.927328,0.001632,0.07104,0.882132444815
719000,0.927632,0.001616,0.070752,0.882132444815
720000,0.928136,0.001616,0.070248,0.88296543107
721000,0.928464,0.001608,0.069928,0.88296543107
722000,0.92876,0.0016,0.06964,0.883381924198
723000,0.92928,0.001592,0.069128,0.882548937943
724000,0.929624,0.001584,0.068792,0.88296543107
725000,0.929928,0.001568,0.068504,0.882548937943
726000,0.930256,0.001552,0.068192,0.882548937943
727000,0.930712,0.001552,0.067736,0.882548937943
728000,0.931,0.001544,0.067456,0.88296543107
729000,0.931448,0.001528,0.067024,0.88296543107
730000,0.931944,0.001504,0.066552,0.883798417326
731000,0.932304,0.001488,0.066208,0.886089129529
732000,0.932688,0.001488,0.065824,0.887130362349
733000,0.932968,0.001488,0.065544,0.887130362349
734000,0.933288,0.001488,0.065224,0.887130362349
735000,0.933824,0.001472,0.064704,0.887130362349
736000,0.934256,0.001464,0.06428,0.887130362349
737000,0.934568,0.001464,0.063968,0.887130362349
738000,0.934944,0.001456,0.0636,0.887130362349
739000,0.93528,0.001448,0.063272,0.887546855477
740000,0.9356,0.00144,0.06296,0.887546855477
741000,0.93604,0.001432,0.062528,0.888379841733
742000,0.93632,0.001424,0.062256,0.888379841733
743000,0.936688,0.001416,0.061896,0.88983756768
744000,0.936968,0.001416,0.061616,0.88983756768
745000,0.937368,0.0014,0.061232,0.891087047064
746000,0.93784,0.001376,0.060784,0.891087047064
747000,0.938176,0.001368,0.060456,0.890254060808
748000,0.938416,0.001352,0.060232,0.890254060808
749000,0.9388,0.001344,0.059856,0.88983756768
750000,0.939136,0.001336,0.059528,0.890254060808
751000,0.939472,0.00132,0.059208,0.892128279883
752000,0.939856,0.001288,0.058856,0.892961266139
753000,0.940192,0.001272,0.058536,0.892544773011
754000,0.940616,0.001248,0.058136,0.893794252395
755000,0.941064,0.00124,0.057696,0.894627238651
756000,0.94148,0.001224,0.057296,0.89566847147
757000,0.94176,0.001208,0.057032,0.896501457726
758000,0.942088,0.0012,0.056712,0.896501457726
759000,0.9424,0.0012,0.0564,0.89566847147
760000,0.942656,0.001192,0.056152,0.895251978342
761000,0.943064,0.001184,0.055752,0.895251978342
762000,0.94332,0.001168,0.055512,0.895876718034
763000,0.943736,0.001168,0.055096,0.897542690546
764000,0.943944,0.00116,0.054896,0.89670970429
765000,0.944312,0.001152,0.054536,0.89670970429
766000,0.944592,0.001144,0.054264,0.896917950854
767000,0.944936,0.001136,0.053928,0.896293211162
768000,0.945328,0.001128,0.053544,0.896917950854
769000,0.945704,0.001096,0.0532,0.897334443982
770000,0.945976,0.001088,0.052936,0.898167430237
771000,0.946256,0.00108,0.052664,0.898167430237
772000,0.946656,0.001072,0.052272,0.898167430237
773000,0.946952,0.001064,0.051984,0.897334443982
774000,0.947208,0.001064,0.051728,0.899416909621
775000,0.947504,0.001024,0.051472,0.900874635569
776000,0.947896,0.001,0.051104,0.900874635569
777000,0.94828,0.000984,0.050736,0.901082882132
778000,0.948624,0.000984,0.050392,0.901915868388
779000,0.948896,0.000984,0.05012,0.904414827155
780000,0.949272,0.000984,0.049744,0.904831320283
781000,0.949624,0.000984,0.049392,0.904414827155
782000,0.949888,0.000976,0.049136,0.903373594336
783000,0.950176,0.00096,0.048864,0.9035818409
784000,0.950496,0.000952,0.048552,0.904831320283
785000,0.95072,0.000952,0.048328,0.905247813411
786000,0.950968,0.000952,0.04808,0.906080799667
787000,0.951272,0.000936,0.047792,0.906080799667
788000,0.95152,0.000936,0.047544,0.905247813411
789000,0.951832,0.00092,0.047248,0.905247813411
790000,0.952232,0.00092,0.046848,0.906497292795
791000,0.952536,0.000904,0.04656,0.908579758434
792000,0.952856,0.00088,0.046264,0.90941274469
793000,0.95312,0.00088,0.046,0.911495210329
794000,0.953352,0.00088,0.045768,0.912328196585
795000,0.953608,0.00088,0.045512,0.912328196585
796000,0.953848,0.000864,0.045288,0.912328196585
797000,0.95408,0.000864,0.045056,0.912328196585
798000,0.954376,0.000856,0.044768,0.91316118284
799000,0.954664,0.000856,0.04448,0.914827155352
800000,0.95492,0.000856,0.044224,0.914827155352
801000,0.955192,0.000856,0.043952,0.914827155352
802000,0.955456,0.000856,0.043688,0.914827155352
803000,0.955784,0.000848,0.043368,0.914827155352
804000,0.956112,0.000848,0.04304,0.915660141608
805000,0.95632,0.000848,0.042832,0.916909620991
806000,0.956576,0.00084,0.042584,0.916909620991
807000,0.956792,0.000824,0.042384,0.916909620991
808000,0.957048,0.0008,0.042152,0.917534360683
809000,0.957304,0.0008,0.041896,0.917534360683
810000,0.957544,0.0008,0.041656,0.917950853811
811000,0.957776,0.0008,0.041424,0.919200333195
812000,0.95816,0.0008,0.04104,0.92003331945
813000,0.9584,0.000784,0.040816,0.92003331945
814000,0.958568,0.000784,0.040648,0.921699291962
815000,0.958816,0.000784,0.0404,0.921699291962
816000,0.959184,0.000784,0.040032,0.92211578509
817000,0.95932,0.000776,0.039904,0.921282798834
818000,0.9596,0.000776,0.039624,0.921282798834
819000,0.959904,0.000776,0.03932,0.922948771345
820000,0.96008,0.000768,0.039152,0.923781757601
821000,0.960304,0.000768,0.038928,0.923781757601
822000,0.96052,0.00076,0.03872,0.923781757601
823000,0.960736,0.00076,0.038504,0.923781757601
824000,0.96092,0.00076,0.03832,0.923781757601
825000,0.961104,0.000744,0.038152,0.923781757601
826000,0.961288,0.000744,0.037968,0.923781757601
827000,0.961488,0.000744,0.037768,0.925447730112
828000,0.961728,0.000744,0.037528,0.925447730112
829000,0.96196,0.000728,0.037312,0.926072469804
830000,0.962232,0.000728,0.03704,0.926072469804
831000,0.96244,0.00072,0.03684,0.927530195752
832000,0.96264,0.000712,0.036648,0.928363182007
833000,0.962888,0.000712,0.0364,0.928363182007
