1000,0.333700740741,0.331344592593,0.334954666667,0.329711468225
2000,0.333963851852,0.330759111111,0.335277037037,0.328981008035
3000,0.334172444444,0.330145185185,0.33568237037,0.329163623083
4000,0.334459259259,0.329526518519,0.336014222222,0.328981008035
5000,0.334734222222,0.328945777778,0.33632,0.328889700511
6000,0.334971259259,0.328312888889,0.336715851852,0.328798392988
7000,0.335127703704,0.327689481481,0.337182814815,0.328981008035
8000,0.335331555556,0.327130074074,0.33753837037,0.32934623813
9000,0.335604148148,0.326511407407,0.337884444444,0.329711468225
10000,0.335853037037,0.325914074074,0.338232888889,0.329620160701
11000,0.336146962963,0.32524562963,0.338607407407,0.33007669832
12000,0.336410074074,0.324572444444,0.339017481481,0.330624543462
13000,0.336625777778,0.323979851852,0.33939437037,0.331263696129
14000,0.336914962963,0.323309037037,0.339776,0.331446311176
15000,0.337116444444,0.322752,0.340131555556,0.331628926224
16000,0.337317925926,0.322159407407,0.340522666667,0.331628926224
17000,0.337486222222,0.321607111111,0.340906666667,0.332085463842
18000,0.337720888889,0.321014518519,0.341264592593,0.332176771366
19000,0.337993481481,0.320417185185,0.341589333333,0.331628926224
20000,0.338341925926,0.319767703704,0.34189037037,0.331811541271
21000,0.338588444444,0.319179851852,0.342231703704,0.331081081081
22000,0.338695111111,0.318580148148,0.342724740741,0.331172388605
23000,0.338953481481,0.31795437037,0.343092148148,0.331628926224
24000,0.339171555556,0.317347555556,0.343480888889,0.332085463842
25000,0.339427555556,0.316766814815,0.34380562963,0.33226807889
26000,0.339688296296,0.316200296296,0.344111407407,0.333363769175
27000,0.339982222222,0.315593481481,0.344424296296,0.333637691746
28000,0.34015762963,0.315017481481,0.344824888889,0.334550766983
29000,0.340302222222,0.314472296296,0.345225481481,0.335463842221
30000,0.340532148148,0.313863111111,0.345604740741,0.335463842221
31000,0.340726518519,0.313303703704,0.345969777778,0.335189919649
32000,0.341051259259,0.312673185185,0.346275555556,0.336376917458
33000,0.341293037037,0.312111407407,0.346595555556,0.336833455077
34000,0.341534814815,0.31149037037,0.346974814815,0.337107377648
35000,0.341767111111,0.310836148148,0.347396740741,0.337016070124
36000,0.341978074074,0.310236444444,0.347785481481,0.337289992695
37000,0.342248296296,0.309660444444,0.348091259259,0.337563915267
38000,0.342430814815,0.309044148148,0.348525037037,0.337381300219
39000,0.342651259259,0.308551111111,0.34879762963,0.338568298028
40000,0.342897777778,0.307998814815,0.349103407407,0.338111760409
41000,0.343156148148,0.307496296296,0.349347555556,0.338568298028
42000,0.343326814815,0.306934518519,0.349738666667,0.338659605551
43000,0.343544888889,0.306296888889,0.350158222222,0.339024835646
44000,0.343751111111,0.305782518519,0.35046637037,0.339390065741
45000,0.343950222222,0.305211259259,0.350838518519,0.339207450694
46000,0.344175407407,0.304632888889,0.351191703704,0.339755295836
47000,0.344410074074,0.304080592593,0.351509333333,0.33984660336
48000,0.344585481481,0.303504592593,0.351909925926,0.339755295836
49000,0.344832,0.302949925926,0.352218074074,0.339572680789
50000,0.345178074074,0.302293333333,0.352528592593,0.338659605551
51000,0.345460148148,0.301719703704,0.352820148148,0.339390065741
52000,0.345756444444,0.301089185185,0.35315437037,0.339755295836
53000,0.346007703704,0.300498962963,0.353493333333,0.33911614317
54000,0.346285037037,0.299937185185,0.353777777778,0.33911614317
55000,0.346505481481,0.299384888889,0.35410962963,0.339755295836
56000,0.346706962963,0.298797037037,0.354496,0.339937910884
57000,0.346998518519,0.298216296296,0.354785185185,0.339937910884
58000,0.347136,0.297680592593,0.355183407407,0.339572680789
59000,0.34732562963,0.297125925926,0.355548444444,0.34057706355
60000,0.347510518519,0.296545185185,0.355944296296,0.340759678598
61000,0.347742814815,0.295962074074,0.356295111111,0.340029218408
62000,0.347977481481,0.295367111111,0.356655407407,0.340759678598
63000,0.34809837037,0.294848,0.35705362963,0.340668371074
64000,0.348288,0.294300444444,0.357411555556,0.340394448503
65000,0.348449185185,0.29369837037,0.357852444444,0.340394448503
66000,0.348743111111,0.293146074074,0.358110814815,0.339755295836
67000,0.348935111111,0.292551111111,0.358513777778,0.34057706355
68000,0.349110518519,0.292036740741,0.358852740741,0.340942293645
69000,0.349297777778,0.291512888889,0.359189333333,0.340485756026
70000,0.349489777778,0.290953481481,0.359556740741,0.340850986121
71000,0.349724444444,0.290386962963,0.359888592593,0.340211833455
72000,0.349897481481,0.289825185185,0.360277333333,0.340942293645
73000,0.350179555556,0.289289481481,0.360530962963,0.341033601169
74000,0.350378666667,0.28870162963,0.360919703704,0.341033601169
75000,0.350610962963,0.288144592593,0.361244444444,0.340759678598
76000,0.350881185185,0.287518814815,0.3616,0.341216216216
77000,0.351080296296,0.286980740741,0.361938962963,0.340850986121
78000,0.351260444444,0.286475851852,0.362263703704,0.340942293645
79000,0.351511703704,0.285854814815,0.362633481481,0.340303140979
80000,0.351774814815,0.28531437037,0.362910814815,0.339937910884
81000,0.351898074074,0.284785777778,0.363316148148,0.340211833455
82000,0.352099555556,0.284195555556,0.363704888889,0.34130752374
83000,0.352284444444,0.283695407407,0.364020148148,0.340850986121
84000,0.352481185185,0.283183407407,0.364335407407,0.340485756026
85000,0.35264,0.282612148148,0.364747851852,0.34057706355
86000,0.35289837037,0.28211437037,0.364987259259,0.34130752374
87000,0.353097481481,0.281562074074,0.365340444444,0.341764061359
88000,0.353256296296,0.281042962963,0.365700740741,0.341672753835
89000,0.353431703704,0.280523851852,0.366044444444,0.342129291454
90000,0.353664,0.279954962963,0.366381037037,0.342220598977
91000,0.353808592593,0.279480888889,0.366710518519,0.342220598977
92000,0.354088296296,0.278961777778,0.366949925926,0.341946676406
93000,0.354197333333,0.27846637037,0.367336296296,0.342220598977
94000,0.354308740741,0.277973333333,0.367717925926,0.341946676406
95000,0.354469925926,0.277418666667,0.368111407407,0.341672753835
96000,0.35456237037,0.276949333333,0.368488296296,0.342585829072
97000,0.354676148148,0.276430222222,0.36889362963,0.34276844412
98000,0.354898962963,0.275904,0.369197037037,0.343224981738
99000,0.355090962963,0.275437037037,0.369472,0.343590211833
100000,0.355316148148,0.274903703704,0.369780148148,0.344320672023
101000,0.355529481481,0.274413037037,0.370057481481,0.344503287071
102000,0.355716740741,0.273886814815,0.370396444444,0.343681519357
103000,0.355982222222,0.273315555556,0.370702222222,0.343772826881
104000,0.356167111111,0.272739555556,0.371093333333,0.3442293645
105000,0.356397037037,0.272132740741,0.371470222222,0.344868517166
106000,0.356577185185,0.271656296296,0.371766518519,0.344411979547
107000,0.356875851852,0.271070814815,0.372053333333,0.3442293645
108000,0.357091555556,0.270523259259,0.372385185185,0.345325054785
109000,0.357238518519,0.269989925926,0.372771555556,0.345598977356
110000,0.357541925926,0.269411555556,0.373046518519,0.346055514974
111000,0.357710222222,0.268875851852,0.373413925926,0.346785975164
112000,0.357944888889,0.268399407407,0.373655703704,0.346512052593
113000,0.358103703704,0.267922962963,0.373973333333,0.346238130022
114000,0.358290962963,0.267399111111,0.374309925926,0.346420745069
115000,0.358478222222,0.26688237037,0.374639407407,0.346968590212
116000,0.358738962963,0.266382222222,0.374878814815,0.347333820307
117000,0.358952296296,0.265879703704,0.375168,0.34815558802
118000,0.359092148148,0.265358222222,0.37554962963,0.34888604821
119000,0.359388444444,0.264798814815,0.375812740741,0.349342585829
120000,0.359556740741,0.26431762963,0.37612562963,0.3496165084
121000,0.359767703704,0.263762962963,0.376469333333,0.349525200877
122000,0.359909925926,0.263260444444,0.37682962963,0.350529583638
123000,0.360132740741,0.262743703704,0.377123555556,0.350529583638
124000,0.360277333333,0.262203259259,0.377519407407,0.350712198685
125000,0.360466962963,0.261688888889,0.377844148148,0.350803506209
126000,0.360663703704,0.261162666667,0.37817362963,0.351351351351
127000,0.36082962963,0.26067437037,0.378496,0.350894813733
128000,0.361047703704,0.26015762963,0.378794666667,0.350803506209
129000,0.361253925926,0.259621925926,0.379124148148,0.351260043828
130000,0.361367703704,0.259152592593,0.379479703704,0.351533966399
131000,0.361536,0.258645333333,0.379818666667,0.351990504018
132000,0.361770666667,0.258166518519,0.380062814815,0.35253834916
133000,0.361953185185,0.257673481481,0.380373333333,0.352812271731
134000,0.362142814815,0.257194666667,0.380662518519,0.353086194302
135000,0.362223407407,0.256694518519,0.381082074074,0.353086194302
136000,0.362469925926,0.256215703704,0.38131437037,0.353634039445
137000,0.362586074074,0.25574637037,0.381667555556,0.353725346969
138000,0.362825481481,0.255246222222,0.381928296296,0.354455807159
139000,0.363019851852,0.254798222222,0.382181925926,0.355003652301
140000,0.363226074074,0.254257777778,0.382516148148,0.354912344777
141000,0.363358814815,0.253688888889,0.382952296296,0.355277574872
142000,0.363591111111,0.253205333333,0.383203555556,0.355642804967
143000,0.363761777778,0.252717037037,0.383521185185,0.354912344777
144000,0.363830518519,0.252207407407,0.383962074074,0.355368882396
145000,0.36402962963,0.251700148148,0.384270222222,0.355368882396
146000,0.364176592593,0.251235555556,0.384587851852,0.355277574872
147000,0.364416,0.250763851852,0.384820148148,0.355003652301
148000,0.364596148148,0.250318222222,0.38508562963,0.35546018992
149000,0.364747851852,0.249832296296,0.385419851852,0.355734112491
150000,0.364894814815,0.24934162963,0.385763555556,0.355734112491
151000,0.365136592593,0.248867555556,0.385995851852,0.355916727538
152000,0.365281185185,0.248376888889,0.386341925926,0.356008035062
153000,0.365482666667,0.247902814815,0.386614518519,0.357286340394
154000,0.365560888889,0.247405037037,0.387034074074,0.357103725347
155000,0.365736296296,0.246902518519,0.387361185185,0.357286340394
156000,0.365966222222,0.246418962963,0.387614814815,0.357377647918
157000,0.366068148148,0.245883259259,0.388048592593,0.357834185537
158000,0.36620562963,0.245435259259,0.388359111111,0.357468955442
159000,0.366366814815,0.244946962963,0.388686222222,0.357834185537
160000,0.366561185185,0.244432592593,0.389006222222,0.358199415632
161000,0.366670222222,0.243991703704,0.389338074074,0.358473338203
162000,0.366821925926,0.243546074074,0.389632,0.358473338203
163000,0.366907259259,0.243095703704,0.389997037037,0.358564645727
164000,0.367120592593,0.242595555556,0.390283851852,0.358655953251
165000,0.36736237037,0.242066962963,0.390570666667,0.358747260774
166000,0.367450074074,0.24160237037,0.390947555556,0.358747260774
167000,0.367608888889,0.241069037037,0.391322074074,0.35938641344
168000,0.36781037037,0.24063762963,0.391552,0.359569028488
169000,0.368023703704,0.240144592593,0.391831703704,0.358929875822
170000,0.368210962963,0.239644444444,0.392144592593,0.36011687363
171000,0.368315259259,0.239156148148,0.392528592593,0.360299488678
172000,0.368523851852,0.238701037037,0.392775111111,0.360664718773
173000,0.368720592593,0.238257777778,0.39302162963,0.361121256392
174000,0.368862814815,0.237800296296,0.393336888889,0.361486486486
175000,0.368990814815,0.237340444444,0.393668740741,0.361486486486
176000,0.369192296296,0.23692562963,0.393882074074,0.361669101534
177000,0.369289481481,0.236510814815,0.394199703704,0.362764791819
178000,0.369486222222,0.236024888889,0.394488888889,0.363130021914
179000,0.369659259259,0.235510518519,0.394830222222,0.363586559533
180000,0.369808592593,0.235057777778,0.39513362963,0.363403944485
181000,0.369950814815,0.234628740741,0.395420444444,0.363130021914
182000,0.370104888889,0.234116740741,0.39577837037,0.364043097151
183000,0.370270814815,0.233609481481,0.396119703704,0.364773557341
184000,0.370379851852,0.233182814815,0.396437333333,0.364956172389
185000,0.370467555556,0.232730074074,0.39680237037,0.366143170197
186000,0.370505481481,0.232353185185,0.397141333333,0.366234477721
187000,0.370628740741,0.231872,0.397499259259,0.366782322863
188000,0.37081837037,0.231431111111,0.397750518519,0.366234477721
189000,0.370903703704,0.230999703704,0.398096592593,0.366143170197
190000,0.370972444444,0.23059437037,0.398433185185,0.366782322863
191000,0.371109925926,0.230120296296,0.398769777778,0.366782322863
192000,0.371294814815,0.229677037037,0.399028148148,0.366782322863
193000,0.371593481481,0.229200592593,0.399205925926,0.366964937911
194000,0.37177837037,0.228764444444,0.399457185185,0.366782322863
195000,0.371953777778,0.228299851852,0.39974637037,0.367056245435
196000,0.37216,0.227892148148,0.399947851852,0.367330168006
197000,0.372344888889,0.227410962963,0.400244148148,0.367878013148
198000,0.372458666667,0.226984296296,0.400557037037,0.367604090577
199000,0.372608,0.226514962963,0.400877037037,0.368060628196
200000,0.372771555556,0.226040888889,0.401187555556,0.368608473338
201000,0.37292562963,0.225564444444,0.401509925926,0.367878013148
202000,0.373098666667,0.225170962963,0.40173037037,0.368060628196
203000,0.373288296296,0.224720592593,0.401991111111,0.368791088386
204000,0.373413925926,0.224293925926,0.402292148148,0.369704163623
205000,0.373572740741,0.223834074074,0.402593185185,0.370343316289
206000,0.373691259259,0.223383703704,0.402925037037,0.371439006574
207000,0.373793185185,0.222968888889,0.403237925926,0.371530314098
208000,0.373944888889,0.222473481481,0.40358162963,0.37207815924
209000,0.374089481481,0.221966222222,0.403944296296,0.372899926954
210000,0.374056296296,0.221594074074,0.40434962963,0.372626004383
211000,0.37414637037,0.221134222222,0.404719407407,0.372626004383
212000,0.374293333333,0.220695703704,0.405010962963,0.373082542001
213000,0.374577777778,0.220214518519,0.405207703704,0.373356464573
214000,0.37478162963,0.219823407407,0.405394962963,0.37353907962
215000,0.374852740741,0.219413333333,0.405733925926,0.373904309715
216000,0.374959407407,0.218996148148,0.406044444444,0.37426953981
217000,0.375111111111,0.218612148148,0.406276740741,0.374726077429
218000,0.375307851852,0.218149925926,0.406542222222,0.375091307524
219000,0.375416888889,0.217711407407,0.406871703704,0.375182615047
220000,0.375587555556,0.217303703704,0.407108740741,0.375365230095
221000,0.375781925926,0.21682962963,0.407388444444,0.375913075237
222000,0.375843555556,0.216426666667,0.407729777778,0.376004382761
223000,0.376004740741,0.215962074074,0.408033185185,0.375639152666
224000,0.376009481481,0.215511703704,0.408478814815,0.376278305332
225000,0.376111407407,0.215082666667,0.408805925926,0.377373995617
226000,0.376265481481,0.214679703704,0.409054814815,0.377465303141
227000,0.37631762963,0.214219851852,0.409462518519,0.37792184076
228000,0.376455111111,0.213771851852,0.409773037037,0.37865230095
229000,0.376585481481,0.213361777778,0.410052740741,0.378378378378
230000,0.376734814815,0.21292562963,0.410339555556,0.379474068663
231000,0.376936296296,0.212456296296,0.410607407407,0.380387143901
232000,0.377159111111,0.212060444444,0.410780444444,0.380204528853
233000,0.377306074074,0.21165037037,0.411043555556,0.380204528853
234000,0.377453037037,0.211218962963,0.411328,0.380021913806
235000,0.377607111111,0.210851555556,0.411541333333,0.380113221329
236000,0.377792,0.210420148148,0.411787851852,0.380661066472
237000,0.377877333333,0.210026666667,0.412096,0.380204528853
238000,0.378021925926,0.209635555556,0.412342518519,0.380569758948
239000,0.378190222222,0.209199407407,0.41261037037,0.380752373996
240000,0.378318222222,0.208746666667,0.412935111111,0.381117604091
241000,0.378545777778,0.20832237037,0.413131851852,0.381665449233
242000,0.378666666667,0.207952592593,0.413380740741,0.382395909423
243000,0.378785185185,0.207561481481,0.413653333333,0.382395909423
244000,0.378863407407,0.207125333333,0.414011259259,0.382761139518
245000,0.379107555556,0.206672592593,0.414219851852,0.383217677137
246000,0.379207111111,0.206279111111,0.414513777778,0.382669831994
247000,0.379304296296,0.205897481481,0.414798222222,0.382121986852
248000,0.379361185185,0.205477925926,0.415160888889,0.382304601899
249000,0.379467851852,0.205103407407,0.415428740741,0.382304601899
250000,0.379693037037,0.204667259259,0.415639703704,0.383400292184
251000,0.379861333333,0.204323555556,0.415815111111,0.383126369613
252000,0.379960888889,0.203956148148,0.416082962963,0.382852447042
253000,0.380110222222,0.203543703704,0.416346074074,0.383217677137
254000,0.380321185185,0.203157333333,0.416521481481,0.383400292184
255000,0.380430222222,0.202770962963,0.416798814815,0.383491599708
256000,0.380534518519,0.202320592593,0.417144888889,0.382943754565
257000,0.380608,0.202005333333,0.417386666667,0.382213294375
258000,0.380681481481,0.201609481481,0.417709037037,0.38330898466
259000,0.380856888889,0.201223111111,0.41792,0.383035062089
260000,0.380916148148,0.200824888889,0.418258962963,0.383948137327
261000,0.380968296296,0.200448,0.418583703704,0.383674214755
262000,0.381051259259,0.200064,0.418884740741,0.384130752374
263000,0.381219555556,0.199625481481,0.419154962963,0.384313367421
264000,0.381340444444,0.199198814815,0.419460740741,0.384404674945
265000,0.381418666667,0.198812444444,0.419768888889,0.384587289993
266000,0.381577481481,0.198423703704,0.419998814815,0.384495982469
267000,0.381767111111,0.198037333333,0.420195555556,0.384587289993
268000,0.38182162963,0.197658074074,0.420520296296,0.385135135135
269000,0.381925925926,0.197248,0.420826074074,0.38550036523
270000,0.382136888889,0.196785777778,0.421077333333,0.386869978086
271000,0.382139259259,0.196375703704,0.421485037037,0.387143900657
272000,0.382229333333,0.195979851852,0.421790814815,0.387874360847
273000,0.382300444444,0.195546074074,0.422153481481,0.388604821037
274000,0.38246637037,0.195159703704,0.422373925926,0.388330898466
275000,0.382667851852,0.194730666667,0.422601481481,0.388513513514
276000,0.38291437037,0.194349037037,0.422736592593,0.389243973703
277000,0.383028148148,0.193936592593,0.423035259259,0.388878743608
278000,0.383134814815,0.193528888889,0.423336296296,0.389061358656
279000,0.38323437037,0.193106962963,0.423658666667,0.389335281227
280000,0.383314962963,0.192796444444,0.423888592593,0.389517896275
281000,0.38342637037,0.192338962963,0.424234666667,0.389700511322
282000,0.383442962963,0.19199762963,0.424559407407,0.39061358656
283000,0.383525925926,0.19168,0.424794074074,0.390065741417
284000,0.383616,0.191312592593,0.425071407407,0.390248356465
285000,0.383708444444,0.190968888889,0.425322666667,0.389974433893
286000,0.383857777778,0.190596740741,0.425545481481,0.390157048941
287000,0.383886222222,0.190245925926,0.425867851852,0.390522279036
288000,0.384113777778,0.189857185185,0.426029037037,0.390704894083
289000,0.384210962963,0.189485037037,0.426304,0.390430971512
290000,0.384196740741,0.189124740741,0.426678518519,0.390522279036
291000,0.384367407407,0.188736,0.426896592593,0.390248356465
292000,0.384443259259,0.188342518519,0.427214222222,0.390430971512
293000,0.384590222222,0.187944296296,0.427465481481,0.390522279036
294000,0.384682666667,0.187529481481,0.427787851852,0.390887509131
295000,0.384843851852,0.187162074074,0.427994074074,0.391435354273
296000,0.384964740741,0.186806518519,0.428228740741,0.392074506939
297000,0.385073777778,0.186453333333,0.428472888889,0.392439737034
298000,0.385197037037,0.186097777778,0.428705185185,0.392713659606
299000,0.385284740741,0.185773037037,0.428942222222,0.394083272462
300000,0.385294222222,0.185386666667,0.429319111111,0.394174579985
301000,0.385457777778,0.185002666667,0.429539555556,0.394357195033
302000,0.385675851852,0.184644740741,0.429679407407,0.393991964938
303000,0.385742222222,0.184270222222,0.429987555556,0.393626734843
304000,0.385829925926,0.183862518519,0.430307555556,0.393535427319
305000,0.385884444444,0.183466666667,0.430648888889,0.394722425128
306000,0.385927111111,0.183113481481,0.430959407407,0.394083272462
307000,0.386002962963,0.182724740741,0.431272296296,0.394265887509
308000,0.386107259259,0.182371555556,0.431521185185,0.394265887509
309000,0.386235259259,0.182070518519,0.431694222222,0.394905040175
310000,0.386308740741,0.181703111111,0.431988148148,0.394905040175
311000,0.386330074074,0.181385481481,0.432284444444,0.395635500365
312000,0.386410666667,0.180980148148,0.432609185185,0.396274653031
313000,0.386505481481,0.180619851852,0.432874666667,0.396639883126
314000,0.386588444444,0.180269037037,0.433142518519,0.396365960555
315000,0.386714074074,0.17990162963,0.433384296296,0.39673119065
316000,0.386884740741,0.179503407407,0.433611851852,0.396913805698
317000,0.386998518519,0.179114666667,0.433886814815,0.397826880935
318000,0.387124148148,0.178733037037,0.434142814815,0.398466033601
319000,0.38720237037,0.178396444444,0.434401185185,0.398648648649
320000,0.387358814815,0.178031407407,0.434609777778,0.398283418554
321000,0.387557925926,0.177642666667,0.434799407407,0.398009495982
322000,0.387704888889,0.177253925926,0.435041185185,0.398009495982
323000,0.387811555556,0.176941037037,0.435247407407,0.397644265888
324000,0.387958518519,0.176594962963,0.435446518519,0.397552958364
325000,0.388060444444,0.176286814815,0.435652740741,0.397644265888
326000,0.388114962963,0.17593837037,0.435946666667,0.398648648649
327000,0.388209777778,0.175568592593,0.43622162963,0.398466033601
328000,0.388299851852,0.175217777778,0.43648237037,0.399013878744
329000,0.388458666667,0.174893037037,0.436648296296,0.39892257122
330000,0.388553481481,0.174513777778,0.436932740741,0.399744338934
331000,0.388679111111,0.174148740741,0.437172148148,0.399926953981
332000,0.388792888889,0.173797925926,0.437409185185,0.399744338934
333000,0.388842666667,0.173480296296,0.437677037037,0.399470416362
334000,0.388944592593,0.17311762963,0.437937777778,0.39892257122
335000,0.388961185185,0.172771555556,0.438267259259,0.399744338934
336000,0.389063111111,0.172427851852,0.438509037037,0.400566106647
337000,0.389146074074,0.172114962963,0.438738962963,0.400292184076
338000,0.389281185185,0.171785481481,0.438933333333,0.400566106647
339000,0.389352296296,0.171441777778,0.439205925926,0.40111395179
340000,0.389451851852,0.171081481481,0.439466666667,0.401753104456
341000,0.389608296296,0.170704592593,0.439687111111,0.402300949598
342000,0.389684148148,0.170351407407,0.439964444444,0.402757487217
343000,0.389778962963,0.170021925926,0.440199111111,0.403214024836
344000,0.389854814815,0.169671111111,0.440474074074,0.403670562454
345000,0.389944888889,0.169308444444,0.440746666667,0.404583637692
346000,0.390023111111,0.169014518519,0.44096237037,0.405222790358
347000,0.390087111111,0.168682666667,0.441230222222,0.405314097882
348000,0.390132148148,0.168353185185,0.441514666667,0.405588020453
349000,0.390264888889,0.167978666667,0.441756444444,0.406044558072
350000,0.390350222222,0.167651555556,0.441998222222,0.406409788167
351000,0.390437925926,0.167307851852,0.442254222222,0.406409788167
352000,0.390580148148,0.166980740741,0.442439111111,0.40723155588
353000,0.390651259259,0.166634666667,0.442714074074,0.406592403214
354000,0.390748444444,0.166295703704,0.442955851852,0.40723155588
355000,0.390829037037,0.165947259259,0.443223703704,0.40869247626
356000,0.390912,0.165596444444,0.443491555556,0.40869247626
357000,0.391032888889,0.165266962963,0.443700148148,0.409331628926
358000,0.391134814815,0.164939851852,0.443925333333,0.409057706355
359000,0.391232,0.164593777778,0.444174222222,0.408601168736
360000,0.391376592593,0.164240592593,0.444382814815,0.408418553689
361000,0.391506962963,0.163882666667,0.44461037037,0.409240321402
362000,0.39154962963,0.163543703704,0.444906666667,0.409149013879
363000,0.391573333333,0.163256888889,0.445169777778,0.409149013879
364000,0.391691851852,0.162939259259,0.445368888889,0.409788166545
365000,0.39174162963,0.162642962963,0.445615407407,0.41015339664
366000,0.391841185185,0.162292148148,0.445866666667,0.410701241782
367000,0.391857777778,0.161910518519,0.446231703704,0.410792549306
368000,0.39193837037,0.161550222222,0.446511407407,0.411157779401
369000,0.392007111111,0.161211259259,0.44678162963,0.410975164354
370000,0.392113777778,0.160891259259,0.446994962963,0.410518626735
371000,0.392192,0.160564148148,0.447243851852,0.410975164354
372000,0.392374518519,0.160199111111,0.44742637037,0.410792549306
373000,0.392462222222,0.159822222222,0.447715555556,0.410975164354
374000,0.392495407407,0.159502222222,0.44800237037,0.41088385683
375000,0.392618666667,0.159215407407,0.448165925926,0.410518626735
376000,0.392616296296,0.15891437037,0.448469333333,0.410062089116
377000,0.392694518519,0.158599111111,0.44870637037,0.409149013879
378000,0.392786962963,0.158248296296,0.448964740741,0.409788166545
379000,0.392779851852,0.15801362963,0.449206518519,0.410336011687
380000,0.392886518519,0.157686518519,0.449426962963,0.41088385683
381000,0.392988444444,0.157307259259,0.449704296296,0.411796932067
382000,0.393135407407,0.156987259259,0.449877333333,0.411249086925
383000,0.393199407407,0.156664888889,0.450135703704,0.41161431702
384000,0.393258666667,0.156356740741,0.450384592593,0.411979547115
385000,0.393270518519,0.156069925926,0.450659555556,0.411796932067
386000,0.393263407407,0.155783111111,0.450953481481,0.412436084733
387000,0.393348740741,0.155484444444,0.451166814815,0.412618699781
388000,0.393476740741,0.155147851852,0.451375407407,0.412162162162
389000,0.393512296296,0.154842074074,0.45164562963,0.412801314828
390000,0.393509925926,0.15456,0.451930074074,0.413623082542
391000,0.39353362963,0.154282666667,0.452183703704,0.413349159971
392000,0.393557333333,0.153998222222,0.452444444444,0.413166544923
393000,0.393590518519,0.15373037037,0.452679111111,0.412983929876
394000,0.393590518519,0.153462518519,0.452946962963,0.413166544923
395000,0.393595259259,0.153192296296,0.453212444444,0.413349159971
396000,0.393635555556,0.152891259259,0.453473185185,0.413257852447
397000,0.393590518519,0.152568888889,0.453840592593,0.413714390066
398000,0.393604740741,0.152274962963,0.454120296296,0.413349159971
399000,0.39373037037,0.151928888889,0.454340740741,0.413897005113
400000,0.393735111111,0.151630222222,0.454634666667,0.414810080351
401000,0.393829925926,0.151345777778,0.454824296296,0.414262235208
402000,0.393886814815,0.15104,0.455073185185,0.414262235208
403000,0.393967407407,0.150705777778,0.455326814815,0.414992695398
404000,0.394069333333,0.150376296296,0.45555437037,0.414718772827
405000,0.394168888889,0.15008237037,0.455748740741,0.414992695398
406000,0.394166518519,0.149738666667,0.456094814815,0.415266617969
407000,0.39424,0.149430518519,0.456329481481,0.414992695398
408000,0.394337185185,0.149124740741,0.456538074074,0.415631848064
409000,0.394394074074,0.148845037037,0.456760888889,0.416088385683
410000,0.394405925926,0.148525037037,0.457069037037,0.415723155588
411000,0.394420148148,0.148190814815,0.457389037037,0.415905770636
412000,0.394443851852,0.14790162963,0.457654518519,0.415997078159
413000,0.394505481481,0.147553185185,0.457941333333,0.415997078159
414000,0.394536296296,0.147237925926,0.458225777778,0.415814463112
415000,0.394569481481,0.146993777778,0.458436740741,0.415357925493
416000,0.394576592593,0.146747259259,0.458676148148,0.415905770636
417000,0.394586074074,0.146465185185,0.458948740741,0.415814463112
418000,0.394657185185,0.146176,0.459166814815,0.415540540541
419000,0.394683259259,0.145948444444,0.459368296296,0.415175310446
420000,0.39475437037,0.145673481481,0.459572148148,0.415449233017
421000,0.394894222222,0.145358222222,0.459747555556,0.415997078159
422000,0.394887111111,0.145042962963,0.460069925926,0.416453615778
423000,0.394917925926,0.144768,0.460314074074,0.416453615778
424000,0.394910814815,0.144452740741,0.460636444444,0.417457998539
425000,0.394996148148,0.144118518519,0.460885333333,0.417457998539
426000,0.395000888889,0.143824592593,0.461174518519,0.416818845873
427000,0.395093333333,0.143535407407,0.461371259259,0.416727538349
428000,0.395164444444,0.143274666667,0.461560888889,0.416362308254
429000,0.395164444444,0.142957037037,0.461878518519,0.416910153397
430000,0.395280592593,0.142667851852,0.462051555556,0.417457998539
431000,0.395370666667,0.142364444444,0.462264888889,0.417092768444
432000,0.395377777778,0.14208237037,0.462539851852,0.417184075968
433000,0.395380148148,0.141812148148,0.462807703704,0.416910153397
434000,0.395451259259,0.141480296296,0.463068444444,0.417275383492
435000,0.395477333333,0.141176888889,0.463345777778,0.417184075968
436000,0.395591111111,0.140847407407,0.463561481481,0.416727538349
437000,0.395591111111,0.140586666667,0.463822222222,0.416179693207
438000,0.395662222222,0.140309333333,0.464028444444,0.416453615778
439000,0.395719111111,0.140024888889,0.464256,0.415814463112
440000,0.395735703704,0.139738074074,0.464526222222,0.416179693207
441000,0.395899259259,0.139437037037,0.464663703704,0.416088385683
442000,0.395946666667,0.13913837037,0.464914962963,0.417092768444
443000,0.39609837037,0.138834962963,0.465066666667,0.417366691015
444000,0.396124444444,0.13856237037,0.465313185185,0.416910153397
445000,0.396242962963,0.138299259259,0.465457777778,0.416453615778
446000,0.396368592593,0.138002962963,0.465628444444,0.416818845873
447000,0.396463407407,0.137704296296,0.465832296296,0.417823228634
448000,0.39648,0.13740562963,0.46611437037,0.418005843682
449000,0.396551111111,0.137118814815,0.466330074074,0.417640613587
450000,0.396622222222,0.13683437037,0.466543407407,0.418188458729
451000,0.396747851852,0.136497777778,0.46675437037,0.418371073776
452000,0.396830814815,0.136215703704,0.466953481481,0.418097151205
453000,0.396807111111,0.135952592593,0.467240296296,0.417914536158
454000,0.396928,0.135639703704,0.467432296296,0.41773192111
455000,0.396918518519,0.135319703704,0.467761777778,0.418005843682
456000,0.397003851852,0.134983111111,0.468013037037,0.418827611395
457000,0.397029925926,0.134684444444,0.46828562963,0.418644996348
458000,0.397155555556,0.134373925926,0.468470518519,0.418644996348
459000,0.397176888889,0.134053925926,0.468769185185,0.418371073776
460000,0.397288296296,0.133764740741,0.468946962963,0.419101533966
461000,0.397368888889,0.133496888889,0.469134222222,0.419649379109
462000,0.397430518519,0.133269333333,0.469300148148,0.420197224251
463000,0.39750162963,0.132965925926,0.469532444444,0.419466764061
464000,0.397492148148,0.132690962963,0.469816888889,0.419649379109
465000,0.397558518519,0.132425481481,0.470016,0.419831994156
466000,0.39750162963,0.132176592593,0.470321777778,0.420471146822
467000,0.397470814815,0.131896888889,0.470632296296,0.421201607012
468000,0.397508740741,0.131626666667,0.470864592593,0.421201607012
469000,0.397508740741,0.131335111111,0.471156148148,0.421658144631
470000,0.397572740741,0.131055407407,0.471371851852,0.421566837107
471000,0.397684148148,0.130775703704,0.471540148148,0.42211468225
472000,0.397691259259,0.130524444444,0.471784296296,0.422205989774
473000,0.397736296296,0.130289777778,0.471973925926,0.422388604821
474000,0.397707851852,0.130019555556,0.472272592593,0.422205989774
475000,0.397795555556,0.129756444444,0.472448,0.422571219869
476000,0.397795555556,0.129500444444,0.472704,0.423210372535
477000,0.397795555556,0.129244444444,0.47296,0.424123447772
478000,0.397850074074,0.129012148148,0.473137777778,0.425219138057
479000,0.397892740741,0.128798814815,0.473308444444,0.425766983199
480000,0.397911703704,0.128549925926,0.47353837037,0.426406135866
481000,0.397795555556,0.128267851852,0.473936592593,0.426680058437
482000,0.397819259259,0.128016592593,0.474164148148,0.426953981008
483000,0.397895111111,0.127796148148,0.474308740741,0.426771365961
484000,0.397892740741,0.127568592593,0.474538666667,0.426497443389
485000,0.397923555556,0.127300740741,0.474775703704,0.426314828342
486000,0.39801362963,0.126999703704,0.474986666667,0.426132213294
487000,0.397989925926,0.126795851852,0.475214222222,0.426953981008
488000,0.397966222222,0.126558814815,0.475474962963,0.42750182615
489000,0.397975703704,0.126343111111,0.475681185185,0.426953981008
490000,0.397956740741,0.126106074074,0.475937185185,0.427227903579
491000,0.397892740741,0.125835851852,0.476271407407,0.427593133674
492000,0.397930666667,0.125556148148,0.476513185185,0.427593133674
493000,0.397968592593,0.125304888889,0.476726518519,0.427775748722
494000,0.397989925926,0.12505362963,0.476956444444,0.428140978817
495000,0.398032592593,0.124776296296,0.477191111111,0.428323593864
496000,0.398027851852,0.124498962963,0.477473185185,0.429054054054
497000,0.398042074074,0.124252444444,0.477705481481,0.429419284149
498000,0.39808,0.124005925926,0.477914074074,0.429601899196
499000,0.398198518519,0.123738074074,0.478063407407,0.429236669102
500000,0.398231703704,0.123470222222,0.478298074074,0.429875821768
501000,0.398219851852,0.123223703704,0.478556444444,0.43042366691
502000,0.398255407407,0.122944,0.478800592593,0.430788897005
503000,0.398257777778,0.122704592593,0.47903762963,0.431428049671
504000,0.398354962963,0.122443851852,0.479201185185,0.431062819576
505000,0.398433185185,0.122211555556,0.479355259259,0.43042366691
506000,0.398445037037,0.122000592593,0.47955437037,0.429784514244
507000,0.398352592593,0.12173037037,0.479917037037,0.430149744339
508000,0.398421333333,0.121495703704,0.480082962963,0.430514974434
509000,0.398390518519,0.121249185185,0.480360296296,0.430332359386
510000,0.398478222222,0.121028740741,0.480493037037,0.430514974434
511000,0.398499555556,0.120810666667,0.480689777778,0.431062819576
512000,0.39853037037,0.120554666667,0.480914962963,0.430514974434
513000,0.398580148148,0.120293925926,0.481125925926,0.430514974434
514000,0.398599111111,0.120054518519,0.48134637037,0.430149744339
515000,0.398698666667,0.119796148148,0.481505185185,0.430332359386
516000,0.398727111111,0.119552,0.481720888889,0.429236669102
517000,0.398821925926,0.119312592593,0.481865481481,0.429784514244
518000,0.398881185185,0.119063703704,0.482055111111,0.430880204529
519000,0.398999703704,0.118807703704,0.482192592593,0.4311541271
520000,0.398947555556,0.118565925926,0.482486518519,0.430971512053
521000,0.398964148148,0.118326518519,0.482709333333,0.431062819576
522000,0.398881185185,0.118132148148,0.482986666667,0.431062819576
523000,0.399016296296,0.11788562963,0.483098074074,0.430788897005
524000,0.39904,0.117605925926,0.483354074074,0.430514974434
525000,0.399104,0.117371259259,0.483524740741,0.430880204529
526000,0.399089777778,0.117112888889,0.483797333333,0.431519357195
527000,0.399077925926,0.116899555556,0.484022518519,0.431336742148
528000,0.399068444444,0.116679111111,0.484252444444,0.432067202337
529000,0.399082666667,0.116427851852,0.484489481481,0.432067202337
530000,0.399108740741,0.116167111111,0.484724148148,0.431428049671
531000,0.399182222222,0.115930074074,0.484887703704,0.432067202337
532000,0.399208296296,0.115676444444,0.485115259259,0.432341124909
533000,0.399255703704,0.115482074074,0.485262222222,0.43261504748
534000,0.399319703704,0.115275851852,0.485404444444,0.433254200146
535000,0.399345777778,0.115050666667,0.485603555556,0.43334550767
536000,0.399246222222,0.114863407407,0.48589037037,0.433436815194
537000,0.399253333333,0.114600296296,0.48614637037,0.433528122717
538000,0.399314962963,0.114372740741,0.486312296296,0.433254200146
539000,0.399338666667,0.114185481481,0.486475851852,0.433802045289
540000,0.399326814815,0.114002962963,0.486670222222,0.432523739956
541000,0.399281777778,0.113749333333,0.486968888889,0.432249817385
542000,0.399296,0.113524148148,0.487179851852,0.432067202337
543000,0.399305481481,0.113332148148,0.48736237037,0.432067202337
544000,0.399438222222,0.113054814815,0.487506962963,0.431701972243
545000,0.399461925926,0.112824888889,0.487713185185,0.432158509861
546000,0.399461925926,0.112602074074,0.487936,0.432523739956
547000,0.399461925926,0.112376888889,0.488161185185,0.432980277575
548000,0.399483259259,0.112168296296,0.488348444444,0.433710737765
549000,0.399566222222,0.111909925926,0.488523851852,0.433893352812
550000,0.399585185185,0.111675259259,0.488739555556,0.434989043097
551000,0.399597037037,0.111469037037,0.488933925926,0.434989043097
552000,0.399592296296,0.111250962963,0.489156740741,0.434989043097
553000,0.399656296296,0.111023407407,0.489320296296,0.43553688824
554000,0.399703703704,0.110767407407,0.489528888889,0.435993425858
555000,0.399713185185,0.110563555556,0.489723259259,0.436358655953
556000,0.399698962963,0.110354962963,0.489946074074,0.436176040906
557000,0.399717925926,0.11014162963,0.490140444444,0.437363038714
558000,0.399658666667,0.109911703704,0.49042962963,0.437271731191
559000,0.399715555556,0.109691259259,0.490593185185,0.438367421476
560000,0.399760592593,0.109435259259,0.490804148148,0.438641344047
561000,0.399845925926,0.109221925926,0.490932148148,0.438641344047
562000,0.399836444444,0.109018074074,0.491145481481,0.439097881665
563000,0.399803259259,0.108821333333,0.491375407407,0.439097881665
564000,0.399902814815,0.108593777778,0.491503407407,0.439280496713
565000,0.399860148148,0.108416,0.491723851852,0.439828341855
566000,0.399973925926,0.108195555556,0.491830518519,0.439554419284
567000,0.399981037037,0.108013037037,0.492005925926,0.440010956903
568000,0.400042666667,0.107790222222,0.492167111111,0.43946311176
569000,0.40013037037,0.107546074074,0.492323555556,0.439097881665
570000,0.400113777778,0.107292444444,0.492593777778,0.439554419284
571000,0.400154074074,0.107062518519,0.492783407407,0.439737034332
572000,0.400142222222,0.106825481481,0.493032296296,0.440467494522
573000,0.400123259259,0.106624,0.493252740741,0.439828341855
574000,0.400161185185,0.106422518519,0.493416296296,0.440284879474
575000,0.400154074074,0.106180740741,0.493665185185,0.440102264427
576000,0.400246518519,0.105988740741,0.493764740741,0.439919649379
577000,0.400270222222,0.105742222222,0.493987555556,0.439371804237
578000,0.400218074074,0.105528888889,0.494253037037,0.439554419284
579000,0.400239407407,0.105358222222,0.49440237037,0.440102264427
580000,0.400293925926,0.105170962963,0.494535111111,0.441563184806
581000,0.400239407407,0.104955259259,0.494805333333,0.442019722425
582000,0.400265481481,0.104718222222,0.495016296296,0.441289262235
583000,0.400303407407,0.104478814815,0.495217777778,0.441015339664
584000,0.400312888889,0.104289185185,0.495397925926,0.441015339664
585000,0.400376888889,0.104059259259,0.495563851852,0.441928414901
586000,0.400338962963,0.103848296296,0.495812740741,0.442111029949
587000,0.400338962963,0.103637333333,0.496023703704,0.441837107378
588000,0.400393481481,0.103402666667,0.496203851852,0.442111029949
589000,0.400341333333,0.103179851852,0.496478814815,0.442658875091
590000,0.400417185185,0.103011555556,0.496571259259,0.44311541271
591000,0.400466962963,0.102784,0.496749037037,0.443389335281
592000,0.400533333333,0.102546962963,0.496919703704,0.443663257852
593000,0.40057362963,0.102350222222,0.497076148148,0.444941563185
594000,0.400587851852,0.102134518519,0.49727762963,0.444850255661
595000,0.40063762963,0.101918814815,0.497443555556,0.444758948137
596000,0.400708740741,0.101731555556,0.497559703704,0.444850255661
597000,0.400711111111,0.101513481481,0.497775407407,0.444667640614
598000,0.400685037037,0.101316740741,0.497998222222,0.445032870709
599000,0.400704,0.101103407407,0.498192592593,0.445124178232
600000,0.400704,0.100873481481,0.498422518519,0.444941563185
601000,0.400749037037,0.100619851852,0.498631111111,0.44457633309
602000,0.400685037037,0.100449185185,0.498865777778,0.444211102995
603000,0.400704,0.100212148148,0.499083851852,0.444211102995
604000,0.400699259259,0.100005925926,0.499294814815,0.4438458729
605000,0.400682666667,0.0997783703704,0.499538962963,0.444485025566
606000,0.400730074074,0.0995674074074,0.499702518519,0.445398100804
607000,0.40064,0.0993493333333,0.500010666667,0.445032870709
