1000,0.332612740741,0.33433837037,0.333048888889,0.327428780131
2000,0.332077037037,0.334542222222,0.333380740741,0.327246165084
3000,0.331529481481,0.334682074074,0.333788444444,0.327976625274
4000,0.330984296296,0.334864592593,0.334151111111,0.328159240321
5000,0.330375111111,0.335130074074,0.334494814815,0.328433162893
6000,0.329815703704,0.335343407407,0.334840888889,0.329072315559
7000,0.329308444444,0.335599407407,0.335092148148,0.329528853178
8000,0.328782222222,0.335819851852,0.335397925926,0.329802775749
9000,0.32832237037,0.335966814815,0.335710814815,0.330898466034
10000,0.327841185185,0.336128,0.336030814815,0.3315376187
11000,0.32729362963,0.336260740741,0.33644562963,0.331628926224
12000,0.326762666667,0.336369777778,0.336867555556,0.3315376187
13000,0.326208,0.336618666667,0.337173333333,0.332633308985
14000,0.325705481481,0.33683437037,0.337460148148,0.332359386413
15000,0.325221925926,0.336967111111,0.337810962963,0.332907231556
16000,0.324736,0.33708562963,0.33817837037,0.33299853908
17000,0.324178962963,0.337246814815,0.338574222222,0.334185536888
18000,0.323621925926,0.337417481481,0.338960592593,0.333820306793
19000,0.323088592593,0.337649777778,0.33926162963,0.334733382031
20000,0.322593185185,0.337770666667,0.339636148148,0.335463842221
21000,0.322019555556,0.338010074074,0.33997037037,0.335829072316
22000,0.321424592593,0.338185481481,0.340389925926,0.336742147553
23000,0.320877037037,0.338394074074,0.340728888889,0.337198685172
24000,0.320357925926,0.338488888889,0.341153185185,0.336376917458
25000,0.319950222222,0.338593185185,0.341456592593,0.336285609934
26000,0.319480888889,0.338714074074,0.341805037037,0.335920379839
27000,0.318923851852,0.338967703704,0.342108444444,0.336011687363
28000,0.318435555556,0.339081481481,0.342482962963,0.336194302411
29000,0.317916444444,0.339188148148,0.342895407407,0.336285609934
30000,0.317385481481,0.339328,0.343286518519,0.335189919649
31000,0.316845037037,0.339536592593,0.34361837037,0.335281227173
32000,0.316273777778,0.339794962963,0.343931259259,0.335281227173
33000,0.315804444444,0.339989333333,0.344206222222,0.335463842221
34000,0.315242666667,0.340167111111,0.344590222222,0.336285609934
35000,0.31474962963,0.340183703704,0.345066666667,0.336194302411
36000,0.314294518519,0.340304592593,0.345400888889,0.336102994887
37000,0.313799111111,0.340430222222,0.345770666667,0.335829072316
38000,0.313270518519,0.340591407407,0.346138074074,0.335281227173
39000,0.312682666667,0.340781037037,0.346536296296,0.335098612126
40000,0.312163555556,0.341056,0.346780444444,0.335098612126
41000,0.311696592593,0.341243259259,0.347060148148,0.335007304602
42000,0.311122962963,0.341458962963,0.347418074074,0.334824689554
43000,0.310615703704,0.341613037037,0.347771259259,0.335737764792
44000,0.310144,0.341729185185,0.348126814815,0.335463842221
45000,0.309598814815,0.341888,0.348513185185,0.335555149744
46000,0.309103407407,0.342075259259,0.348821333333,0.336011687363
47000,0.308641185185,0.342286222222,0.349072592593,0.335920379839
48000,0.308065185185,0.342485333333,0.349449481481,0.336011687363
49000,0.307553185185,0.342625185185,0.34982162963,0.336194302411
50000,0.307055407407,0.342831407407,0.350113185185,0.336194302411
51000,0.306514962963,0.343054222222,0.350430814815,0.337016070124
52000,0.306012444444,0.343269925926,0.35071762963,0.336833455077
53000,0.305554962963,0.343369481481,0.351075555556,0.336285609934
54000,0.304969481481,0.343566222222,0.351464296296,0.335920379839
55000,0.304507259259,0.343661037037,0.351831703704,0.335281227173
56000,0.30399762963,0.343808,0.35219437037,0.335189919649
57000,0.30348562963,0.344045037037,0.352469333333,0.335920379839
58000,0.302964148148,0.344213333333,0.352822518519,0.335829072316
59000,0.302464,0.344379259259,0.353156740741,0.336011687363
60000,0.301897481481,0.344590222222,0.353512296296,0.336376917458
61000,0.301394962963,0.344805925926,0.353799111111,0.337016070124
62000,0.300906666667,0.344945777778,0.354147555556,0.336559532505
63000,0.30035437037,0.345161481481,0.354484148148,0.336650840029
64000,0.299863703704,0.345362962963,0.354773333333,0.338020452885
65000,0.299299555556,0.345498074074,0.35520237037,0.338476990504
66000,0.298775703704,0.345635555556,0.355588740741,0.338933528123
67000,0.298221037037,0.345837037037,0.355941925926,0.339207450694
68000,0.297756444444,0.345998222222,0.356245333333,0.340303140979
69000,0.297258666667,0.346149925926,0.356591407407,0.340120525931
70000,0.296704,0.346405925926,0.356890074074,0.339663988313
71000,0.296222814815,0.346590814815,0.35718637037,0.33984660336
72000,0.295774814815,0.346759111111,0.357466074074,0.339663988313
73000,0.295312592593,0.346953481481,0.357733925926,0.340120525931
74000,0.294838518519,0.347109925926,0.358051555556,0.340394448503
75000,0.294357333333,0.347301925926,0.358340740741,0.34057706355
76000,0.293833481481,0.347446518519,0.35872,0.340211833455
77000,0.293376,0.347584,0.35904,0.340485756026
78000,0.292885333333,0.34770962963,0.359405037037,0.340485756026
79000,0.292373333333,0.347889777778,0.359736888889,0.340485756026
80000,0.291946666667,0.348084148148,0.359969185185,0.34057706355
81000,0.291505777778,0.348316444444,0.360177777778,0.340759678598
82000,0.290962962963,0.348525037037,0.360512,0.340394448503
83000,0.290474666667,0.348617481481,0.360907851852,0.340485756026
84000,0.290024296296,0.348781037037,0.361194666667,0.340759678598
85000,0.289540740741,0.348918518519,0.361540740741,0.340668371074
86000,0.289078518519,0.34911762963,0.361803851852,0.339937910884
87000,0.288644740741,0.349283555556,0.362071703704,0.33984660336
88000,0.288101925926,0.349451851852,0.362446222222,0.339663988313
89000,0.287580444444,0.349658074074,0.362761481481,0.339572680789
90000,0.287070814815,0.349774222222,0.363154962963,0.339024835646
91000,0.286606222222,0.349918814815,0.363474962963,0.339298758218
92000,0.286165333333,0.350051555556,0.363783111111,0.339481373265
93000,0.285665185185,0.350229333333,0.364105481481,0.340120525931
94000,0.285162666667,0.350409481481,0.364427851852,0.340303140979
95000,0.284634074074,0.350641777778,0.364724148148,0.340394448503
96000,0.284202666667,0.350757925926,0.365039407407,0.341216216216
97000,0.283738074074,0.350921481481,0.365340444444,0.341490138787
98000,0.283273481481,0.351016296296,0.365710222222,0.34203798393
99000,0.282832592593,0.351175111111,0.365992296296,0.34203798393
100000,0.282334814815,0.351409777778,0.366255407407,0.342677136596
101000,0.281796740741,0.351559111111,0.366644148148,0.342220598977
102000,0.281320296296,0.351656296296,0.367023407407,0.342129291454
103000,0.280841481481,0.351760592593,0.367397925926,0.342129291454
104000,0.280362666667,0.351928888889,0.367708444444,0.342129291454
105000,0.279890962963,0.35206162963,0.368047407407,0.341672753835
106000,0.279333925926,0.352315259259,0.368350814815,0.341672753835
107000,0.278921481481,0.352476444444,0.368602074074,0.341398831264
108000,0.278445037037,0.352526222222,0.369028740741,0.341581446311
109000,0.277921185185,0.352649481481,0.369429333333,0.34130752374
110000,0.277480296296,0.35276562963,0.369754074074,0.340668371074
111000,0.277072592593,0.352888888889,0.370038518519,0.340668371074
112000,0.276638814815,0.353140148148,0.370221037037,0.340850986121
113000,0.276138666667,0.353386666667,0.370474666667,0.339572680789
114000,0.27565037037,0.353592888889,0.370756740741,0.339663988313
115000,0.275226074074,0.353782518519,0.370991407407,0.33984660336
116000,0.274733037037,0.354040888889,0.371226074074,0.340394448503
117000,0.274261333333,0.354157037037,0.37158162963,0.341216216216
118000,0.273815703704,0.354330074074,0.371854222222,0.341946676406
119000,0.273308444444,0.354581333333,0.372110222222,0.342220598977
120000,0.272896,0.354718814815,0.372385185185,0.341672753835
121000,0.272433777778,0.354903703704,0.372662518519,0.342220598977
122000,0.272,0.354972444444,0.373027555556,0.34276844412
123000,0.271547259259,0.355117037037,0.373335703704,0.342403214025
124000,0.271075555556,0.355278222222,0.373646222222,0.34276844412
125000,0.270608592593,0.355534222222,0.373857185185,0.342494521549
126000,0.270129777778,0.355700148148,0.374170074074,0.342859751644
127000,0.269641481481,0.355904,0.374454518519,0.342859751644
128000,0.269191111111,0.356005925926,0.374802962963,0.343772826881
129000,0.268721777778,0.356186074074,0.375092148148,0.344411979547
130000,0.268266666667,0.356453925926,0.375279407407,0.3442293645
131000,0.267823407407,0.356638814815,0.375537777778,0.343590211833
132000,0.267368296296,0.356795259259,0.375836444444,0.344138056976
133000,0.26688237037,0.357022814815,0.376094814815,0.344503287071
134000,0.266349037037,0.357134222222,0.376516740741,0.344777209642
135000,0.265901037037,0.357243259259,0.376855703704,0.345233747261
136000,0.265426962963,0.357387851852,0.377185185185,0.345507669832
137000,0.264955259259,0.357556148148,0.377488592593,0.345233747261
138000,0.264481185185,0.357781333333,0.377737481481,0.344411979547
139000,0.264009481481,0.357937777778,0.378052740741,0.345233747261
140000,0.263502222222,0.358160592593,0.378337185185,0.345690284879
141000,0.263099259259,0.358347851852,0.378552888889,0.345781592403
142000,0.262679703704,0.358577777778,0.378742518519,0.346603360117
143000,0.262208,0.358710518519,0.379081481481,0.346694667641
144000,0.261719703704,0.358987851852,0.379292444444,0.347151205259
145000,0.261236148148,0.359186962963,0.379576888889,0.347333820307
146000,0.260821333333,0.359253333333,0.379925333333,0.347790357925
147000,0.26034962963,0.359499851852,0.380150518519,0.347516435354
148000,0.259873185185,0.359627851852,0.380498962963,0.347425127831
149000,0.259460740741,0.359758222222,0.380781037037,0.348064280497
150000,0.259022222222,0.35987437037,0.381103407407,0.347425127831
151000,0.258503111111,0.360092444444,0.381404444444,0.348064280497
152000,0.258062222222,0.360196740741,0.381741037037,0.349707815924
153000,0.25753362963,0.360438518519,0.382027851852,0.348520818115
154000,0.257137777778,0.36057362963,0.382288592593,0.349890430972
155000,0.256711111111,0.360772740741,0.382516148148,0.349525200877
156000,0.256220444444,0.360903111111,0.382876444444,0.350438276114
157000,0.255789037037,0.36109037037,0.383120592593,0.350620891161
158000,0.255319703704,0.361339259259,0.383341037037,0.35107742878
159000,0.254831407407,0.361524148148,0.383644444444,0.350438276114
160000,0.254388148148,0.361720888889,0.383890962963,0.35034696859
161000,0.253952,0.361912888889,0.384135111111,0.350986121256
162000,0.253475555556,0.362069333333,0.384455111111,0.351442658875
163000,0.253098666667,0.36217837037,0.384722962963,0.351351351351
164000,0.252608,0.362474666667,0.384917333333,0.351990504018
165000,0.252169481481,0.362725925926,0.385104592593,0.352173119065
166000,0.251730962963,0.362834962963,0.385434074074,0.351716581446
167000,0.251332740741,0.362953481481,0.385713777778,0.352173119065
168000,0.250891851852,0.36307437037,0.386033777778,0.352629656684
169000,0.250439111111,0.363223703704,0.386337185185,0.352447041636
170000,0.249988740741,0.363415703704,0.386595555556,0.35253834916
171000,0.249630814815,0.363515259259,0.386853925926,0.352994886779
172000,0.249246814815,0.363712,0.387041185185,0.353177501826
173000,0.248874666667,0.363927703704,0.38719762963,0.352994886779
174000,0.248495407407,0.364039111111,0.387465481481,0.353451424397
175000,0.248085333333,0.364269037037,0.38764562963,0.354090577064
176000,0.247580444444,0.364439703704,0.387979851852,0.354821037253
177000,0.247070814815,0.364676740741,0.388252444444,0.354273192111
178000,0.246679703704,0.364842666667,0.38847762963,0.354912344777
179000,0.246312296296,0.365029925926,0.388657777778,0.354547114682
180000,0.245835851852,0.365255111111,0.388909037037,0.354455807159
181000,0.245402074074,0.36544237037,0.389155555556,0.354638422206
182000,0.244901925926,0.365717333333,0.389380740741,0.354638422206
183000,0.244392296296,0.365902222222,0.389705481481,0.355094959825
184000,0.243918222222,0.366030222222,0.390051555556,0.355916727538
185000,0.243425185185,0.366215111111,0.390359703704,0.355734112491
186000,0.24294637037,0.366478222222,0.390575407407,0.355825420015
187000,0.242448592593,0.366693925926,0.390857481481,0.355551497443
188000,0.241967407407,0.366852740741,0.391179851852,0.35546018992
189000,0.241536,0.367013925926,0.391450074074,0.355551497443
190000,0.241078518519,0.367250962963,0.391670518519,0.356008035062
191000,0.240568888889,0.367480888889,0.391950222222,0.356738495252
192000,0.240158814815,0.367634962963,0.392206222222,0.357195032871
193000,0.23981037037,0.367694222222,0.392495407407,0.357742878013
194000,0.239369481481,0.367853037037,0.392777481481,0.358290723156
195000,0.239021037037,0.368016592593,0.39296237037,0.358199415632
196000,0.238549333333,0.368270222222,0.393180444444,0.357651570489
197000,0.238113185185,0.368402962963,0.393483851852,0.357377647918
198000,0.237667555556,0.36857362963,0.393758814815,0.358108108108
199000,0.237210074074,0.368725333333,0.394064592593,0.358290723156
200000,0.236809481481,0.368877037037,0.394313481481,0.358564645727
201000,0.236446814815,0.369059555556,0.39449362963,0.358838568298
202000,0.236048592593,0.369121185185,0.394830222222,0.358655953251
203000,0.235557925926,0.369308444444,0.39513362963,0.358838568298
204000,0.235162074074,0.369472,0.395365925926,0.359569028488
205000,0.23468562963,0.369626074074,0.395688296296,0.360482103725
206000,0.234320592593,0.369775407407,0.395904,0.361121256392
207000,0.233929481481,0.370066962963,0.396003555556,0.361029948868
208000,0.233526518519,0.370180740741,0.396292740741,0.361121256392
209000,0.233078518519,0.370322962963,0.396598518519,0.362125639153
210000,0.232677925926,0.37049837037,0.396823703704,0.363221329438
211000,0.232282074074,0.370631111111,0.397086814815,0.363221329438
212000,0.231936,0.370782814815,0.397281185185,0.363495252009
213000,0.231516444444,0.370962962963,0.397520592593,0.36449963477
214000,0.231151407407,0.371136,0.397712592593,0.363860482104
215000,0.230715259259,0.371361185185,0.397923555556,0.364225712199
216000,0.230350222222,0.371456,0.398193777778,0.364682249817
217000,0.22995437037,0.37165037037,0.398395259259,0.364956172389
218000,0.229499259259,0.371889777778,0.398610962963,0.365138787436
219000,0.229110518519,0.371996444444,0.398893037037,0.366143170197
220000,0.228690962963,0.372186074074,0.399122962963,0.365595325055
221000,0.228238222222,0.372344888889,0.399416888889,0.366143170197
222000,0.227856592593,0.372434962963,0.399708444444,0.366782322863
223000,0.227429925926,0.37260562963,0.399964444444,0.367786705625
224000,0.227024592593,0.372745481481,0.400229925926,0.36815193572
225000,0.226697481481,0.372878222222,0.400424296296,0.368425858291
226000,0.226273185185,0.373051259259,0.400675555556,0.368334550767
227000,0.225870222222,0.373259851852,0.400869925926,0.368517165814
228000,0.225493333333,0.373468444444,0.401038222222,0.369065010957
229000,0.22509037037,0.373589333333,0.401320296296,0.369521548576
230000,0.224744296296,0.373750518519,0.401505185185,0.369612856099
231000,0.224324740741,0.373911703704,0.401763555556,0.369886778671
232000,0.224,0.374132148148,0.401867851852,0.370982468955
233000,0.22355437037,0.374309925926,0.402135703704,0.370708546384
234000,0.223151407407,0.374471111111,0.402377481481,0.371073776479
235000,0.22278637037,0.374549333333,0.402664296296,0.371804236669
236000,0.222390518519,0.374698666667,0.402910814815,0.37134769905
237000,0.222039703704,0.374855111111,0.403105185185,0.371621621622
238000,0.221632,0.375077925926,0.403290074074,0.371530314098
239000,0.221198222222,0.375277037037,0.403524740741,0.371712929145
240000,0.22086637037,0.375324444444,0.403809185185,0.372717311907
241000,0.22048,0.375438222222,0.404081777778,0.37353907962
242000,0.220143407407,0.375649185185,0.404207407407,0.373904309715
243000,0.219809185185,0.37574637037,0.404444444444,0.37426953981
244000,0.219396740741,0.375921777778,0.404681481481,0.374543462381
245000,0.219045925926,0.376097185185,0.404856888889,0.374452154858
246000,0.218638222222,0.376327111111,0.405034666667,0.374360847334
247000,0.218211555556,0.376495407407,0.405293037037,0.374086924763
248000,0.21785837037,0.376592592593,0.405549037037,0.373995617239
249000,0.217443555556,0.376760888889,0.405795555556,0.37353907962
250000,0.217061925926,0.376955259259,0.405982814815,0.373356464573
251000,0.216668444444,0.377204148148,0.406127407407,0.373265157049
252000,0.216256,0.377327407407,0.406416592593,0.373447772096
253000,0.215860148148,0.377467259259,0.406672592593,0.374543462381
254000,0.215459555556,0.377626074074,0.40691437037,0.374634769905
255000,0.215035259259,0.377792,0.407172740741,0.374726077429
256000,0.214670222222,0.377962666667,0.407367111111,0.374543462381
257000,0.214331259259,0.37805037037,0.40761837037,0.374726077429
258000,0.213956740741,0.37823762963,0.40780562963,0.373904309715
259000,0.213568,0.378346666667,0.408085333333,0.373630387144
260000,0.213200592593,0.378571851852,0.408227555556,0.37353907962
261000,0.212826074074,0.378761481481,0.408412444444,0.37426953981
262000,0.212382814815,0.378887111111,0.408730074074,0.374360847334
263000,0.211975111111,0.379038814815,0.408986074074,0.374360847334
264000,0.211560296296,0.379268740741,0.409170962963,0.374360847334
265000,0.211247407407,0.379418074074,0.409334518519,0.375182615047
266000,0.210856296296,0.379565037037,0.409578666667,0.374634769905
267000,0.210460444444,0.379638518519,0.409901037037,0.374543462381
268000,0.210126222222,0.379802074074,0.410071703704,0.374543462381
269000,0.209685333333,0.38002962963,0.410285037037,0.375456537619
270000,0.209332148148,0.380202666667,0.410465185185,0.375273922571
271000,0.208976592593,0.380361481481,0.410661925926,0.375273922571
272000,0.208594962963,0.380529777778,0.410875259259,0.375547845142
273000,0.208222814815,0.380719407407,0.411057777778,0.37573046019
274000,0.207815111111,0.380956444444,0.411228444444,0.375821767714
275000,0.207431111111,0.381141333333,0.411427555556,0.375821767714
276000,0.207099259259,0.381319111111,0.41158162963,0.376186997809
277000,0.206731851852,0.381421037037,0.411847111111,0.375821767714
278000,0.206290962963,0.381549037037,0.41216,0.376095690285
279000,0.205918814815,0.381781333333,0.412299851852,0.376552227904
280000,0.205492148148,0.382001777778,0.412506074074,0.376917457999
281000,0.205108148148,0.38220562963,0.412686222222,0.377282688093
282000,0.204743111111,0.382314666667,0.412942222222,0.378013148283
283000,0.204375703704,0.382504296296,0.41312,0.377830533236
284000,0.204036740741,0.382679703704,0.413283555556,0.37792184076
285000,0.203726222222,0.382774518519,0.413499259259,0.378195763331
286000,0.203387259259,0.382855111111,0.41375762963,0.378926223521
287000,0.202977185185,0.383125333333,0.413897481481,0.379108838568
288000,0.202650074074,0.383243851852,0.414106074074,0.379930606282
289000,0.202315851852,0.383447703704,0.414236444444,0.379656683711
290000,0.201967407407,0.383661037037,0.414371555556,0.379656683711
291000,0.201588148148,0.383800888889,0.414610962963,0.380113221329
292000,0.201242074074,0.383990518519,0.414767407407,0.379747991234
293000,0.200896,0.384184888889,0.414919111111,0.379839298758
294000,0.200552296296,0.384312888889,0.415134814815,0.380478451424
295000,0.200187259259,0.384521481481,0.415291259259,0.381482834186
296000,0.199817481481,0.384722962963,0.415459555556,0.382304601899
297000,0.199424,0.384905481481,0.415670518519,0.382852447042
298000,0.199021037037,0.385168592593,0.41581037037,0.383582907232
299000,0.198660740741,0.385391407407,0.415947851852,0.382669831994
300000,0.198288592593,0.385614222222,0.416097185185,0.382943754565
301000,0.197959111111,0.385751703704,0.416289185185,0.383856829803
302000,0.197596444444,0.385901037037,0.416502518519,0.384130752374
303000,0.197210074074,0.386102518519,0.416687407407,0.384130752374
304000,0.196823703704,0.386311111111,0.416865185185,0.384313367421
305000,0.196515555556,0.386344296296,0.417140148148,0.383948137327
306000,0.196171851852,0.386439111111,0.417389037037,0.384404674945
307000,0.195799703704,0.386669037037,0.417531259259,0.384313367421
308000,0.195470222222,0.386839703704,0.417690074074,0.385591672754
309000,0.195095703704,0.387000888889,0.417903407407,0.386504747991
310000,0.194759111111,0.38713362963,0.418107259259,0.386687363039
311000,0.194375111111,0.387356444444,0.418268444444,0.386687363039
312000,0.19404562963,0.387470222222,0.418484148148,0.387874360847
313000,0.19366637037,0.387766518519,0.418567111111,0.38842220599
314000,0.193289481481,0.388001185185,0.418709333333,0.389061358656
315000,0.192933925926,0.388124444444,0.41894162963,0.389609203798
316000,0.192630518519,0.388280888889,0.419088592593,0.389791818846
317000,0.192244148148,0.388551111111,0.419204740741,0.390339663988
318000,0.191831703704,0.388785777778,0.419382518519,0.390522279036
319000,0.191447703704,0.388970666667,0.41958162963,0.390704894083
320000,0.19110637037,0.389191111111,0.419702518519,0.39061358656
321000,0.190750814815,0.389387851852,0.419861333333,0.389974433893
322000,0.190392888889,0.389601185185,0.420005925926,0.38988312637
323000,0.190039703704,0.389750518519,0.420209777778,0.389609203798
324000,0.189710222222,0.389937777778,0.420352,0.389517896275
325000,0.189342814815,0.390132148148,0.420525037037,0.38988312637
326000,0.188958814815,0.390234074074,0.420807111111,0.389426588751
327000,0.188622222222,0.390376296296,0.421001481481,0.389609203798
328000,0.188276148148,0.390532740741,0.421191111111,0.389974433893
329000,0.187920592593,0.390746074074,0.421333333333,0.389791818846
330000,0.187591111111,0.39090962963,0.421499259259,0.38988312637
331000,0.187183407407,0.391096888889,0.421719703704,0.390157048941
332000,0.186849185185,0.391305481481,0.421845333333,0.390522279036
333000,0.186479407407,0.391497481481,0.422023111111,0.391070124178
334000,0.186152296296,0.391639703704,0.422208,0.390978816654
335000,0.185787259259,0.391774814815,0.422437925926,0.389791818846
336000,0.185377185185,0.391971555556,0.422651259259,0.390430971512
337000,0.185012148148,0.392080592593,0.422907259259,0.39061358656
338000,0.18470162963,0.392203851852,0.423094518519,0.390978816654
339000,0.184315259259,0.392414814815,0.423269925926,0.391161431702
340000,0.183945481481,0.392654222222,0.423400296296,0.391435354273
341000,0.183644444444,0.392808296296,0.423547259259,0.391344046749
342000,0.183274666667,0.393002666667,0.423722666667,0.392074506939
343000,0.182921481481,0.393047703704,0.424030814815,0.391891891892
344000,0.182651259259,0.393253925926,0.424094814815,0.390887509131
345000,0.182328888889,0.393381925926,0.424289185185,0.391344046749
346000,0.181987555556,0.393552592593,0.424459851852,0.391891891892
347000,0.18169837037,0.393765925926,0.424535703704,0.391891891892
348000,0.181312,0.394007703704,0.424680296296,0.392622352082
349000,0.181015703704,0.394159407407,0.424824888889,0.392804967129
350000,0.180686222222,0.394318222222,0.424995555556,0.393261504748
351000,0.180359111111,0.39449362963,0.425147259259,0.393900657414
352000,0.180022518519,0.394721185185,0.425256296296,0.394448502557
353000,0.179726222222,0.39488237037,0.425391407407,0.395361577794
354000,0.179387259259,0.395060148148,0.425552592593,0.395909422936
355000,0.179076740741,0.395190518519,0.425732740741,0.395818115413
356000,0.178733037037,0.395384888889,0.425882074074,0.396274653031
357000,0.178415407407,0.395541333333,0.426043259259,0.396183345508
358000,0.178057481481,0.395738074074,0.426204444444,0.396183345508
359000,0.177718518519,0.39590637037,0.426375111111,0.39673119065
360000,0.177479111111,0.396017777778,0.426503111111,0.396183345508
361000,0.177140148148,0.396174222222,0.42668562963,0.396183345508
362000,0.176843851852,0.396333037037,0.426823111111,0.396092037984
363000,0.176540444444,0.396555851852,0.426903703704,0.395909422936
364000,0.176199111111,0.39673362963,0.427067259259,0.395726807889
365000,0.175902814815,0.396885333333,0.427211851852,0.396822498174
366000,0.175568592593,0.397082074074,0.427349333333,0.397005113221
367000,0.175284148148,0.397281185185,0.427434666667,0.397370343316
368000,0.174928592593,0.397366518519,0.427704888889,0.398739956172
369000,0.174535111111,0.397617777778,0.427847111111,0.398557341125
370000,0.174174814815,0.397745777778,0.428079407407,0.398466033601
371000,0.173864296296,0.397968592593,0.428167111111,0.398648648649
372000,0.173492148148,0.398153481481,0.42835437037,0.398648648649
373000,0.173138962963,0.398295703704,0.428565333333,0.399561723886
374000,0.172807111111,0.398473481481,0.428719407407,0.400292184076
375000,0.172453925926,0.398637037037,0.428909037037,0.400748721695
376000,0.172129185185,0.398762666667,0.429108148148,0.401479181885
377000,0.17184237037,0.398928592593,0.429229037037,0.401479181885
378000,0.171493925926,0.399139555556,0.429366518519,0.402209642075
379000,0.171183407407,0.399260444444,0.429556148148,0.402027027027
380000,0.170825481481,0.399521185185,0.429653333333,0.402666179693
381000,0.170469925926,0.399663407407,0.429866666667,0.402118334551
382000,0.170097777778,0.399834074074,0.430068148148,0.402209642075
383000,0.169818074074,0.399969185185,0.430212740741,0.402027027027
384000,0.16947437037,0.400175407407,0.430350222222,0.402209642075
385000,0.169142518519,0.400256,0.430601481481,0.402483564646
386000,0.168827259259,0.400464592593,0.430708148148,0.402392257122
387000,0.168559407407,0.400597333333,0.430843259259,0.402574872169
388000,0.16832,0.400751407407,0.430928592593,0.402392257122
389000,0.167981037037,0.40089837037,0.431120592593,0.402848794741
390000,0.167672888889,0.401064296296,0.431262814815,0.402757487217
391000,0.167381333333,0.401178074074,0.431440592593,0.403396639883
392000,0.167061333333,0.401301333333,0.431637333333,0.403670562454
393000,0.166772148148,0.401557333333,0.431670518519,0.404127100073
394000,0.166411851852,0.401645037037,0.431943111111,0.404492330168
395000,0.166134518519,0.401777777778,0.432087703704,0.40504017531
396000,0.16582162963,0.402031407407,0.432146962963,0.405131482834
397000,0.165468444444,0.402225777778,0.432305777778,0.405405405405
398000,0.16518637037,0.402334814815,0.432478814815,0.405405405405
399000,0.16486162963,0.402552888889,0.432585481481,0.405861943024
400000,0.164560592593,0.40275437037,0.432685037037,0.406683710738
401000,0.164209777778,0.402977185185,0.432813037037,0.406592403214
402000,0.163915851852,0.403249777778,0.43283437037,0.406957633309
403000,0.163584,0.403493925926,0.432922074074,0.406957633309
404000,0.163304296296,0.403607703704,0.433088,0.406683710738
405000,0.162991407407,0.403856592593,0.433152,0.406957633309
406000,0.162714074074,0.404103111111,0.433182814815,0.407505478451
407000,0.162417777778,0.40415762963,0.433424592593,0.407414170928
408000,0.162100148148,0.404337777778,0.433562074074,0.407322863404
409000,0.161813333333,0.404551111111,0.433635555556,0.406866325785
410000,0.161498074074,0.404721777778,0.433780148148,0.406683710738
411000,0.161197037037,0.404864,0.433938962963,0.406409788167
412000,0.160860444444,0.405027555556,0.434112,0.406318480643
413000,0.16057362963,0.405141333333,0.434285037037,0.405953250548
414000,0.160286814815,0.405326222222,0.434386962963,0.406318480643
415000,0.159973925926,0.405458962963,0.434567111111,0.406044558072
416000,0.159656296296,0.405653333333,0.43469037037,0.40723155588
417000,0.159383703704,0.405805037037,0.434811259259,0.408053323594
418000,0.159051851852,0.406049185185,0.434898962963,0.408601168736
419000,0.158765037037,0.406200888889,0.435034074074,0.408601168736
420000,0.158501925926,0.406366814815,0.435131259259,0.40942293645
421000,0.158236444444,0.406490074074,0.435273481481,0.409240321402
422000,0.157918814815,0.406772148148,0.435309037037,0.410062089116
423000,0.157575111111,0.406992592593,0.435432296296,0.409149013879
424000,0.157226666667,0.407224888889,0.435548444444,0.408875091308
425000,0.156928,0.407454814815,0.435617185185,0.408966398831
426000,0.156645925926,0.407556740741,0.435797333333,0.408783783784
427000,0.156335407407,0.407672888889,0.435991703704,0.408601168736
428000,0.156015407407,0.407836444444,0.436148148148,0.408875091308
429000,0.155768888889,0.408028444444,0.436202666667,0.409057706355
430000,0.155489185185,0.408206222222,0.436304592593,0.40942293645
431000,0.155173925926,0.408362666667,0.436463407407,0.409970781592
432000,0.154868148148,0.408538074074,0.436593777778,0.411340394449
433000,0.154567111111,0.408656592593,0.436776296296,0.411796932067
434000,0.154273185185,0.408713481481,0.437013333333,0.412253469686
435000,0.153950814815,0.408948148148,0.437101037037,0.412253469686
436000,0.153642666667,0.409147259259,0.437210074074,0.412801314828
437000,0.153348740741,0.40927762963,0.43737362963,0.412618699781
438000,0.153066666667,0.409472,0.437461333333,0.412983929876
439000,0.152749037037,0.409609481481,0.437641481481,0.413714390066
440000,0.152523851852,0.40972562963,0.437750518519,0.413623082542
441000,0.152277333333,0.40998162963,0.437741037037,0.413531775018
442000,0.151966814815,0.41017362963,0.437859555556,0.413623082542
443000,0.151753481481,0.410386962963,0.437859555556,0.414079620161
444000,0.151488,0.410552888889,0.437959111111,0.414170927684
445000,0.151194074074,0.410718814815,0.438087111111,0.413349159971
446000,0.150843259259,0.410920296296,0.438236444444,0.414536157779
447000,0.15053037037,0.411114666667,0.438354962963,0.414810080351
448000,0.150302814815,0.411256888889,0.438440296296,0.414901387874
449000,0.150034962963,0.411396740741,0.438568296296,0.415175310446
450000,0.149714962963,0.411678814815,0.438606222222,0.415723155588
451000,0.149385481481,0.411806814815,0.438807703704,0.415084002922
452000,0.149148444444,0.411892148148,0.438959407407,0.414901387874
453000,0.148818962963,0.412022518519,0.439158518519,0.415357925493
454000,0.148536888889,0.412124444444,0.439338666667,0.415814463112
455000,0.148233481481,0.412212148148,0.43955437037,0.416362308254
456000,0.147953777778,0.412385185185,0.439661037037,0.416544923302
457000,0.147669333333,0.412532148148,0.439798518519,0.416453615778
458000,0.147382518519,0.41280237037,0.439815111111,0.416088385683
459000,0.147100444444,0.412975407407,0.439924148148,0.416179693207
460000,0.146830222222,0.413115259259,0.440054518519,0.415997078159
461000,0.146512592593,0.413416296296,0.440071111111,0.416818845873
462000,0.14623762963,0.413544296296,0.440218074074,0.416453615778
463000,0.145938962963,0.413741037037,0.44032,0.41773192111
464000,0.145649777778,0.413911703704,0.440438518519,0.417549306063
465000,0.145348740741,0.414084740741,0.440566518519,0.4184623813
466000,0.145038222222,0.414281481481,0.440680296296,0.419010226443
467000,0.144727703704,0.414485333333,0.440786962963,0.419284149014
468000,0.144405333333,0.414620444444,0.440974222222,0.420197224251
469000,0.144154074074,0.414862222222,0.440983703704,0.420745069394
470000,0.143860148148,0.415082666667,0.441057185185,0.421292914536
471000,0.143568592593,0.415267555556,0.441163851852,0.421840759679
472000,0.143305481481,0.415514074074,0.441180444444,0.421932067202
473000,0.143021037037,0.415616,0.441362962963,0.421658144631
474000,0.142748444444,0.415772444444,0.441479111111,0.422023374726
475000,0.142418962963,0.416052148148,0.441528888889,0.42284514244
476000,0.142125037037,0.416244148148,0.441630814815,0.422753834916
477000,0.14182637037,0.416478814815,0.441694814815,0.422662527392
478000,0.141520592593,0.416692148148,0.441787259259,0.423210372535
479000,0.141214814815,0.416862814815,0.44192237037,0.42284514244
480000,0.140932740741,0.417078518519,0.441988740741,0.422936449963
481000,0.140667259259,0.417313185185,0.442019555556,0.422753834916
482000,0.140406518519,0.417431703704,0.442161777778,0.422571219869
483000,0.140117333333,0.417573925926,0.442308740741,0.423210372535
484000,0.13990162963,0.417711407407,0.442386962963,0.422936449963
485000,0.13965037037,0.417953185185,0.442396444444,0.422662527392
486000,0.139344592593,0.418135703704,0.442519703704,0.42284514244
487000,0.139098074074,0.418299259259,0.442602666667,0.423392987582
488000,0.138856296296,0.418465185185,0.442678518519,0.423301680058
489000,0.138605037037,0.418650074074,0.442744888889,0.423301680058
490000,0.138320592593,0.418827851852,0.442851555556,0.423301680058
491000,0.138090666667,0.418979555556,0.442929777778,0.423210372535
492000,0.137870222222,0.419015111111,0.443114666667,0.424032140248
493000,0.137621333333,0.419090962963,0.443287703704,0.42430606282
494000,0.137362962963,0.419247407407,0.44338962963,0.423849525201
495000,0.13709037037,0.419477333333,0.443432296296,0.424945215486
496000,0.136858074074,0.419648,0.443493925926,0.425036523009
497000,0.136594962963,0.419844740741,0.443560296296,0.424945215486
498000,0.136348444444,0.420081777778,0.443569777778,0.426040905771
499000,0.136075851852,0.420250074074,0.443674074074,0.426497443389
500000,0.13580562963,0.420411259259,0.443783111111,0.426406135866
501000,0.13555437037,0.420586666667,0.443858962963,0.426406135866
502000,0.13522962963,0.420833185185,0.443937185185,0.426588750913
503000,0.134983111111,0.421013333333,0.444003555556,0.426588750913
504000,0.134710518519,0.421262222222,0.444027259259,0.426223520818
505000,0.134447407407,0.421349925926,0.444202666667,0.426223520818
506000,0.13420562963,0.421563259259,0.444231111111,0.426132213294
507000,0.133959111111,0.421781333333,0.444259555556,0.426040905771
508000,0.133672296296,0.421975703704,0.444352,0.425949598247
509000,0.133444740741,0.422108444444,0.444446814815,0.426223520818
510000,0.133176888889,0.422300444444,0.444522666667,0.427136596056
511000,0.132899555556,0.422537481481,0.444562962963,0.427410518627
512000,0.132660148148,0.422684444444,0.444655407407,0.426862673484
513000,0.132411259259,0.422902518519,0.444686222222,0.427319211103
514000,0.13216237037,0.423063703704,0.444773925926,0.427593133674
515000,0.131922962963,0.423383703704,0.444693333333,0.428140978817
516000,0.131695407407,0.423499851852,0.444804740741,0.428140978817
517000,0.131420444444,0.42368,0.444899555556,0.428049671293
518000,0.13119762963,0.423841185185,0.444961185185,0.429236669102
519000,0.130948740741,0.42406162963,0.44498962963,0.428780131483
520000,0.130699851852,0.424196740741,0.445103407407,0.428688823959
521000,0.130446222222,0.42438637037,0.445167407407,0.428780131483
522000,0.130244740741,0.424592592593,0.445162666667,0.428597516435
523000,0.129991111111,0.424798814815,0.445210074074,0.428688823959
524000,0.129756444444,0.424981333333,0.445262222222,0.428688823959
525000,0.129479111111,0.425187555556,0.445333333333,0.428506208912
526000,0.129220740741,0.425412740741,0.445366518519,0.428780131483
527000,0.12889837037,0.425562074074,0.445539555556,0.429145361578
528000,0.128602074074,0.425720888889,0.445677037037,0.430058436815
529000,0.128365037037,0.425810962963,0.445824,0.429875821768
530000,0.128052148148,0.425969777778,0.445978074074,0.429784514244
531000,0.127786666667,0.426197333333,0.446016,0.429784514244
532000,0.127516444444,0.426372740741,0.446110814815,0.429510591673
533000,0.127284148148,0.426503111111,0.446212740741,0.429967129291
534000,0.127021037037,0.426635851852,0.446343111111,0.431245434624
535000,0.126812444444,0.426785185185,0.44640237037,0.431701972243
536000,0.126513777778,0.426936888889,0.446549333333,0.432706355004
537000,0.126281481481,0.427079111111,0.446639407407,0.43261504748
538000,0.126027851852,0.427316148148,0.446656,0.433162892622
539000,0.125793185185,0.427472592593,0.446734222222,0.433802045289
540000,0.125527703704,0.42770962963,0.446762666667,0.434167275383
541000,0.125274074074,0.427863703704,0.446862222222,0.434258582907
542000,0.125048888889,0.42802962963,0.446921481481,0.43407596786
543000,0.124776296296,0.42829037037,0.446933333333,0.434258582907
544000,0.124548740741,0.428446814815,0.447004444444,0.433893352812
545000,0.124259555556,0.428662518519,0.447077925926,0.433984660336
546000,0.124017777778,0.428833185185,0.447149037037,0.433893352812
547000,0.123735703704,0.429008592593,0.447255703704,0.434623813002
548000,0.123498666667,0.429214814815,0.447286518519,0.43480642805
549000,0.123249777778,0.429428148148,0.447322074074,0.435171658145
550000,0.123012740741,0.429539555556,0.447447703704,0.435354273192
551000,0.122770962963,0.42975762963,0.447471407407,0.436084733382
552000,0.122524444444,0.429952,0.447523555556,0.436723886048
553000,0.122292148148,0.430117925926,0.447589925926,0.437728268809
554000,0.122121481481,0.430236444444,0.447642074074,0.437454346238
555000,0.12185837037,0.430362074074,0.447779555556,0.437363038714
556000,0.121630814815,0.430551703704,0.447817481481,0.436632578524
557000,0.121398518519,0.430743703704,0.447857777778,0.437180423667
558000,0.121178074074,0.430893037037,0.447928888889,0.436723886048
559000,0.120933925926,0.431056592593,0.448009481481,0.436541271001
560000,0.120704,0.431241481481,0.448054518519,0.436541271001
561000,0.120448,0.431452444444,0.448099555556,0.436906501096
562000,0.120208592593,0.431668148148,0.448123259259,0.436997808619
563000,0.119962074074,0.431914666667,0.448123259259,0.436997808619
564000,0.119722666667,0.432144592593,0.448132740741,0.436723886048
565000,0.11949037037,0.432215703704,0.448293925926,0.436906501096
566000,0.119246222222,0.43244562963,0.448308148148,0.436723886048
567000,0.118990222222,0.432630518519,0.448379259259,0.436449963477
568000,0.118736592593,0.432860444444,0.448402962963,0.436906501096
569000,0.118509037037,0.433059555556,0.448431407407,0.436906501096
570000,0.118281481481,0.433178074074,0.448540444444,0.437271731191
571000,0.118034962963,0.433391407407,0.44857362963,0.437180423667
572000,0.11782637037,0.433704296296,0.448469333333,0.437910883857
573000,0.117617777778,0.433872592593,0.44850962963,0.439737034332
574000,0.117364148148,0.43411437037,0.448521481481,0.440558802045
575000,0.11711762963,0.43437037037,0.448512,0.440558802045
576000,0.11686637037,0.434600296296,0.448533333333,0.441015339664
577000,0.116608,0.434642962963,0.448749037037,0.440832724617
578000,0.116366222222,0.434820740741,0.448813037037,0.441289262235
579000,0.116152888889,0.435043555556,0.448803555556,0.441471877283
580000,0.115939555556,0.435285333333,0.448775111111,0.441471877283
581000,0.115659851852,0.435541333333,0.448798814815,0.441837107378
582000,0.115410962963,0.435712,0.448877037037,0.441928414901
583000,0.115178666667,0.435863703704,0.44895762963,0.442111029949
584000,0.114939259259,0.436043851852,0.449016888889,0.442111029949
585000,0.114725925926,0.436209777778,0.449064296296,0.443571950329
586000,0.114465185185,0.436328296296,0.449206518519,0.443754565376
587000,0.114244740741,0.436456296296,0.449298962963,0.443937180424
588000,0.114071703704,0.436643555556,0.449284740741,0.443480642805
589000,0.113870222222,0.436887703704,0.449242074074,0.44311541271
590000,0.113647407407,0.437027555556,0.449325037037,0.443571950329
591000,0.113434074074,0.437257481481,0.449308444444,0.443937180424
592000,0.113187555556,0.437470814815,0.44934162963,0.443663257852
593000,0.112971851852,0.437684148148,0.449344,0.444302410519
594000,0.11270637037,0.437812148148,0.449481481481,0.446493791088
595000,0.112469333333,0.438061037037,0.44946962963,0.446128560993
596000,0.112222814815,0.43827437037,0.449502814815,0.445854638422
597000,0.111971555556,0.438482962963,0.449545481481,0.44676771366
598000,0.111772444444,0.438596740741,0.449630814815,0.447315558802
599000,0.111587555556,0.438651259259,0.449761185185,0.447406866326
600000,0.111338666667,0.438805333333,0.449856,0.447406866326
601000,0.111141925926,0.438890666667,0.449967407407,0.447315558802
602000,0.110942814815,0.439051851852,0.450005333333,0.447315558802
603000,0.110748444444,0.439175111111,0.450076444444,0.447224251278
604000,0.110504296296,0.439386074074,0.45010962963,0.447406866326
605000,0.11027437037,0.439559111111,0.450166518519,0.447406866326
606000,0.110025481481,0.439760592593,0.450213925926,0.447315558802
607000,0.109776592593,0.439954962963,0.450268444444,0.447954711468
