1000,0.331392,0.33232,0.336288,0.343815077051
2000,0.332784,0.330168,0.337048,0.344023323615
3000,0.334024,0.327968,0.338008,0.343815077051
4000,0.335248,0.325832,0.33892,0.344648063307
5000,0.33656,0.323728,0.339712,0.343606830487
6000,0.33776,0.321688,0.340552,0.34110787172
7000,0.338936,0.319608,0.341456,0.340691378592
8000,0.340488,0.317592,0.34192,0.339441899209
9000,0.341752,0.31544,0.342808,0.340483132028
10000,0.3432,0.31332,0.34348,0.340483132028
11000,0.344376,0.311384,0.34424,0.341524364848
12000,0.345616,0.309216,0.345168,0.344439816743
13000,0.34684,0.30716,0.346,0.344231570179
14000,0.348008,0.305336,0.346656,0.347563515202
15000,0.34908,0.303568,0.347352,0.347563515202
16000,0.350224,0.301872,0.347904,0.347563515202
17000,0.351688,0.299952,0.34836,0.346730528946
18000,0.352712,0.298032,0.349256,0.346522282382
19000,0.35404,0.296056,0.349904,0.347147022074
20000,0.35532,0.2942,0.35048,0.347355268638
21000,0.356528,0.29228,0.351192,0.34902124115
22000,0.35764,0.290184,0.352176,0.349229487713
23000,0.358968,0.288224,0.352808,0.349645980841
24000,0.36004,0.28664,0.35332,0.350478967097
25000,0.360808,0.284768,0.354424,0.351728446481
26000,0.362232,0.282944,0.354824,0.352977925864
27000,0.363392,0.280744,0.355864,0.351520199917
28000,0.364496,0.278776,0.356728,0.352353186172
29000,0.365752,0.277176,0.357072,0.352144939608
30000,0.366912,0.275416,0.357672,0.354227405248
31000,0.36808,0.273672,0.358248,0.356309870887
32000,0.369192,0.271832,0.358976,0.355268638067
33000,0.370472,0.270024,0.359504,0.35381091212
34000,0.371592,0.268176,0.360232,0.35485214494
35000,0.372992,0.266184,0.360824,0.356726364015
36000,0.374072,0.2644,0.361528,0.35860058309
37000,0.374912,0.262784,0.362304,0.359433569346
38000,0.375888,0.261088,0.363024,0.359850062474
39000,0.37692,0.259488,0.363592,0.360266555602
40000,0.378144,0.257856,0.364,0.361099541858
41000,0.379392,0.256112,0.364496,0.363598500625
42000,0.380616,0.254312,0.365072,0.363598500625
43000,0.381192,0.252864,0.365944,0.36443148688
44000,0.382392,0.251016,0.366592,0.3654727197
45000,0.383568,0.2494,0.367032,0.365680966264
46000,0.38452,0.247696,0.367784,0.367138692212
47000,0.385664,0.246112,0.368224,0.367346938776
48000,0.386864,0.24428,0.368856,0.367971678467
49000,0.388072,0.242664,0.369264,0.366722199084
50000,0.38892,0.241032,0.370048,0.365889212828
51000,0.389856,0.239608,0.370536,0.366305705956
52000,0.390616,0.237936,0.371448,0.366305705956
53000,0.391744,0.236176,0.37208,0.36651395252
54000,0.392928,0.234424,0.372648,0.368179925031
55000,0.393712,0.232856,0.373432,0.369429404415
56000,0.394576,0.231208,0.374216,0.368388171595
57000,0.395824,0.229544,0.374632,0.371095376926
58000,0.397208,0.228008,0.374784,0.372761349438
59000,0.397888,0.226536,0.375576,0.374843815077
60000,0.398808,0.225064,0.376128,0.376926280716
61000,0.399832,0.223456,0.376712,0.376093294461
62000,0.400944,0.22192,0.377136,0.376718034152
63000,0.401824,0.220416,0.37776,0.376926280716
64000,0.402832,0.218752,0.378416,0.3781757601
65000,0.40364,0.21728,0.37908,0.379633486047
66000,0.404744,0.21596,0.379296,0.381299458559
67000,0.405912,0.214352,0.379736,0.383590170762
68000,0.406632,0.212824,0.380544,0.383381924198
69000,0.40784,0.21136,0.3808,0.385256143274
70000,0.408872,0.209824,0.381304,0.384423157018
71000,0.409736,0.208544,0.38172,0.386713869221
72000,0.410664,0.207008,0.382328,0.386505622657
73000,0.411624,0.205504,0.382872,0.386922115785
74000,0.412208,0.204288,0.383504,0.389629321116
75000,0.413376,0.202744,0.38388,0.38879633486
76000,0.414392,0.201344,0.384264,0.390045814244
77000,0.41532,0.200136,0.384544,0.392336526447
78000,0.4164,0.198712,0.384888,0.392128279883
79000,0.41736,0.19728,0.38536,0.392544773011
80000,0.41832,0.19592,0.38576,0.394835485214
81000,0.41924,0.194632,0.386128,0.395043731778
82000,0.420024,0.193472,0.386504,0.39670970429
83000,0.421192,0.192192,0.386616,0.396501457726
84000,0.421784,0.190976,0.38724,0.396917950854
85000,0.422472,0.189696,0.387832,0.397126197418
86000,0.42324,0.188472,0.388288,0.397959183673
87000,0.424304,0.187032,0.388664,0.39775093711
88000,0.425008,0.185864,0.389128,0.398792169929
89000,0.425864,0.184768,0.389368,0.399833402749
90000,0.426608,0.183328,0.390064,0.400874635569
91000,0.427592,0.18208,0.390328,0.400249895877
92000,0.428448,0.180856,0.390696,0.398167430237
93000,0.42944,0.17972,0.39084,0.396501457726
94000,0.430336,0.178416,0.391248,0.398792169929
95000,0.431024,0.177224,0.391752,0.39775093711
96000,0.432008,0.175952,0.39204,0.400041649313
97000,0.432784,0.1748,0.392416,0.402332361516
98000,0.433544,0.173496,0.39296,0.402748854644
99000,0.434488,0.17232,0.393192,0.401707621824
100000,0.435544,0.171208,0.393248,0.402332361516
101000,0.436616,0.170136,0.393248,0.404206580591
102000,0.437312,0.169032,0.393656,0.404623073719
103000,0.43788,0.167864,0.394256,0.407538525614
104000,0.438824,0.166536,0.39464,0.407955018742
105000,0.439696,0.165392,0.394912,0.407955018742
106000,0.440288,0.164104,0.395608,0.408163265306
107000,0.440976,0.16296,0.396064,0.406913785923
108000,0.4418,0.16176,0.39644,0.407538525614
109000,0.442688,0.160536,0.396776,0.408996251562
110000,0.443656,0.159456,0.396888,0.40941274469
111000,0.44448,0.158432,0.397088,0.410453977509
112000,0.445424,0.157336,0.39724,0.411495210329
113000,0.44628,0.15624,0.39748,0.410245730945
114000,0.446792,0.155312,0.397896,0.412328196585
115000,0.44756,0.15412,0.39832,0.411703456893
116000,0.448392,0.152952,0.398656,0.411495210329
117000,0.449064,0.15188,0.399056,0.411703456893
118000,0.44976,0.150872,0.399368,0.411495210329
119000,0.450536,0.149768,0.399696,0.410037484382
120000,0.451528,0.148512,0.39996,0.410870470637
121000,0.45244,0.1474,0.40016,0.411911703457
122000,0.45344,0.146312,0.400248,0.414410662224
123000,0.454,0.145336,0.400664,0.416284881299
124000,0.454544,0.144512,0.400944,0.417534360683
125000,0.454864,0.143776,0.40136,0.42003331945
126000,0.455488,0.142712,0.4018,0.420658059142
127000,0.45604,0.141704,0.402256,0.424406497293
128000,0.456816,0.140592,0.402592,0.424406497293
129000,0.457264,0.139752,0.402984,0.424406497293
130000,0.458344,0.138672,0.402984,0.424406497293
131000,0.458904,0.137688,0.403408,0.424822990421
132000,0.459424,0.136888,0.403688,0.425239483549
133000,0.460072,0.136016,0.403912,0.428363182007
134000,0.460656,0.135032,0.404312,0.432528113286
135000,0.461536,0.134136,0.404328,0.432944606414
136000,0.462392,0.133296,0.404312,0.431903373594
137000,0.463216,0.132496,0.404288,0.431070387339
138000,0.46396,0.13164,0.4044,0.43377759267
139000,0.464576,0.13072,0.404704,0.435651811745
140000,0.464792,0.129848,0.40536,0.437109537693
141000,0.465352,0.129,0.405648,0.437942523948
142000,0.46616,0.12816,0.40568,0.441274468971
143000,0.467008,0.127128,0.405864,0.441690962099
144000,0.467896,0.126224,0.40588,0.441066222407
145000,0.468992,0.125312,0.405696,0.441690962099
146000,0.469792,0.124424,0.405784,0.444814660558
147000,0.47064,0.123432,0.405928,0.445231153686
148000,0.471344,0.122616,0.40604,0.443773427738
149000,0.472184,0.121736,0.40608,0.443565181175
150000,0.473128,0.120824,0.406048,0.442315701791
151000,0.474104,0.119848,0.406048,0.442107455227
152000,0.474952,0.118872,0.406176,0.444814660558
153000,0.475568,0.118024,0.406408,0.444606413994
154000,0.476424,0.117232,0.406344,0.443981674302
155000,0.477144,0.116352,0.406504,0.445022907122
156000,0.477768,0.115504,0.406728,0.445231153686
157000,0.4786,0.114672,0.406728,0.448563098709
158000,0.479672,0.113736,0.406592,0.451686797168
159000,0.48024,0.11296,0.4068,0.454810495627
160000,0.480896,0.112248,0.406856,0.453769262807
161000,0.481536,0.11148,0.406984,0.453561016243
162000,0.48248,0.11056,0.40696,0.454394002499
163000,0.48316,0.109776,0.407064,0.455851728446
164000,0.484216,0.108776,0.407008,0.459183673469
165000,0.484976,0.108016,0.407008,0.462099125364
166000,0.48564,0.107232,0.407128,0.463556851312
167000,0.48636,0.10656,0.40708,0.462515618492
168000,0.48696,0.10576,0.40728,0.4618908788
169000,0.487656,0.104968,0.407376,0.459808413161
170000,0.488344,0.104296,0.40736,0.462099125364
171000,0.488936,0.10352,0.407544,0.462515618492
172000,0.489792,0.102776,0.407432,0.462307371928
173000,0.490312,0.102104,0.407584,0.463765097876
174000,0.491008,0.101352,0.40764,0.462723865056
175000,0.49156,0.100544,0.407896,0.463765097876
176000,0.492208,0.09988,0.407912,0.467513536027
177000,0.493208,0.099152,0.40764,0.46980424823
178000,0.49372,0.098616,0.407664,0.469596001666
179000,0.494136,0.097976,0.407888,0.470637234486
180000,0.494696,0.097272,0.408032,0.469179508538
181000,0.49524,0.096504,0.408256,0.468346522282
182000,0.496096,0.095808,0.408096,0.467305289463
183000,0.496648,0.095096,0.408256,0.468138275718
184000,0.497456,0.094336,0.408208,0.468138275718
185000,0.498424,0.093688,0.407888,0.468971261974
186000,0.49928,0.092912,0.407808,0.46980424823
187000,0.500168,0.092304,0.407528,0.469179508538
188000,0.501,0.091808,0.407192,0.470428987922
189000,0.501776,0.0912,0.407024,0.471886713869
190000,0.502632,0.090696,0.406672,0.472719700125
191000,0.503392,0.089984,0.406624,0.472511453561
192000,0.503968,0.089488,0.406544,0.472719700125
193000,0.504776,0.08888,0.406344,0.472719700125
194000,0.505328,0.088112,0.40656,0.473136193253
195000,0.506264,0.087488,0.406248,0.473552686381
196000,0.506696,0.087024,0.40628,0.475426905456
197000,0.50708,0.086384,0.406536,0.474385672636
198000,0.507648,0.085768,0.406584,0.47563515202
199000,0.508272,0.0852,0.406528,0.475010412328
200000,0.509104,0.084536,0.40636,0.475843398584
201000,0.509848,0.08384,0.406312,0.476468138276
202000,0.51028,0.08324,0.40648,0.476468138276
203000,0.511128,0.082592,0.40628,0.479175343607
204000,0.511896,0.081896,0.406208,0.480216576426
205000,0.512512,0.081288,0.4062,0.482090795502
206000,0.513128,0.080688,0.406184,0.482715535194
207000,0.513936,0.07996,0.406104,0.483965014577
208000,0.51448,0.079432,0.406088,0.483965014577
209000,0.51548,0.078784,0.405736,0.487505206164
210000,0.51608,0.078152,0.405768,0.487088713036
211000,0.516704,0.077624,0.405672,0.486880466472
212000,0.517528,0.07696,0.405512,0.488962932112
213000,0.5182,0.076312,0.405488,0.489795918367
214000,0.51912,0.075728,0.405152,0.490420658059
215000,0.519936,0.07524,0.404824,0.490837151187
216000,0.520696,0.074848,0.404456,0.492503123698
217000,0.521336,0.074328,0.404336,0.491253644315
218000,0.522064,0.073784,0.404152,0.488546438984
219000,0.522528,0.073192,0.40428,0.488546438984
220000,0.523224,0.07256,0.404216,0.48833819242
221000,0.52396,0.072128,0.403912,0.490212411495
222000,0.524752,0.071584,0.403664,0.490420658059
223000,0.525432,0.071136,0.403432,0.490212411495
224000,0.526248,0.070552,0.4032,0.489587671803
225000,0.52716,0.069928,0.402912,0.490420658059
226000,0.52804,0.069264,0.402696,0.490837151187
227000,0.528896,0.068664,0.40244,0.490420658059
228000,0.529576,0.068224,0.4022,0.4872969596
229000,0.530656,0.06768,0.401664,0.488546438984
230000,0.531328,0.067176,0.401496,0.489379425239
231000,0.53236,0.066704,0.400936,0.491670137443
232000,0.533216,0.066184,0.4006,0.492086630571
233000,0.534136,0.06568,0.400184,0.493544356518
234000,0.534752,0.065096,0.400152,0.494377342774
235000,0.535576,0.0646,0.399824,0.494585589338
236000,0.536344,0.064104,0.399552,0.494377342774
237000,0.53692,0.06364,0.39944,0.491878384007
238000,0.537768,0.063152,0.39908,0.490837151187
239000,0.538424,0.062664,0.398912,0.491461890879
240000,0.538944,0.062288,0.398768,0.491045397751
241000,0.539496,0.061768,0.398736,0.491670137443
242000,0.54,0.06144,0.39856,0.493960849646
243000,0.54104,0.060968,0.397992,0.492711370262
244000,0.541848,0.06052,0.397632,0.493336109954
245000,0.542648,0.060056,0.397296,0.492919616826
246000,0.54368,0.059712,0.396608,0.492086630571
247000,0.544848,0.059288,0.395864,0.492086630571
248000,0.545744,0.058752,0.395504,0.491461890879
249000,0.546632,0.058368,0.395,0.492711370262
250000,0.547336,0.057888,0.394776,0.492294877135
251000,0.54816,0.05752,0.39432,0.491461890879
252000,0.549056,0.057032,0.393912,0.491253644315
253000,0.550144,0.056568,0.393288,0.493544356518
254000,0.551128,0.056064,0.392808,0.493336109954
255000,0.552104,0.05564,0.392256,0.495626822157
256000,0.552648,0.055264,0.392088,0.497084548105
257000,0.553536,0.054832,0.391632,0.499167013744
258000,0.554568,0.054336,0.391096,0.500832986256
259000,0.555264,0.054032,0.390704,0.49895876718
260000,0.555856,0.053704,0.39044,0.499791753436
261000,0.556808,0.053312,0.38988,0.502082465639
262000,0.557856,0.052912,0.389232,0.503123698459
263000,0.55856,0.052496,0.388944,0.502498958767
264000,0.559528,0.052136,0.388336,0.503956684715
265000,0.560808,0.051864,0.387328,0.506247396918
266000,0.561392,0.051496,0.387112,0.508746355685
267000,0.562272,0.051112,0.386616,0.511245314452
268000,0.563168,0.050744,0.386088,0.511870054144
269000,0.563968,0.050336,0.385696,0.513119533528
270000,0.565128,0.05,0.384872,0.516034985423
271000,0.566136,0.049608,0.384256,0.516451478551
272000,0.566944,0.049208,0.383848,0.517700957934
273000,0.567888,0.048816,0.383296,0.517076218242
274000,0.568704,0.048384,0.382912,0.518325697626
275000,0.56976,0.047992,0.382248,0.518950437318
276000,0.570632,0.047568,0.3818,0.519366930446
277000,0.571504,0.047184,0.381312,0.519366930446
278000,0.572328,0.046856,0.380816,0.522490628905
279000,0.573104,0.046552,0.380344,0.522698875469
280000,0.574072,0.046296,0.379632,0.523948354852
281000,0.575232,0.04588,0.378888,0.524781341108
282000,0.576096,0.045448,0.378456,0.52332361516
283000,0.577112,0.045088,0.3778,0.52332361516
284000,0.578032,0.044736,0.377232,0.523948354852
285000,0.578712,0.04436,0.376928,0.526239067055
286000,0.57972,0.043992,0.376288,0.529987505206
287000,0.580408,0.04368,0.375912,0.529987505206
288000,0.5814,0.04328,0.37532,0.529362765514
289000,0.58216,0.043008,0.374832,0.529779258642
290000,0.583232,0.04268,0.374088,0.53123698459
291000,0.584168,0.042312,0.37352,0.528321532695
292000,0.584984,0.041992,0.373024,0.530820491462
293000,0.5862,0.041736,0.372064,0.533527696793
294000,0.587168,0.0414,0.371432,0.532694710537
295000,0.588064,0.041144,0.370792,0.535193669304
296000,0.5886,0.040848,0.370552,0.536234902124
297000,0.589448,0.040632,0.36992,0.537484381508
298000,0.590512,0.04032,0.369168,0.540816326531
299000,0.591576,0.040032,0.368392,0.542482299042
300000,0.5926,0.039712,0.367688,0.541024573095
301000,0.593272,0.039472,0.367256,0.541024573095
302000,0.59408,0.039184,0.366736,0.539983340275
303000,0.594856,0.038824,0.36632,0.542690545606
304000,0.595688,0.038592,0.36572,0.542274052478
305000,0.596776,0.038264,0.36496,0.54185755935
306000,0.597632,0.038008,0.36436,0.540191586839
307000,0.598888,0.037712,0.3634,0.540191586839
308000,0.600024,0.0374,0.362576,0.539566847147
309000,0.601,0.037144,0.361856,0.54185755935
310000,0.602008,0.036888,0.361104,0.543107038734
311000,0.603184,0.036632,0.360184,0.543107038734
312000,0.604184,0.03632,0.359496,0.544981257809
313000,0.605096,0.036056,0.358848,0.543523531862
314000,0.606256,0.035808,0.357936,0.544981257809
315000,0.60748,0.035576,0.356944,0.544981257809
316000,0.608632,0.035312,0.356056,0.544773011245
317000,0.609544,0.03504,0.355416,0.546855476885
318000,0.610504,0.034856,0.35464,0.545814244065
319000,0.611216,0.034624,0.35416,0.541232819658
320000,0.612184,0.03436,0.353456,0.542482299042
321000,0.613368,0.033992,0.35264,0.543107038734
322000,0.614504,0.033616,0.35188,0.542690545606
323000,0.61564,0.033392,0.350968,0.542274052478
324000,0.616664,0.033184,0.350152,0.54289879217
325000,0.617472,0.032936,0.349592,0.541232819658
326000,0.618144,0.032688,0.349168,0.541441066222
327000,0.618848,0.032448,0.348704,0.541232819658
328000,0.62,0.032152,0.347848,0.54185755935
329000,0.621152,0.03188,0.346968,0.539566847147
330000,0.622312,0.031608,0.34608,0.541232819658
331000,0.623264,0.031352,0.345384,0.539983340275
332000,0.62436,0.031112,0.344528,0.539150354019
333000,0.625672,0.03088,0.343448,0.539358600583
334000,0.626912,0.03068,0.342408,0.539566847147
335000,0.627824,0.030456,0.34172,0.539983340275
336000,0.628888,0.030256,0.340856,0.539775093711
337000,0.629664,0.030048,0.340288,0.539983340275
338000,0.630448,0.029904,0.339648,0.5381091212
339000,0.631512,0.029648,0.33884,0.540816326531
340000,0.632736,0.029528,0.337736,0.539775093711
341000,0.633744,0.029416,0.33684,0.54185755935
342000,0.63456,0.0292,0.33624,0.54185755935
343000,0.635736,0.029016,0.335248,0.54185755935
344000,0.636784,0.02876,0.334456,0.541024573095
345000,0.637488,0.02864,0.333872,0.542065805914
346000,0.638312,0.02844,0.333248,0.542482299042
347000,0.639544,0.0282,0.332256,0.542065805914
348000,0.640664,0.027968,0.331368,0.540608079967
349000,0.64156,0.02776,0.33068,0.541649312786
350000,0.642832,0.027536,0.329632,0.542065805914
351000,0.643776,0.02736,0.328864,0.542690545606
352000,0.644912,0.027136,0.327952,0.544356518117
353000,0.646008,0.02688,0.327112,0.544773011245
354000,0.646936,0.026696,0.326368,0.545814244065
355000,0.64812,0.02648,0.3254,0.547271970012
356000,0.649424,0.0262,0.324376,0.547480216576
357000,0.650544,0.026016,0.32344,0.547271970012
358000,0.65156,0.025816,0.322624,0.54768846314
359000,0.652672,0.025592,0.321736,0.548104956268
360000,0.65372,0.025448,0.320832,0.547480216576
361000,0.654704,0.025256,0.32004,0.548313202832
362000,0.655824,0.025032,0.319144,0.550187421908
363000,0.656904,0.024768,0.318328,0.548937942524
364000,0.65788,0.024592,0.317528,0.549562682216
365000,0.658872,0.024408,0.31672,0.550187421908
366000,0.659888,0.02428,0.315832,0.554352353186
367000,0.660872,0.024128,0.315,0.555810079134
368000,0.66192,0.023968,0.314112,0.554977092878
369000,0.662744,0.023808,0.313448,0.556018325698
370000,0.663488,0.02364,0.312872,0.557059558517
371000,0.664288,0.023456,0.312256,0.556226572262
372000,0.665104,0.02328,0.311616,0.556226572262
373000,0.666128,0.023088,0.310784,0.556018325698
374000,0.667136,0.02292,0.309944,0.558100791337
375000,0.668176,0.022696,0.309128,0.557267805081
376000,0.669136,0.022504,0.30836,0.556851311953
377000,0.66996,0.022344,0.307696,0.558100791337
378000,0.671192,0.022152,0.306656,0.560807996668
379000,0.672312,0.022024,0.305664,0.561016243232
380000,0.673272,0.02188,0.304848,0.563515201999
381000,0.674176,0.021712,0.304112,0.56622240733
382000,0.67528,0.021536,0.303184,0.565597667638
383000,0.676344,0.021352,0.302304,0.565181174511
384000,0.677544,0.02116,0.301296,0.566847147022
385000,0.678664,0.021,0.300336,0.566430653894
386000,0.67984,0.020816,0.299344,0.568513119534
387000,0.680704,0.02072,0.298576,0.567471886714
388000,0.681568,0.020592,0.29784,0.568721366097
389000,0.6828,0.020392,0.296808,0.568513119534
390000,0.683952,0.02024,0.295808,0.572469804248
391000,0.684952,0.020048,0.295,0.571428571429
392000,0.68584,0.019856,0.294304,0.571845064556
393000,0.686808,0.019688,0.293504,0.571845064556
394000,0.687536,0.019504,0.29296,0.571845064556
395000,0.688576,0.019352,0.292072,0.57309454394
396000,0.689408,0.019248,0.291344,0.57205331112
397000,0.690344,0.019128,0.290528,0.57205331112
398000,0.691312,0.018968,0.28972,0.569970845481
399000,0.6924,0.018768,0.288832,0.570803831737
400000,0.693264,0.018664,0.288072,0.570803831737
401000,0.69428,0.018568,0.287152,0.570387338609
402000,0.695256,0.018416,0.286328,0.57309454394
403000,0.696528,0.018296,0.285176,0.573927530196
404000,0.697672,0.018184,0.284144,0.571845064556
405000,0.69908,0.018048,0.282872,0.571845064556
406000,0.700032,0.01792,0.282048,0.572886297376
407000,0.700816,0.01784,0.281344,0.574344023324
408000,0.701848,0.017688,0.280464,0.573302790504
409000,0.702632,0.017576,0.279792,0.574344023324
410000,0.703792,0.017368,0.27884,0.574344023324
411000,0.704896,0.017248,0.277856,0.575801749271
412000,0.705928,0.01712,0.276952,0.576218242399
413000,0.706856,0.017008,0.276136,0.576842982091
414000,0.707872,0.016856,0.275272,0.576634735527
415000,0.70852,0.016736,0.274744,0.57892544773
416000,0.709392,0.016584,0.274024,0.579758433986
417000,0.710552,0.016456,0.272992,0.579550187422
418000,0.711608,0.016384,0.272008,0.581216159933
419000,0.712544,0.016216,0.27124,0.582049146189
420000,0.713528,0.016072,0.2704,0.583506872137
421000,0.714688,0.016,0.269312,0.586422324032
422000,0.71552,0.015816,0.268664,0.587047063723
423000,0.716448,0.015736,0.267816,0.587671803415
424000,0.717448,0.015608,0.266944,0.587671803415
425000,0.718504,0.015496,0.266,0.588088296543
426000,0.719472,0.015392,0.265136,0.590379008746
427000,0.720512,0.015288,0.2642,0.592877967514
428000,0.721488,0.015144,0.263368,0.594335693461
429000,0.722352,0.015032,0.262616,0.594960433153
430000,0.723176,0.014928,0.261896,0.596001665973
431000,0.72416,0.014808,0.261032,0.595168679717
432000,0.725208,0.01472,0.260072,0.597667638484
433000,0.726336,0.014568,0.259096,0.598708871304
434000,0.727352,0.014488,0.25816,0.599958350687
435000,0.728256,0.014384,0.25736,0.601832569763
436000,0.729312,0.014304,0.256384,0.60433152853
437000,0.730272,0.014192,0.255536,0.605164514786
438000,0.73112,0.01408,0.2548,0.607455226989
439000,0.732424,0.013968,0.253608,0.608496459808
440000,0.733448,0.01388,0.252672,0.609329446064
441000,0.734264,0.013768,0.251968,0.610787172012
442000,0.735272,0.013616,0.251112,0.612661391087
443000,0.736112,0.013496,0.250392,0.612661391087
444000,0.73716,0.01344,0.2494,0.614119117035
445000,0.73796,0.013288,0.248752,0.613286130779
446000,0.738912,0.01316,0.247928,0.613494377343
447000,0.739936,0.013088,0.246976,0.615368596418
448000,0.740848,0.012976,0.246176,0.618075801749
449000,0.741896,0.012912,0.245192,0.618700541441
450000,0.742832,0.012784,0.244384,0.620574760516
451000,0.743864,0.01272,0.243416,0.624323198667
452000,0.74504,0.012616,0.242344,0.623490212411
453000,0.746104,0.012496,0.2414,0.624114952103
454000,0.747064,0.012288,0.240648,0.625780924615
455000,0.748096,0.012168,0.239736,0.627238650562
456000,0.749144,0.012032,0.238824,0.626405664307
457000,0.74992,0.011976,0.238104,0.627863390254
458000,0.75092,0.01188,0.2372,0.62765514369
459000,0.751984,0.011784,0.236232,0.630778842149
460000,0.752592,0.011688,0.23572,0.631611828405
461000,0.753592,0.011608,0.2348,0.632444814661
462000,0.754504,0.011544,0.233952,0.635360266556
463000,0.755488,0.01144,0.233072,0.637026239067
464000,0.756592,0.011336,0.232072,0.639941690962
465000,0.757544,0.011256,0.2312,0.64035818409
466000,0.758432,0.0112,0.230368,0.640566430654
467000,0.75904,0.01116,0.2298,0.640774677218
468000,0.760008,0.011064,0.228928,0.640774677218
469000,0.76092,0.010928,0.228152,0.640982923782
470000,0.761688,0.010824,0.227488,0.64035818409
471000,0.762544,0.010744,0.226712,0.642232403165
472000,0.763496,0.010696,0.225808,0.642857142857
473000,0.764584,0.010592,0.224824,0.643481882549
474000,0.765784,0.010512,0.223704,0.644523115369
475000,0.766592,0.010392,0.223016,0.644523115369
476000,0.76772,0.010288,0.221992,0.645980841316
477000,0.768736,0.010192,0.221072,0.645980841316
478000,0.769744,0.010152,0.220104,0.647646813828
479000,0.770728,0.010104,0.219168,0.648063306955
480000,0.771536,0.010072,0.218392,0.648479800083
481000,0.772432,0.010024,0.217544,0.648479800083
482000,0.773504,0.009952,0.216544,0.649937526031
483000,0.77432,0.009896,0.215784,0.650770512287
484000,0.775112,0.009848,0.21504,0.650770512287
485000,0.776136,0.009728,0.214136,0.650145772595
486000,0.777088,0.00964,0.213272,0.651603498542
487000,0.777888,0.009552,0.21256,0.652436484798
488000,0.778776,0.00944,0.211784,0.654935443565
489000,0.779728,0.009392,0.21088,0.656809662641
490000,0.78044,0.009296,0.210264,0.657642648896
491000,0.781248,0.009232,0.20952,0.656184922949
492000,0.782384,0.009144,0.208472,0.655560183257
493000,0.783216,0.009112,0.207672,0.656601416077
494000,0.784096,0.009048,0.206856,0.658267388588
495000,0.785232,0.008976,0.205792,0.6599333611
496000,0.786112,0.008912,0.204976,0.662432319867
497000,0.786792,0.008848,0.20436,0.664514785506
498000,0.787712,0.008792,0.203496,0.665139525198
499000,0.788624,0.008736,0.20264,0.666180758017
500000,0.789432,0.008648,0.20192,0.666805497709
501000,0.790224,0.0086,0.201176,0.666805497709
502000,0.79104,0.008536,0.200424,0.666389004581
503000,0.791896,0.008472,0.199632,0.668887963349
504000,0.792904,0.00844,0.198656,0.668679716785
505000,0.793664,0.008368,0.197968,0.668263223657
506000,0.794688,0.008272,0.19704,0.66951270304
507000,0.795608,0.008208,0.196184,0.66951270304
508000,0.796376,0.008168,0.195456,0.670970428988
509000,0.797032,0.008128,0.19484,0.672844648063
510000,0.7978,0.008072,0.194128,0.674718867139
511000,0.798584,0.008016,0.1934,0.675551853394
512000,0.799392,0.007984,0.192624,0.67742607247
513000,0.800456,0.00788,0.191664,0.67742607247
514000,0.801224,0.007832,0.190944,0.679508538109
515000,0.802024,0.007776,0.1902,0.681591003748
516000,0.802928,0.007664,0.189408,0.684089962516
517000,0.803776,0.007592,0.188632,0.684089962516
518000,0.804728,0.007544,0.187728,0.685131195335
519000,0.805832,0.007472,0.186696,0.687838400666
520000,0.806664,0.00744,0.185896,0.69012911287
521000,0.807448,0.007384,0.185168,0.693044564765
522000,0.808296,0.007296,0.184408,0.694294044148
523000,0.809336,0.00724,0.183424,0.693044564765
524000,0.810152,0.007184,0.182664,0.693044564765
525000,0.8112,0.007152,0.181648,0.695543523532
526000,0.812144,0.007024,0.180832,0.695335276968
527000,0.813096,0.00696,0.179944,0.697001249479
528000,0.813752,0.006936,0.179312,0.699291961683
529000,0.814848,0.006848,0.178304,0.699291961683
530000,0.815864,0.006808,0.177328,0.699291961683
531000,0.816688,0.006776,0.176536,0.699916701374
532000,0.81744,0.006744,0.175816,0.701166180758
533000,0.818168,0.006704,0.175128,0.701374427322
534000,0.81908,0.00668,0.17424,0.703040399833
535000,0.819904,0.006616,0.17348,0.702623906706
536000,0.820664,0.006576,0.17276,0.702415660142
537000,0.821328,0.00652,0.172152,0.704498125781
538000,0.822336,0.006464,0.1712,0.705747605165
539000,0.823168,0.006408,0.170424,0.706372344856
540000,0.82404,0.006304,0.169656,0.70762182424
541000,0.824952,0.006288,0.16876,0.709287796751
542000,0.825904,0.006248,0.167848,0.711370262391
543000,0.826704,0.006224,0.167072,0.71345272803
544000,0.827392,0.006184,0.166424,0.713036234902
545000,0.828088,0.00616,0.165752,0.713036234902
546000,0.828912,0.00612,0.164968,0.710953769263
547000,0.829792,0.006008,0.1642,0.71345272803
548000,0.830672,0.00596,0.163368,0.714702207414
549000,0.8314,0.005896,0.162704,0.716992919617
550000,0.832168,0.005816,0.162016,0.717409412745
551000,0.833048,0.005768,0.161184,0.719075385256
552000,0.833952,0.00572,0.160328,0.719908371512
553000,0.83484,0.005656,0.159504,0.721366097459
554000,0.835504,0.005576,0.15892,0.722615576843
555000,0.836112,0.005568,0.15832,0.723032069971
556000,0.837128,0.00552,0.157352,0.724281549354
557000,0.837784,0.005496,0.15672,0.725531028738
558000,0.838728,0.005456,0.155816,0.725322782174
559000,0.839312,0.005424,0.155264,0.724906289046
560000,0.840032,0.005352,0.154616,0.725322782174
561000,0.84088,0.005312,0.153808,0.725947521866
562000,0.841488,0.005264,0.153248,0.727197001249
563000,0.842272,0.005232,0.152496,0.728654727197
564000,0.843032,0.005184,0.151784,0.728238234069
565000,0.843928,0.00512,0.150952,0.728238234069
566000,0.844744,0.005112,0.150144,0.729695960017
567000,0.845352,0.005056,0.149592,0.730528946272
568000,0.846184,0.005032,0.148784,0.733860891295
569000,0.846872,0.005008,0.14812,0.738650562266
570000,0.847448,0.004944,0.147608,0.738650562266
571000,0.848176,0.004912,0.146912,0.739483548521
572000,0.848864,0.004888,0.146248,0.742190753853
573000,0.849656,0.00484,0.145504,0.742190753853
574000,0.850496,0.004768,0.144736,0.7436484798
575000,0.85124,0.004728,0.144032,0.744481466056
576000,0.851936,0.004688,0.143376,0.745730945439
577000,0.852688,0.004656,0.142656,0.746355685131
578000,0.853176,0.004616,0.142208,0.747188671387
579000,0.853928,0.004592,0.14148,0.749687630154
580000,0.854496,0.004528,0.140976,0.750312369846
581000,0.855224,0.004504,0.140272,0.750312369846
582000,0.8558,0.004456,0.139744,0.750312369846
583000,0.856568,0.004432,0.139,0.752811328613
584000,0.857224,0.004416,0.13836,0.754060807997
585000,0.857992,0.004384,0.137624,0.755935027072
586000,0.858544,0.00436,0.137096,0.75739275302
587000,0.859176,0.00432,0.136504,0.758225739275
588000,0.859936,0.004296,0.135768,0.759891711787
589000,0.860528,0.004272,0.1352,0.761349437734
590000,0.861288,0.004216,0.134496,0.762807163682
591000,0.86188,0.004192,0.133928,0.763640149938
592000,0.862432,0.004144,0.133424,0.766139108705
593000,0.8632,0.004096,0.132704,0.7690545606
594000,0.863848,0.004048,0.132104,0.772178259059
595000,0.864584,0.00404,0.131376,0.772594752187
596000,0.865248,0.003976,0.130776,0.773011245314
597000,0.86584,0.003968,0.130192,0.772594752187
598000,0.866472,0.003944,0.129584,0.774260724698
599000,0.867296,0.00392,0.128784,0.775093710954
600000,0.86792,0.00388,0.1282,0.775926697209
601000,0.868696,0.003848,0.127456,0.779050395668
602000,0.869616,0.003824,0.12656,0.780299875052
603000,0.870304,0.003808,0.125888,0.780299875052
604000,0.871032,0.00376,0.125208,0.781132861308
605000,0.87184,0.003704,0.124456,0.781549354436
606000,0.872496,0.00368,0.123824,0.781757601
607000,0.873088,0.003624,0.123288,0.782382340691
608000,0.873672,0.0036,0.122728,0.783631820075
609000,0.874352,0.003576,0.122072,0.785089546022
610000,0.875096,0.003552,0.121352,0.788213244481
611000,0.875728,0.00352,0.120752,0.789462723865
612000,0.876384,0.003496,0.12012,0.790295710121
613000,0.87712,0.003472,0.119408,0.790712203249
614000,0.877784,0.00344,0.118776,0.791128696377
615000,0.878416,0.003408,0.118176,0.792794668888
616000,0.87896,0.003392,0.117648,0.793627655144
617000,0.879824,0.003344,0.116832,0.797376093294
618000,0.880424,0.003304,0.116272,0.798833819242
619000,0.880952,0.003272,0.115776,0.80029154519
620000,0.881544,0.00324,0.115216,0.801541024573
621000,0.882192,0.003216,0.114592,0.802374010829
622000,0.882832,0.00316,0.114008,0.801124531445
623000,0.883392,0.003152,0.113456,0.801957517701
624000,0.884112,0.003128,0.11276,0.801957517701
625000,0.884672,0.003104,0.112224,0.802790503957
626000,0.885208,0.003072,0.11172,0.803206997085
627000,0.88568,0.00304,0.11128,0.803831736776
628000,0.886104,0.003016,0.11088,0.80403998334
629000,0.886672,0.002992,0.110336,0.803831736776
630000,0.88716,0.002984,0.109856,0.804248229904
631000,0.887704,0.002944,0.109352,0.805497709288
632000,0.888128,0.002936,0.108936,0.806330695544
633000,0.8888,0.002888,0.108312,0.806955435235
634000,0.889432,0.002856,0.107712,0.808204914619
635000,0.889936,0.002824,0.10724,0.807788421491
636000,0.890496,0.002808,0.106696,0.809454394002
637000,0.891016,0.0028,0.106184,0.809662640566
638000,0.891504,0.002792,0.105704,0.809662640566
639000,0.892208,0.002784,0.105008,0.811120366514
640000,0.89268,0.002768,0.104552,0.811536859642
641000,0.893256,0.002712,0.104032,0.813202832153
642000,0.893912,0.002688,0.1034,0.81570179092
643000,0.894552,0.002672,0.102776,0.817159516868
644000,0.895088,0.00264,0.102272,0.81674302374
645000,0.895568,0.002624,0.101808,0.817992503124
646000,0.896248,0.0026,0.101152,0.818408996252
647000,0.896584,0.002576,0.10084,0.818200749688
648000,0.897224,0.002552,0.100224,0.818617242815
649000,0.89784,0.002536,0.099624,0.819450229071
650000,0.898328,0.00252,0.099152,0.819033735943
651000,0.898872,0.002512,0.098616,0.820491461891
652000,0.899368,0.002496,0.098136,0.821324448147
653000,0.900072,0.002464,0.097464,0.823198667222
654000,0.900648,0.002432,0.09692,0.823198667222
655000,0.901248,0.002408,0.096344,0.825697625989
656000,0.901944,0.002392,0.095664,0.825697625989
657000,0.90244,0.002376,0.095184,0.826322365681
658000,0.902904,0.00236,0.094736,0.826738858809
659000,0.90348,0.002328,0.094192,0.829237817576
660000,0.90416,0.002304,0.093536,0.830903790087
661000,0.90472,0.002288,0.092992,0.832778009163
662000,0.90532,0.00228,0.0924,0.833819241983
663000,0.905696,0.00228,0.092024,0.834443981674
664000,0.906328,0.00228,0.091392,0.835693461058
665000,0.90692,0.002272,0.090808,0.836526447314
666000,0.907392,0.002264,0.090344,0.836734693878
667000,0.907968,0.00224,0.089792,0.837151187005
668000,0.90848,0.002208,0.089312,0.837151187005
669000,0.909064,0.0022,0.088736,0.838608912953
670000,0.909664,0.002168,0.088168,0.839441899209
671000,0.910152,0.002152,0.087696,0.840274885464
672000,0.910672,0.002136,0.087192,0.840274885464
673000,0.911264,0.002112,0.086624,0.840899625156
674000,0.911696,0.00208,0.086224,0.840899625156
675000,0.912328,0.002072,0.0856,0.843398583923
676000,0.912776,0.002032,0.085192,0.844231570179
677000,0.913176,0.002,0.084824,0.844231570179
678000,0.913648,0.001992,0.08436,0.845481049563
679000,0.914224,0.001976,0.0838,0.845481049563
680000,0.914576,0.00196,0.083464,0.846314035818
681000,0.91492,0.00196,0.08312,0.847563515202
682000,0.915352,0.001944,0.082704,0.847563515202
683000,0.91568,0.001936,0.082384,0.847563515202
684000,0.916168,0.001904,0.081928,0.84798000833
685000,0.916624,0.001896,0.08148,0.848812994586
686000,0.917104,0.001888,0.081008,0.847771761766
687000,0.917408,0.001872,0.08072,0.84902124115
688000,0.917912,0.001856,0.080232,0.849437734277
689000,0.918312,0.001832,0.079856,0.849437734277
690000,0.91876,0.001824,0.079416,0.848812994586
691000,0.919128,0.001816,0.079056,0.848396501458
692000,0.919496,0.0018,0.078704,0.84693877551
693000,0.920184,0.00176,0.078056,0.849645980841
694000,0.920568,0.001752,0.07768,0.850478967097
695000,0.921224,0.001744,0.077032,0.852561432736
696000,0.921632,0.001728,0.07664,0.852561432736
697000,0.92204,0.001712,0.076248,0.854435651812
698000,0.922392,0.001704,0.075904,0.855685131195
699000,0.922968,0.001672,0.07536,0.856518117451
700000,0.92352,0.00164,0.07484,0.856518117451
701000,0.923936,0.001608,0.074456,0.858392336526
702000,0.924464,0.0016,0.073936,0.859225322782
703000,0.924792,0.0016,0.073608,0.859225322782
704000,0.925264,0.0016,0.073136,0.861724281549
705000,0.925768,0.0016,0.072632,0.862973760933
706000,0.926152,0.001592,0.072256,0.8654727197
707000,0.9266,0.001576,0.071824,0.86443148688
708000,0.92696,0.001568,0.071472,0.866097459392
709000,0.927328,0.00156,0.071112,0.865889212828
710000,0.927712,0.001536,0.070752,0.866722199084
711000,0.92804,0.00152,0.07044,0.867555185339
712000,0.928512,0.001512,0.069976,0.867555185339
713000,0.928912,0.00148,0.069608,0.869221157851
714000,0.929472,0.001456,0.069072,0.870470637234
715000,0.92984,0.001432,0.068728,0.871095376926
716000,0.930272,0.001432,0.068296,0.87130362349
717000,0.930792,0.001432,0.067776,0.872136609746
718000,0.9312,0.001416,0.067384,0.87338608913
719000,0.931616,0.001408,0.066976,0.875052061641
720000,0.932016,0.001376,0.066608,0.874635568513
721000,0.932328,0.001368,0.066304,0.876301541025
722000,0.932736,0.001368,0.065896,0.876301541025
723000,0.933024,0.00136,0.065616,0.8781757601
724000,0.933352,0.00132,0.065328,0.879425239484
725000,0.933752,0.00132,0.064928,0.880674718867
726000,0.934152,0.001312,0.064536,0.881507705123
727000,0.934544,0.001296,0.06416,0.881507705123
728000,0.934952,0.001288,0.06376,0.881507705123
729000,0.935288,0.001288,0.063424,0.883173677634
730000,0.935696,0.00128,0.063024,0.884423157018
731000,0.935928,0.00128,0.062792,0.884423157018
732000,0.936328,0.00128,0.062392,0.884423157018
733000,0.936816,0.00124,0.061944,0.886089129529
734000,0.937248,0.00124,0.061512,0.885672636401
735000,0.937584,0.001224,0.061192,0.886713869221
736000,0.937912,0.001216,0.060872,0.886713869221
737000,0.938208,0.001208,0.060584,0.886713869221
738000,0.93848,0.001208,0.060312,0.886713869221
739000,0.938888,0.001176,0.059936,0.885880882965
740000,0.939232,0.001168,0.0596,0.885464389838
741000,0.939528,0.001152,0.05932,0.885880882965
742000,0.940008,0.001136,0.058856,0.887338608913
743000,0.940392,0.001128,0.05848,0.888379841733
744000,0.94072,0.001112,0.058168,0.888379841733
745000,0.94104,0.001104,0.057856,0.888588088297
746000,0.941432,0.001088,0.05748,0.889004581424
747000,0.941784,0.001088,0.057128,0.889004581424
748000,0.942128,0.00108,0.056792,0.889004581424
749000,0.942432,0.00108,0.056488,0.889004581424
750000,0.9428,0.001064,0.056136,0.889004581424
751000,0.943184,0.001056,0.05576,0.890670553936
752000,0.94348,0.001056,0.055464,0.890670553936
753000,0.9438,0.001056,0.055144,0.890670553936
754000,0.944048,0.001048,0.054904,0.893169512703
755000,0.944232,0.001048,0.05472,0.894002498959
756000,0.94452,0.00104,0.05444,0.895043731778
757000,0.944776,0.00104,0.054184,0.895460224906
758000,0.945112,0.001032,0.053856,0.894627238651
759000,0.945456,0.001024,0.05352,0.894627238651
760000,0.945704,0.001024,0.053272,0.894002498959
761000,0.946024,0.001024,0.052952,0.893586005831
762000,0.946288,0.001024,0.052688,0.894002498959
763000,0.9466,0.001024,0.052376,0.894418992087
764000,0.946864,0.001024,0.052112,0.894835485214
765000,0.947248,0.001008,0.051744,0.895251978342
766000,0.947608,0.001008,0.051384,0.896501457726
767000,0.94792,0.001008,0.051072,0.896084964598
768000,0.948312,0.001,0.050688,0.897334443982
769000,0.948624,0.000992,0.050384,0.898583923365
770000,0.948936,0.000984,0.05008,0.898583923365
771000,0.94924,0.000968,0.049792,0.899000416493
772000,0.949504,0.000968,0.049528,0.900041649313
773000,0.9498,0.00096,0.04924,0.900041649313
774000,0.950064,0.000952,0.048984,0.899416909621
775000,0.950464,0.000928,0.048608,0.90149937526
776000,0.950776,0.000912,0.048312,0.901082882132
777000,0.951008,0.000904,0.048088,0.901082882132
778000,0.951312,0.000896,0.047792,0.900666389005
779000,0.951664,0.00088,0.047456,0.902332361516
780000,0.951976,0.000872,0.047152,0.901915868388
781000,0.95228,0.000864,0.046856,0.901915868388
782000,0.952544,0.000864,0.046592,0.902332361516
783000,0.952848,0.000864,0.046288,0.903165347772
784000,0.953128,0.000864,0.046008,0.902748854644
785000,0.953448,0.000848,0.045704,0.906080799667
786000,0.95376,0.00084,0.0454,0.906913785923
787000,0.953952,0.00084,0.045208,0.907746772178
788000,0.954272,0.000832,0.044896,0.90837151187
789000,0.954536,0.000832,0.044632,0.910037484382
790000,0.954856,0.000824,0.04432,0.912536443149
791000,0.955176,0.0008,0.044024,0.912536443149
792000,0.955472,0.000776,0.043752,0.912119950021
793000,0.955712,0.000776,0.043512,0.912119950021
794000,0.956008,0.000752,0.04324,0.911703456893
795000,0.956376,0.000744,0.04288,0.912952936277
796000,0.95672,0.000736,0.042544,0.912952936277
797000,0.956984,0.000736,0.04228,0.914618908788
798000,0.957272,0.000728,0.042,0.914618908788
799000,0.957432,0.00072,0.041848,0.914827155352
800000,0.957736,0.000712,0.041552,0.914827155352
801000,0.95792,0.000696,0.041384,0.914827155352
802000,0.95824,0.00068,0.04108,0.917326114119
803000,0.95856,0.000664,0.040776,0.917742607247
804000,0.958792,0.00064,0.040568,0.918575593503
805000,0.959024,0.000632,0.040344,0.92003331945
806000,0.959288,0.000632,0.04008,0.920241566014
807000,0.95956,0.000616,0.039824,0.920241566014
808000,0.959856,0.000616,0.039528,0.920241566014
809000,0.960128,0.000616,0.039256,0.920241566014
810000,0.960328,0.000616,0.039056,0.920866305706
811000,0.960568,0.0006,0.038832,0.92003331945
812000,0.960872,0.0006,0.038528,0.92003331945
813000,0.961048,0.0006,0.038352,0.920866305706
814000,0.961408,0.000584,0.038008,0.92211578509
815000,0.961688,0.000584,0.037728,0.922948771345
816000,0.961968,0.000584,0.037448,0.922948771345
817000,0.962264,0.000584,0.037152,0.923157017909
818000,0.96252,0.000584,0.036896,0.923990004165
819000,0.962768,0.000576,0.036656,0.924822990421
820000,0.963016,0.000576,0.036408,0.923990004165
821000,0.963264,0.000568,0.036168,0.923990004165
822000,0.963512,0.00056,0.035928,0.924406497293
823000,0.963664,0.00056,0.035776,0.924406497293
824000,0.963832,0.000544,0.035624,0.925655976676
825000,0.964056,0.000536,0.035408,0.925655976676
826000,0.964208,0.000536,0.035256,0.925655976676
827000,0.964432,0.000528,0.03504,0.925655976676
828000,0.964592,0.00052,0.034888,0.924822990421
829000,0.964824,0.00052,0.034656,0.925239483549
830000,0.965064,0.00052,0.034416,0.926072469804
831000,0.965296,0.000512,0.034192,0.92690545606
832000,0.965536,0.000512,0.033952,0.92690545606
833000,0.96572,0.000496,0.033784,0.92690545606
