1000,0.331248,0.333056,0.335696,0.338817159517
2000,0.33136,0.330952,0.337688,0.339233652645
3000,0.330976,0.3288,0.340224,0.337567680133
4000,0.330784,0.326752,0.342464,0.339025406081
5000,0.330736,0.324376,0.344888,0.342565597668
6000,0.33056,0.32232,0.34712,0.341524364848
7000,0.33032,0.320368,0.349312,0.341940857976
8000,0.330144,0.31804,0.351816,0.342982090796
9000,0.33028,0.315984,0.353736,0.343815077051
10000,0.330168,0.313936,0.355896,0.344023323615
11000,0.330272,0.3116,0.358128,0.345064556435
12000,0.329888,0.309464,0.360648,0.344023323615
13000,0.329552,0.307464,0.362984,0.343606830487
14000,0.329304,0.305232,0.365464,0.345689296127
15000,0.328904,0.303336,0.36776,0.345481049563
16000,0.328592,0.30128,0.370128,0.34693877551
17000,0.328384,0.299256,0.37236,0.34693877551
18000,0.32832,0.29708,0.3746,0.348188254894
19000,0.328032,0.294984,0.376984,0.347355268638
20000,0.327992,0.29292,0.379088,0.346522282382
21000,0.327752,0.291104,0.381144,0.347563515202
22000,0.327584,0.289216,0.3832,0.348396501458
23000,0.32728,0.287312,0.385408,0.348188254894
24000,0.3272,0.28544,0.38736,0.350062473969
25000,0.326784,0.283712,0.389504,0.351311953353
26000,0.326024,0.281808,0.392168,0.350687213661
27000,0.325656,0.280024,0.39432,0.352561432736
28000,0.325696,0.278072,0.396232,0.352561432736
29000,0.32548,0.276112,0.398408,0.356101624323
30000,0.325,0.27416,0.40084,0.356518117451
31000,0.324624,0.27228,0.403096,0.361099541858
32000,0.324272,0.270608,0.40512,0.362349021241
33000,0.323952,0.268624,0.407424,0.362557267805
34000,0.323336,0.266992,0.409672,0.362349021241
35000,0.323016,0.26512,0.411864,0.364223240317
36000,0.322672,0.263128,0.4142,0.366305705956
37000,0.322064,0.261544,0.416392,0.36651395252
38000,0.321528,0.259704,0.418768,0.366305705956
39000,0.321024,0.257848,0.421128,0.366305705956
40000,0.320888,0.255792,0.42332,0.365889212828
41000,0.320536,0.2542,0.425264,0.36651395252
42000,0.320176,0.252416,0.427408,0.369637650979
43000,0.319584,0.250672,0.429744,0.369012911287
44000,0.31904,0.248976,0.431984,0.369637650979
45000,0.318544,0.247336,0.43412,0.369429404415
46000,0.318144,0.24568,0.436176,0.370678883798
47000,0.317432,0.24424,0.438328,0.370678883798
48000,0.316624,0.242576,0.4408,0.370054144107
49000,0.315976,0.241032,0.442992,0.369012911287
50000,0.315848,0.239248,0.444904,0.369845897543
51000,0.315208,0.237824,0.446968,0.369012911287
52000,0.314704,0.236088,0.449208,0.369429404415
53000,0.314064,0.23448,0.451456,0.370262390671
54000,0.313312,0.233016,0.453672,0.370054144107
55000,0.312672,0.23136,0.455968,0.370054144107
56000,0.311984,0.229816,0.4582,0.37234485631
57000,0.311552,0.228264,0.460184,0.373177842566
58000,0.31064,0.226776,0.462584,0.374219075385
59000,0.309792,0.225224,0.464984,0.374427321949
60000,0.309128,0.2236,0.467272,0.375676801333
61000,0.308328,0.22224,0.469432,0.376301541025
62000,0.307456,0.220784,0.47176,0.376718034152
63000,0.307072,0.219208,0.47372,0.376509787589
64000,0.30656,0.217744,0.475696,0.376926280716
65000,0.306088,0.216304,0.477608,0.376093294461
66000,0.305776,0.21476,0.479464,0.379008746356
67000,0.305144,0.2134,0.481456,0.382757184506
68000,0.304616,0.212008,0.483376,0.381091211995
69000,0.30408,0.21052,0.4854,0.380882965431
70000,0.303408,0.209072,0.48752,0.382132444815
71000,0.30288,0.207672,0.489448,0.381924198251
72000,0.302344,0.206184,0.491472,0.387963348605
73000,0.301648,0.204736,0.493616,0.389004581424
74000,0.301208,0.203312,0.49548,0.390462307372
75000,0.30052,0.20188,0.4976,0.390045814244
76000,0.299824,0.2004,0.499776,0.391295293628
77000,0.29912,0.198984,0.501896,0.391503540192
78000,0.298608,0.197616,0.503776,0.394835485214
79000,0.29824,0.196128,0.505632,0.394835485214
80000,0.2974,0.194792,0.507808,0.39670970429
81000,0.29684,0.193336,0.509824,0.39775093711
82000,0.296272,0.192048,0.51168,0.397959183673
83000,0.295552,0.190512,0.513936,0.401707621824
84000,0.294896,0.189144,0.51596,0.402124114952
85000,0.293976,0.187904,0.51812,0.402748854644
86000,0.293264,0.18664,0.520096,0.405664306539
87000,0.292576,0.185328,0.522096,0.40733027905
88000,0.291896,0.183864,0.52424,0.408996251562
89000,0.291088,0.182664,0.526248,0.410870470637
90000,0.29016,0.181472,0.528368,0.411495210329
91000,0.289672,0.18012,0.530208,0.411911703457
92000,0.28888,0.178976,0.532144,0.413577675968
93000,0.28808,0.177432,0.534488,0.414827155352
94000,0.287032,0.176344,0.536624,0.417534360683
95000,0.286232,0.175152,0.538616,0.418783840067
96000,0.285504,0.174056,0.54044,0.421491045398
97000,0.284864,0.1726,0.542536,0.426280716368
98000,0.284352,0.1714,0.544248,0.426488962932
99000,0.283792,0.170344,0.545864,0.428571428571
100000,0.28316,0.169256,0.547584,0.428779675135
101000,0.282248,0.168056,0.549696,0.429404414827
102000,0.281576,0.166928,0.551496,0.431903373594
103000,0.280944,0.16576,0.553296,0.432528113286
104000,0.280376,0.164672,0.554952,0.432528113286
105000,0.279496,0.163432,0.557072,0.433152852978
106000,0.27856,0.16236,0.55908,0.43377759267
107000,0.277944,0.16108,0.560976,0.435027072053
108000,0.277056,0.159896,0.563048,0.435860058309
109000,0.276368,0.15892,0.564712,0.437109537693
110000,0.275592,0.157808,0.5666,0.440441482716
111000,0.2746,0.15676,0.56864,0.440024989588
112000,0.27372,0.155536,0.570744,0.441899208663
113000,0.27328,0.154336,0.572384,0.443356934611
114000,0.272368,0.153304,0.574328,0.44439816743
115000,0.271648,0.152184,0.576168,0.44439816743
116000,0.27084,0.151088,0.578072,0.445022907122
117000,0.270272,0.149912,0.579816,0.446688879633
118000,0.26964,0.148904,0.581456,0.447313619325
119000,0.268792,0.147848,0.58336,0.449812578092
120000,0.268144,0.146736,0.58512,0.450020824656
121000,0.26732,0.14568,0.587,0.45231153686
122000,0.266856,0.144616,0.588528,0.453977509371
123000,0.266136,0.143672,0.590192,0.45605997501
124000,0.26548,0.142624,0.591896,0.456476468138
125000,0.26472,0.141528,0.593752,0.455851728446
126000,0.26368,0.140704,0.595616,0.457934194086
127000,0.262872,0.13952,0.597608,0.459183673469
128000,0.26196,0.138592,0.599448,0.459600166597
129000,0.261328,0.137728,0.600944,0.460641399417
130000,0.260472,0.136768,0.60276,0.461057892545
131000,0.2596,0.135784,0.604616,0.465014577259
132000,0.25872,0.134744,0.606536,0.466472303207
133000,0.25816,0.13388,0.60796,0.467930029155
134000,0.25756,0.132808,0.609632,0.470012494794
135000,0.256776,0.131768,0.611456,0.473552686381
136000,0.255936,0.130728,0.613336,0.476051645148
137000,0.25508,0.129936,0.614984,0.477717617659
138000,0.25436,0.129064,0.616576,0.481882548938
139000,0.253904,0.128248,0.617848,0.483756768013
140000,0.253016,0.127328,0.619656,0.485006247397
141000,0.252176,0.126416,0.621408,0.487505206164
142000,0.251472,0.125544,0.622984,0.48833819242
143000,0.250656,0.12464,0.624704,0.490004164931
144000,0.249704,0.12372,0.626576,0.490004164931
145000,0.248888,0.122816,0.628296,0.492919616826
146000,0.248168,0.121952,0.62988,0.494585589338
147000,0.247472,0.1212,0.631328,0.496043315285
148000,0.246776,0.120328,0.632896,0.496251561849
149000,0.245976,0.119552,0.634472,0.499583506872
150000,0.244992,0.118728,0.63628,0.502498958767
151000,0.244056,0.117936,0.638008,0.50478967097
152000,0.243368,0.11704,0.639592,0.50583090379
153000,0.242472,0.116168,0.64136,0.504997917534
154000,0.241824,0.11524,0.642936,0.506455643482
155000,0.241416,0.11424,0.644344,0.507288629738
156000,0.240464,0.11348,0.646056,0.509995835069
157000,0.239808,0.11264,0.647552,0.511037067888
158000,0.239,0.111832,0.649168,0.513327780092
159000,0.238128,0.111112,0.65076,0.514577259475
160000,0.23728,0.110304,0.652416,0.517076218242
161000,0.236368,0.109504,0.654128,0.520616409829
162000,0.235424,0.108784,0.655792,0.520408163265
163000,0.23476,0.108184,0.657056,0.521865889213
164000,0.234144,0.107416,0.65844,0.523531861724
165000,0.233376,0.106736,0.659888,0.525822573928
166000,0.232672,0.106008,0.66132,0.526447313619
167000,0.231824,0.105288,0.662888,0.5254060808
168000,0.230928,0.104608,0.664464,0.524156601416
169000,0.230368,0.10388,0.665752,0.527280299875
170000,0.22948,0.103256,0.667264,0.53019575177
171000,0.228808,0.102392,0.6688,0.530612244898
172000,0.228128,0.101696,0.670176,0.529987505206
173000,0.227096,0.10096,0.671944,0.53123698459
174000,0.2264,0.10032,0.67328,0.533111203665
175000,0.225672,0.099616,0.674712,0.535193669304
176000,0.22492,0.098968,0.676112,0.535193669304
177000,0.224096,0.098224,0.67768,0.533735943357
178000,0.223408,0.097576,0.679016,0.534777176177
179000,0.222608,0.096816,0.680576,0.536651395252
180000,0.221656,0.096296,0.682048,0.5381091212
181000,0.220808,0.095616,0.683576,0.539983340275
182000,0.220104,0.094816,0.68508,0.542274052478
183000,0.219376,0.094088,0.686536,0.544564764681
184000,0.218744,0.093344,0.687912,0.543315285298
185000,0.21812,0.092808,0.689072,0.545189504373
186000,0.21748,0.092208,0.690312,0.544564764681
187000,0.216456,0.091592,0.691952,0.544981257809
188000,0.215808,0.090968,0.693224,0.545814244065
189000,0.215016,0.090304,0.69468,0.545605997501
190000,0.214352,0.08956,0.696088,0.54768846314
191000,0.213536,0.08904,0.697424,0.547063723449
192000,0.212584,0.088448,0.698968,0.546855476885
193000,0.211584,0.087808,0.700608,0.549354435652
194000,0.21084,0.08712,0.70204,0.549562682216
195000,0.20992,0.086392,0.703688,0.551228654727
196000,0.2094,0.085664,0.704936,0.552269887547
197000,0.208536,0.085,0.706464,0.555810079134
198000,0.207504,0.08448,0.708016,0.557476051645
199000,0.206504,0.084016,0.70948,0.558725531029
200000,0.205848,0.083472,0.71068,0.561849229488
201000,0.205336,0.082888,0.711776,0.563723448563
202000,0.204528,0.082312,0.71316,0.564348188255
203000,0.203856,0.08176,0.714384,0.56622240733
204000,0.202976,0.081112,0.715912,0.56726364015
205000,0.202128,0.080568,0.717304,0.567471886714
206000,0.201384,0.07984,0.718776,0.568513119534
207000,0.200656,0.079224,0.72012,0.570387338609
208000,0.19984,0.078568,0.721592,0.572469804248
209000,0.199128,0.07804,0.722832,0.573927530196
210000,0.198288,0.077584,0.724128,0.576842982091
211000,0.1976,0.077048,0.725352,0.576634735527
212000,0.196752,0.076416,0.726832,0.57788421491
213000,0.195864,0.075872,0.728264,0.582049146189
214000,0.195008,0.07536,0.729632,0.582465639317
215000,0.194168,0.074824,0.731008,0.584548104956
216000,0.193472,0.074288,0.73224,0.58579758434
217000,0.192928,0.073696,0.733376,0.588088296543
218000,0.1922,0.073184,0.734616,0.589754269055
219000,0.191488,0.072656,0.735856,0.594543940025
220000,0.19068,0.0722,0.73712,0.595376926281
221000,0.18996,0.071592,0.738448,0.597875885048
222000,0.189144,0.07096,0.739896,0.600374843815
223000,0.188128,0.070368,0.741504,0.602040816327
224000,0.187448,0.069872,0.74268,0.603706788838
225000,0.186672,0.069424,0.743904,0.607246980425
226000,0.185688,0.068968,0.745344,0.608496459808
227000,0.184752,0.06852,0.746728,0.609745939192
228000,0.18376,0.068088,0.748152,0.613077884215
229000,0.183176,0.067536,0.749288,0.613910870471
230000,0.182192,0.066936,0.750872,0.614535610162
231000,0.181576,0.066416,0.752008,0.615785089546
232000,0.180768,0.065984,0.753248,0.617451062057
233000,0.18004,0.065488,0.754472,0.618700541441
234000,0.179152,0.064936,0.755912,0.619533527697
235000,0.178376,0.06452,0.757104,0.624114952103
236000,0.17772,0.064072,0.758208,0.624531445231
237000,0.176896,0.0636,0.759504,0.626405664307
238000,0.176232,0.063192,0.760576,0.629737609329
239000,0.175464,0.062768,0.761768,0.629945855893
240000,0.17476,0.062352,0.762888,0.631403581841
241000,0.17384,0.061912,0.764248,0.631403581841
242000,0.173088,0.061512,0.7654,0.630570595585
243000,0.172488,0.060912,0.7666,0.632236568097
244000,0.171776,0.060416,0.767808,0.633069554352
245000,0.170976,0.060024,0.769,0.63348604748
246000,0.170112,0.059656,0.770232,0.635360266556
247000,0.169376,0.059296,0.771328,0.636609745939
248000,0.168456,0.058784,0.77276,0.640774677218
249000,0.167576,0.058344,0.77408,0.640774677218
250000,0.166696,0.057912,0.775392,0.642440649729
251000,0.165936,0.057568,0.776496,0.644939608496
252000,0.165144,0.05704,0.777816,0.64618908788
253000,0.164536,0.056512,0.778952,0.648896293211
254000,0.163616,0.056184,0.7802,0.651395251978
255000,0.162744,0.055832,0.781424,0.650770512287
256000,0.161864,0.05532,0.782816,0.651603498542
257000,0.161072,0.054928,0.784,0.652436484798
258000,0.160216,0.054528,0.785256,0.652852977926
259000,0.159456,0.054184,0.78636,0.654935443565
260000,0.158584,0.053776,0.78764,0.656809662641
261000,0.1578,0.053328,0.788872,0.65785089546
262000,0.157152,0.052864,0.789984,0.660349854227
263000,0.156352,0.052512,0.791136,0.663057059559
264000,0.155464,0.052224,0.792312,0.66368179925
265000,0.15468,0.051776,0.793544,0.666389004581
266000,0.153872,0.0514,0.794728,0.667430237401
267000,0.153072,0.051032,0.795896,0.668263223657
268000,0.152456,0.050584,0.79696,0.67055393586
269000,0.15184,0.050168,0.797992,0.67055393586
270000,0.150976,0.049872,0.799152,0.672636401499
271000,0.15032,0.049464,0.800216,0.672636401499
272000,0.149432,0.049072,0.801496,0.674302374011
273000,0.148824,0.048648,0.802528,0.67638483965
274000,0.148152,0.048224,0.803624,0.678467305289
275000,0.147464,0.047736,0.8048,0.680341524365
276000,0.146648,0.047376,0.805976,0.681591003748
277000,0.146024,0.047128,0.806848,0.683673469388
278000,0.145224,0.046776,0.808,0.683673469388
279000,0.144536,0.046416,0.809048,0.684506455643
280000,0.143712,0.04608,0.810208,0.685755935027
281000,0.143144,0.045696,0.81116,0.688254893794
282000,0.142168,0.045296,0.812536,0.689504373178
283000,0.141528,0.045,0.813472,0.691586838817
284000,0.140752,0.044704,0.814544,0.693669304456
285000,0.14004,0.044304,0.815656,0.696168263224
286000,0.139296,0.044024,0.81668,0.697209496043
287000,0.13864,0.043784,0.817576,0.699291961683
288000,0.137856,0.043352,0.818792,0.700541441066
289000,0.137184,0.04304,0.819776,0.700541441066
290000,0.136432,0.042752,0.820816,0.701999167014
291000,0.135744,0.04236,0.821896,0.702832153269
292000,0.134992,0.041984,0.823024,0.703248646397
293000,0.134168,0.041648,0.824184,0.704081632653
294000,0.133536,0.041384,0.82508,0.704498125781
295000,0.132776,0.041048,0.826176,0.707830070804
296000,0.131984,0.040704,0.827312,0.707205331112
297000,0.131272,0.04048,0.828248,0.70866305706
298000,0.13056,0.040192,0.829248,0.70866305706
299000,0.1298,0.039832,0.830368,0.711995002082
300000,0.129304,0.03952,0.831176,0.715535193669
301000,0.128656,0.039208,0.832136,0.715951686797
302000,0.127976,0.038848,0.833176,0.715743440233
303000,0.127424,0.03852,0.834056,0.717409412745
304000,0.126808,0.038216,0.834976,0.718242399
305000,0.126256,0.03788,0.835864,0.718658892128
306000,0.125664,0.037632,0.836704,0.71928363182
307000,0.12504,0.037256,0.837704,0.722407330279
308000,0.124312,0.03696,0.838728,0.721574344023
309000,0.12364,0.036616,0.839744,0.721782590587
310000,0.123144,0.036336,0.84052,0.719908371512
311000,0.122472,0.036088,0.84144,0.722199083715
312000,0.121776,0.035792,0.842432,0.722823823407
313000,0.121072,0.035488,0.84344,0.726364014994
314000,0.120472,0.035176,0.844352,0.727613494377
315000,0.119712,0.034928,0.84536,0.729904206581
316000,0.119024,0.034632,0.846344,0.728238234069
317000,0.11832,0.03436,0.84732,0.729695960017
318000,0.117632,0.034144,0.848224,0.729071220325
319000,0.117008,0.03388,0.849112,0.729904206581
320000,0.116288,0.03368,0.850032,0.733652644731
321000,0.11568,0.03336,0.85096,0.735735110371
322000,0.114856,0.033136,0.852008,0.736568096626
323000,0.114184,0.032832,0.852984,0.739275301958
324000,0.113608,0.03252,0.853872,0.742190753853
325000,0.112912,0.032264,0.854824,0.742190753853
326000,0.112104,0.032024,0.855872,0.74468971262
327000,0.11124,0.031712,0.857048,0.748021657643
328000,0.1106,0.031472,0.857928,0.750728862974
329000,0.110112,0.031264,0.858624,0.752394835485
330000,0.109608,0.031048,0.859344,0.755518533944
331000,0.109064,0.030776,0.86016,0.758017492711
332000,0.108512,0.030528,0.86096,0.758017492711
333000,0.107968,0.030208,0.861824,0.758017492711
334000,0.10732,0.029952,0.862728,0.760516451479
335000,0.106824,0.029768,0.863408,0.761557684298
336000,0.106136,0.029536,0.864328,0.762390670554
337000,0.10556,0.02932,0.86512,0.764889629321
338000,0.105088,0.02912,0.865792,0.766347355269
339000,0.104464,0.028968,0.866568,0.766347355269
340000,0.103928,0.028848,0.867224,0.767805081216
341000,0.103336,0.028616,0.868048,0.769471053728
342000,0.102744,0.0284,0.868856,0.770304039983
343000,0.102128,0.028184,0.869688,0.771970012495
344000,0.101424,0.027968,0.870608,0.77384423157
345000,0.1008,0.02784,0.87136,0.775510204082
346000,0.100136,0.0276,0.872264,0.777592669721
347000,0.099608,0.027392,0.873,0.777384423157
348000,0.099088,0.027176,0.873736,0.778217409413
349000,0.098496,0.026984,0.87452,0.780508121616
350000,0.09796,0.02676,0.87528,0.781549354436
351000,0.097312,0.026584,0.876104,0.781549354436
352000,0.096776,0.0264,0.876824,0.783631820075
353000,0.096304,0.026224,0.877472,0.783423573511
354000,0.095832,0.026064,0.878104,0.785089546022
355000,0.095328,0.025888,0.878784,0.784881299459
356000,0.094728,0.02568,0.879592,0.785922532278
357000,0.0942,0.025528,0.880272,0.786755518534
358000,0.093632,0.025384,0.880984,0.788213244481
359000,0.092968,0.025208,0.881824,0.789462723865
360000,0.09244,0.025048,0.882512,0.790503956685
361000,0.091808,0.02484,0.883352,0.791545189504
362000,0.091184,0.024648,0.884168,0.794252394835
363000,0.090696,0.02448,0.884824,0.795085381091
364000,0.090136,0.024304,0.88556,0.795085381091
365000,0.089624,0.024184,0.886192,0.794877134527
366000,0.089088,0.024016,0.886896,0.796334860475
367000,0.088536,0.023864,0.8876,0.798833819242
368000,0.087968,0.02368,0.888352,0.799666805498
369000,0.0874,0.023488,0.889112,0.800083298626
370000,0.08676,0.023192,0.890048,0.800916284881
371000,0.086272,0.023,0.890728,0.800916284881
372000,0.085744,0.022832,0.891424,0.801749271137
373000,0.085288,0.022656,0.892056,0.803415243648
374000,0.084776,0.022488,0.892736,0.805497709288
375000,0.084264,0.022312,0.893424,0.806330695544
376000,0.083832,0.022248,0.89392,0.807163681799
377000,0.083432,0.02208,0.894488,0.808829654311
378000,0.083048,0.021856,0.895096,0.81091211995
379000,0.08252,0.021616,0.895864,0.81091211995
380000,0.081888,0.02144,0.896672,0.814244064973
381000,0.081304,0.021304,0.897392,0.814244064973
382000,0.080744,0.021168,0.898088,0.814660558101
383000,0.080104,0.02096,0.898936,0.815077051229
384000,0.07956,0.020792,0.899648,0.81778425656
385000,0.079136,0.020648,0.900216,0.817367763432
386000,0.078544,0.02052,0.900936,0.817367763432
387000,0.078008,0.02036,0.901632,0.818200749688
388000,0.07744,0.020192,0.902368,0.821324448147
389000,0.07704,0.02008,0.90288,0.820907955019
390000,0.076656,0.019888,0.903456,0.823198667222
391000,0.07604,0.019792,0.904168,0.825072886297
392000,0.07564,0.019656,0.904704,0.828196584756
393000,0.07504,0.019472,0.905488,0.82944606414
394000,0.074616,0.019304,0.90608,0.82944606414
395000,0.074312,0.019176,0.906512,0.831112036651
396000,0.073664,0.019064,0.907272,0.832778009163
397000,0.07324,0.018848,0.907912,0.834652228238
398000,0.072728,0.018744,0.908528,0.836734693878
399000,0.072256,0.018592,0.909152,0.836734693878
400000,0.071768,0.018472,0.90976,0.837567680133
401000,0.071264,0.018392,0.910344,0.838817159517
402000,0.07088,0.018256,0.910864,0.8400666389
403000,0.070504,0.018144,0.911352,0.84110787172
404000,0.070136,0.018,0.911864,0.841940857976
405000,0.069744,0.0178,0.912456,0.843398583923
406000,0.06936,0.017656,0.912984,0.844439816743
407000,0.068984,0.0176,0.913416,0.843606830487
408000,0.06856,0.017448,0.913992,0.843815077051
409000,0.068144,0.01732,0.914536,0.843815077051
410000,0.067672,0.017152,0.915176,0.844648063307
411000,0.067328,0.017016,0.915656,0.844648063307
412000,0.06688,0.016832,0.916288,0.845481049563
413000,0.066408,0.016704,0.916888,0.847147022074
414000,0.066016,0.016592,0.917392,0.84798000833
415000,0.06556,0.016432,0.918008,0.850062473969
416000,0.065272,0.01632,0.918408,0.850895460225
417000,0.064952,0.016216,0.918832,0.850062473969
418000,0.064664,0.016056,0.91928,0.849645980841
419000,0.064184,0.015944,0.919872,0.851311953353
420000,0.063848,0.015768,0.920384,0.852977925864
421000,0.063392,0.015648,0.92096,0.853394418992
422000,0.06284,0.015536,0.921624,0.854227405248
423000,0.062504,0.015416,0.92208,0.85381091212
424000,0.062008,0.015344,0.922648,0.854643898376
425000,0.061656,0.015224,0.92312,0.855685131195
426000,0.061224,0.015128,0.923648,0.855685131195
427000,0.0608,0.015024,0.924176,0.857142857143
428000,0.060416,0.014936,0.924648,0.858392336526
429000,0.060088,0.014864,0.925048,0.858392336526
430000,0.05976,0.014776,0.925464,0.858392336526
431000,0.059408,0.014624,0.925968,0.859225322782
432000,0.059008,0.01456,0.926432,0.859225322782
433000,0.058504,0.014432,0.927064,0.859225322782
434000,0.058144,0.014288,0.927568,0.860891295294
435000,0.057784,0.014152,0.928064,0.861724281549
436000,0.057496,0.01404,0.928464,0.862140774677
437000,0.057224,0.013968,0.928808,0.863806747189
438000,0.056848,0.013872,0.92928,0.86443148688
439000,0.0564,0.01376,0.92984,0.86443148688
440000,0.05596,0.013648,0.930392,0.865889212828
441000,0.055648,0.013576,0.930776,0.865889212828
442000,0.055312,0.01348,0.931208,0.865889212828
443000,0.05496,0.013376,0.931664,0.867555185339
444000,0.054728,0.013296,0.931976,0.868179925031
445000,0.054328,0.01316,0.932512,0.870054144107
446000,0.054032,0.013088,0.93288,0.870678883798
447000,0.053848,0.012984,0.933168,0.872553102874
448000,0.05356,0.01288,0.93356,0.872553102874
449000,0.05324,0.012792,0.933968,0.87338608913
450000,0.052928,0.012704,0.934368,0.87338608913
451000,0.052584,0.012624,0.934792,0.875468554769
452000,0.052248,0.012512,0.93524,0.87713452728
453000,0.05192,0.012376,0.935704,0.87713452728
454000,0.051632,0.012304,0.936064,0.877967513536
455000,0.051232,0.01224,0.936528,0.879008746356
456000,0.050936,0.012168,0.936896,0.879008746356
457000,0.05064,0.012016,0.937344,0.879841732611
458000,0.050384,0.01192,0.937696,0.879841732611
459000,0.050104,0.0118,0.938096,0.881507705123
460000,0.049776,0.011712,0.938512,0.882340691379
461000,0.04944,0.011608,0.938952,0.882548937943
462000,0.04904,0.011464,0.939496,0.882757184506
463000,0.04872,0.011416,0.939864,0.883590170762
464000,0.0484,0.011296,0.940304,0.88400666389
465000,0.048136,0.011232,0.940632,0.88504789671
466000,0.047784,0.011112,0.941104,0.885880882965
467000,0.047496,0.011056,0.941448,0.885880882965
468000,0.04712,0.011032,0.941848,0.885464389838
469000,0.046696,0.010968,0.942336,0.886297376093
470000,0.046376,0.01088,0.942744,0.887546855477
471000,0.046016,0.010784,0.9432,0.890045814244
472000,0.045776,0.010648,0.943576,0.889212827988
473000,0.04556,0.010592,0.943848,0.889629321116
474000,0.045264,0.010504,0.944232,0.889629321116
475000,0.044912,0.010432,0.944656,0.889212827988
476000,0.044472,0.01032,0.945208,0.889421074552
477000,0.044136,0.010224,0.94564,0.891087047064
478000,0.04388,0.010168,0.945952,0.891920033319
479000,0.043536,0.010088,0.946376,0.893169512703
480000,0.043312,0.01,0.946688,0.894002498959
481000,0.043064,0.009992,0.946944,0.894002498959
482000,0.042752,0.009928,0.94732,0.895251978342
483000,0.04248,0.009816,0.947704,0.896293211162
484000,0.042224,0.009736,0.94804,0.896293211162
485000,0.04188,0.009656,0.948464,0.896501457726
486000,0.041584,0.009608,0.948808,0.89670970429
487000,0.04136,0.009544,0.949096,0.897542690546
488000,0.040976,0.009448,0.949576,0.898375676801
489000,0.040784,0.0094,0.949816,0.899208663057
490000,0.040456,0.009296,0.950248,0.900874635569
491000,0.040248,0.009184,0.950568,0.900874635569
492000,0.039976,0.009112,0.950912,0.900874635569
493000,0.03968,0.009056,0.951264,0.901291128696
494000,0.039424,0.009008,0.951568,0.901291128696
495000,0.0392,0.00892,0.95188,0.902957101208
496000,0.039008,0.00884,0.952152,0.902957101208
497000,0.03868,0.0088,0.95252,0.903790087464
498000,0.03844,0.008704,0.952856,0.904623073719
499000,0.03816,0.008608,0.953232,0.904623073719
500000,0.037832,0.008536,0.953632,0.905039566847
