1000,0.334136,0.332896,0.332968,0.337567680133
2000,0.33608,0.331032,0.332888,0.337775926697
3000,0.337792,0.329168,0.33304,0.336526447314
4000,0.339448,0.327312,0.33324,0.336526447314
5000,0.341168,0.325216,0.333616,0.337151187005
6000,0.342928,0.3232,0.333872,0.339025406081
7000,0.344912,0.321296,0.333792,0.338608912953
8000,0.34636,0.319392,0.334248,0.339858392337
9000,0.34804,0.317344,0.334616,0.339650145773
10000,0.349496,0.315656,0.334848,0.339441899209
11000,0.351408,0.313528,0.335064,0.339441899209
12000,0.353064,0.311832,0.335104,0.341732611412
13000,0.35444,0.310024,0.335536,0.343606830487
14000,0.356024,0.308216,0.33576,0.342773844232
15000,0.35776,0.3062,0.33604,0.344023323615
16000,0.358984,0.304488,0.336528,0.344648063307
17000,0.360592,0.302504,0.336904,0.344856309871
18000,0.361624,0.300736,0.33764,0.345272802999
19000,0.363104,0.298856,0.33804,0.345689296127
20000,0.364752,0.296952,0.338296,0.347771761766
21000,0.366672,0.295088,0.33824,0.349229487713
22000,0.36844,0.293256,0.338304,0.348812994586
23000,0.370144,0.291552,0.338304,0.350270720533
24000,0.371888,0.289776,0.338336,0.351103706789
25000,0.373392,0.287888,0.33872,0.350062473969
26000,0.37496,0.2862,0.33884,0.351311953353
27000,0.376784,0.284272,0.338944,0.354019158684
28000,0.378216,0.282408,0.339376,0.353186172428
29000,0.379648,0.280536,0.339816,0.352977925864
30000,0.38128,0.278616,0.340104,0.35381091212
31000,0.382896,0.276888,0.340216,0.355268638067
32000,0.384416,0.275248,0.340336,0.355476884631
33000,0.385792,0.27348,0.340728,0.357142857143
34000,0.387536,0.27164,0.340824,0.355893377759
35000,0.38944,0.27008,0.34048,0.356101624323
36000,0.390784,0.268568,0.340648,0.358184089963
37000,0.39204,0.267048,0.340912,0.357767596835
38000,0.393664,0.265344,0.340992,0.359433569346
39000,0.395216,0.263328,0.341456,0.359017076218
40000,0.3964,0.262008,0.341592,0.360891295294
41000,0.39788,0.260528,0.341592,0.358184089963
42000,0.399376,0.25896,0.341664,0.356934610579
43000,0.400768,0.257528,0.341704,0.357351103707
44000,0.402064,0.256184,0.341752,0.356726364015
45000,0.403584,0.25456,0.341856,0.358184089963
46000,0.405024,0.252976,0.342,0.35964181591
47000,0.4066,0.251336,0.342064,0.361724281549
48000,0.40832,0.249728,0.341952,0.36068304873
49000,0.409824,0.248208,0.341968,0.361516034985
50000,0.411216,0.24656,0.342224,0.360891295294
51000,0.412808,0.245128,0.342064,0.361932528113
52000,0.414368,0.243824,0.341808,0.362140774677
53000,0.41596,0.24224,0.3418,0.361516034985
54000,0.417424,0.240952,0.341624,0.363390254061
55000,0.418856,0.239344,0.3418,0.365680966264
56000,0.420184,0.237688,0.342128,0.36651395252
57000,0.421608,0.236208,0.342184,0.367971678467
58000,0.42328,0.234728,0.341992,0.370470637234
59000,0.424744,0.233224,0.342032,0.370678883798
60000,0.425984,0.231944,0.342072,0.370887130362
61000,0.42764,0.230568,0.341792,0.37338608913
62000,0.42916,0.229096,0.341744,0.373802582257
63000,0.430808,0.227792,0.3414,0.374010828821
64000,0.431824,0.226408,0.341768,0.377551020408
65000,0.43344,0.225056,0.341504,0.377967513536
66000,0.434496,0.22368,0.341824,0.37921699292
67000,0.436136,0.222416,0.341448,0.380049979175
68000,0.437632,0.221072,0.341296,0.380674718867
69000,0.439064,0.219672,0.341264,0.383173677634
70000,0.440176,0.218472,0.341352,0.383590170762
71000,0.4414,0.216936,0.341664,0.383381924198
72000,0.442712,0.215432,0.341856,0.38400666389
73000,0.444056,0.214072,0.341872,0.386505622657
74000,0.445328,0.21276,0.341912,0.386089129529
75000,0.446728,0.211552,0.34172,0.386297376093
76000,0.448096,0.210328,0.341576,0.386713869221
77000,0.449504,0.209064,0.341432,0.3908788005
78000,0.45072,0.207768,0.341512,0.390670553936
79000,0.452248,0.206408,0.341344,0.390462307372
80000,0.453408,0.205,0.341592,0.390045814244
81000,0.454696,0.203672,0.341632,0.391295293628
82000,0.455976,0.202536,0.341488,0.392336526447
83000,0.457296,0.201192,0.341512,0.392961266139
84000,0.458808,0.199912,0.34128,0.394210745523
85000,0.459984,0.198776,0.34124,0.393377759267
86000,0.461432,0.197408,0.34116,0.395043731778
87000,0.4624,0.196248,0.341352,0.393586005831
88000,0.463808,0.194784,0.341408,0.393377759267
89000,0.4652,0.193448,0.341352,0.394210745523
90000,0.466536,0.192184,0.34128,0.394627238651
91000,0.4676,0.19076,0.34164,0.394418992087
92000,0.468872,0.189584,0.341544,0.394418992087
93000,0.46976,0.188592,0.341648,0.393377759267
94000,0.470912,0.187344,0.341744,0.392961266139
95000,0.472024,0.186232,0.341744,0.393586005831
96000,0.473096,0.184944,0.34196,0.393794252395
97000,0.474504,0.183784,0.341712,0.393169512703
98000,0.47568,0.18276,0.34156,0.395460224906
99000,0.476896,0.181592,0.341512,0.396084964598
100000,0.478016,0.180528,0.341456,0.396084964598
101000,0.47892,0.179248,0.341832,0.396293211162
102000,0.480128,0.17804,0.341832,0.397959183673
103000,0.481344,0.17672,0.341936,0.396917950854
104000,0.482464,0.175664,0.341872,0.399000416493
105000,0.483536,0.174536,0.341928,0.400041649313
106000,0.484496,0.173448,0.342056,0.401707621824
107000,0.485808,0.172328,0.341864,0.402957101208
108000,0.486824,0.171248,0.341928,0.403790087464
109000,0.487824,0.170208,0.341968,0.4035818409
110000,0.488976,0.169056,0.341968,0.404623073719
111000,0.490448,0.168048,0.341504,0.404623073719
112000,0.49204,0.166744,0.341216,0.4035818409
113000,0.493072,0.165736,0.341192,0.406497292795
114000,0.493864,0.164768,0.341368,0.408788004998
115000,0.494856,0.163808,0.341336,0.40837151187
116000,0.496352,0.162656,0.340992,0.409829237818
117000,0.497424,0.161672,0.340904,0.410037484382
118000,0.49848,0.160712,0.340808,0.409829237818
119000,0.499632,0.159664,0.340704,0.409204498126
120000,0.500824,0.158536,0.34064,0.410037484382
121000,0.501984,0.1574,0.340616,0.411078717201
122000,0.502928,0.156368,0.340704,0.412119950021
123000,0.50404,0.15512,0.34084,0.415868388172
124000,0.50516,0.154088,0.340752,0.415660141608
125000,0.506248,0.153136,0.340616,0.417117867555
126000,0.507248,0.152064,0.340688,0.417950853811
127000,0.50816,0.151056,0.340784,0.418783840067
128000,0.50936,0.149904,0.340736,0.420449812578
129000,0.510464,0.14892,0.340616,0.421282798834
130000,0.511624,0.14808,0.340296,0.422532278217
131000,0.512616,0.147104,0.34028,0.423365264473
132000,0.513992,0.146168,0.33984,0.424614743857
133000,0.515392,0.14512,0.339488,0.428154935444
134000,0.516504,0.144128,0.339368,0.428987921699
135000,0.517784,0.143048,0.339168,0.430862140775
136000,0.518832,0.142088,0.33908,0.430862140775
137000,0.51988,0.141192,0.338928,0.433152852978
138000,0.521,0.140144,0.338856,0.433569346106
139000,0.522088,0.13912,0.338792,0.432319866722
140000,0.522912,0.138224,0.338864,0.432111620158
141000,0.523992,0.137176,0.338832,0.434402332362
142000,0.525224,0.136328,0.338448,0.432944606414
143000,0.526448,0.13536,0.338192,0.43273635985
144000,0.52752,0.134448,0.338032,0.432528113286
145000,0.528464,0.133624,0.337912,0.433569346106
146000,0.529216,0.132856,0.337928,0.435027072053
147000,0.530704,0.131808,0.337488,0.435651811745
148000,0.531632,0.131056,0.337312,0.436068304873
149000,0.532824,0.130176,0.337,0.43752603082
150000,0.533816,0.129312,0.336872,0.438150770512
151000,0.534824,0.128392,0.336784,0.437942523948
152000,0.536,0.127536,0.336464,0.438359017076
153000,0.536712,0.126792,0.336496,0.439192003332
154000,0.53764,0.126096,0.336264,0.440441482716
155000,0.538712,0.125304,0.335984,0.43856726364
156000,0.53976,0.124592,0.335648,0.440649729279
157000,0.540904,0.123648,0.335448,0.441482715535
158000,0.541936,0.12284,0.335224,0.441274468971
159000,0.543048,0.121904,0.335048,0.441899208663
160000,0.543808,0.121208,0.334984,0.441690962099
161000,0.54464,0.120424,0.334936,0.442315701791
162000,0.545584,0.119512,0.334904,0.44439816743
163000,0.546488,0.11872,0.334792,0.445022907122
164000,0.547472,0.11788,0.334648,0.448771345273
165000,0.5486,0.117016,0.334384,0.448563098709
166000,0.549512,0.116184,0.334304,0.450437317784
167000,0.550368,0.115368,0.334264,0.45231153686
168000,0.55128,0.114616,0.334104,0.449187838401
169000,0.552072,0.113872,0.334056,0.449396084965
170000,0.553048,0.11316,0.333792,0.454602249063
171000,0.554152,0.11244,0.333408,0.456684714702
172000,0.555336,0.111488,0.333176,0.456476468138
173000,0.556536,0.110624,0.33284,0.457517700958
174000,0.557392,0.109952,0.332656,0.459183673469
175000,0.558544,0.109176,0.33228,0.460433152853
176000,0.559832,0.108256,0.331912,0.459808413161
177000,0.560616,0.107584,0.3318,0.460849645981
178000,0.561456,0.106848,0.331696,0.461682632237
179000,0.562624,0.106096,0.33128,0.464598084132
180000,0.563704,0.105272,0.331024,0.467305289463
181000,0.564744,0.104496,0.33076,0.468971261974
182000,0.565696,0.1036,0.330704,0.468971261974
183000,0.566568,0.103056,0.330376,0.470012494794
184000,0.567456,0.102432,0.330112,0.46980424823
185000,0.56836,0.101688,0.329952,0.473552686381
186000,0.569296,0.100904,0.3298,0.47563515202
187000,0.570008,0.100296,0.329696,0.475843398584
188000,0.57092,0.0996,0.32948,0.478550603915
189000,0.571696,0.098944,0.32936,0.478967097043
190000,0.572528,0.098272,0.3292,0.478550603915
191000,0.573408,0.097696,0.328896,0.477925864223
192000,0.574032,0.097176,0.328792,0.477509371095
193000,0.575192,0.09648,0.328328,0.478342357351
194000,0.57604,0.095768,0.328192,0.476468138276
195000,0.576992,0.095232,0.327776,0.478758850479
196000,0.578032,0.094512,0.327456,0.481049562682
197000,0.578704,0.093976,0.32732,0.481674302374
198000,0.579632,0.093328,0.32704,0.485006247397
199000,0.580504,0.0928,0.326696,0.483965014577
200000,0.58148,0.092152,0.326368,0.481882548938
201000,0.582632,0.091432,0.325936,0.485006247397
202000,0.583552,0.090872,0.325576,0.485839233653
203000,0.584696,0.090128,0.325176,0.490212411495
204000,0.585448,0.089464,0.325088,0.492294877135
205000,0.586352,0.088976,0.324672,0.492503123698
206000,0.587264,0.088504,0.324232,0.491461890879
207000,0.588128,0.087864,0.324008,0.493752603082
208000,0.589072,0.08724,0.323688,0.49416909621
209000,0.58996,0.08668,0.32336,0.495002082466
210000,0.590944,0.086024,0.323032,0.497501041233
211000,0.592016,0.08536,0.322624,0.498750520616
212000,0.593008,0.084776,0.322216,0.499791753436
213000,0.593824,0.08428,0.321896,0.499791753436
214000,0.594928,0.083656,0.321416,0.498750520616
215000,0.596088,0.083056,0.320856,0.500624739692
216000,0.596952,0.082488,0.32056,0.50478967097
217000,0.597784,0.081864,0.320352,0.501665972511
218000,0.599104,0.08124,0.319656,0.502290712203
219000,0.59964,0.080696,0.319664,0.503123698459
220000,0.60044,0.08016,0.3194,0.504997917534
221000,0.601312,0.079536,0.319152,0.507496876302
222000,0.60224,0.079,0.31876,0.508329862557
223000,0.603016,0.078296,0.318688,0.510204081633
224000,0.603944,0.077624,0.318432,0.510828821324
225000,0.604736,0.077128,0.318136,0.513327780092
226000,0.605592,0.076648,0.31776,0.514577259475
227000,0.606304,0.076104,0.317592,0.514160766347
228000,0.60732,0.075496,0.317184,0.514993752603
229000,0.608048,0.074976,0.316976,0.51749271137
230000,0.608664,0.074472,0.316864,0.518950437318
231000,0.60952,0.074056,0.316424,0.518325697626
232000,0.61048,0.073592,0.315928,0.518117451062
233000,0.611464,0.07312,0.315416,0.521032902957
234000,0.612408,0.07272,0.314872,0.523740108288
235000,0.613376,0.072296,0.314328,0.524573094544
236000,0.614368,0.0718,0.313832,0.52436484798
237000,0.614984,0.07132,0.313696,0.524156601416
238000,0.615728,0.070968,0.313304,0.524781341108
239000,0.616944,0.07044,0.312616,0.524573094544
240000,0.6178,0.06996,0.31224,0.526030820491
241000,0.618736,0.069432,0.311832,0.526863806747
242000,0.619664,0.068808,0.311528,0.528946272387
243000,0.62052,0.068352,0.311128,0.528529779259
244000,0.621632,0.067896,0.310472,0.529362765514
245000,0.622712,0.0674,0.309888,0.532069970845
246000,0.623608,0.067,0.309392,0.534568929613
247000,0.624312,0.066688,0.309,0.535610162432
248000,0.625064,0.066336,0.3086,0.533735943357
249000,0.626,0.065872,0.308128,0.533111203665
250000,0.626936,0.065448,0.307616,0.532069970845
251000,0.627824,0.064904,0.307272,0.533319450229
252000,0.62876,0.064504,0.306736,0.533111203665
253000,0.629816,0.064016,0.306168,0.534152436485
254000,0.630528,0.06372,0.305752,0.534568929613
255000,0.631288,0.06348,0.305232,0.534985422741
256000,0.632072,0.063016,0.304912,0.537900874636
257000,0.632816,0.062624,0.30456,0.53706788838
258000,0.634,0.062088,0.303912,0.539150354019
259000,0.63492,0.061528,0.303552,0.540816326531
260000,0.635904,0.061096,0.303,0.542065805914
261000,0.636688,0.060608,0.302704,0.54289879217
262000,0.637368,0.060224,0.302408,0.544564764681
263000,0.638376,0.05976,0.301864,0.545189504373
264000,0.639448,0.05928,0.301272,0.545605997501
265000,0.640408,0.058912,0.30068,0.546230737193
266000,0.641376,0.058464,0.30016,0.548937942524
267000,0.642144,0.058072,0.299784,0.550603915035
268000,0.643216,0.057728,0.299056,0.551228654727
269000,0.644112,0.057344,0.298544,0.552269887547
270000,0.645024,0.056992,0.297984,0.553935860058
271000,0.645888,0.056568,0.297544,0.55560183257
272000,0.64656,0.056208,0.297232,0.555810079134
273000,0.647512,0.055824,0.296664,0.556851311953
274000,0.648616,0.055432,0.295952,0.556018325698
275000,0.649448,0.054984,0.295568,0.559558517284
276000,0.650232,0.05464,0.295128,0.562057476052
277000,0.651312,0.054096,0.294592,0.564764681383
278000,0.652184,0.053744,0.294072,0.565597667638
279000,0.653104,0.05336,0.293536,0.566014160766
280000,0.653984,0.053016,0.293,0.565597667638
281000,0.654584,0.052544,0.292872,0.564972927947
282000,0.655568,0.052184,0.292248,0.566638900458
283000,0.65648,0.051848,0.291672,0.56830487297
284000,0.657328,0.051512,0.29116,0.569554352353
285000,0.65832,0.051168,0.290512,0.571428571429
286000,0.659072,0.050832,0.290096,0.571428571429
287000,0.65988,0.050528,0.289592,0.571845064556
288000,0.660688,0.050136,0.289176,0.576009995835
289000,0.661544,0.0498,0.288656,0.574552269888
290000,0.6624,0.049472,0.288128,0.576426488963
291000,0.663608,0.048984,0.287408,0.577675968347
292000,0.664576,0.048648,0.286776,0.580174927114
293000,0.665568,0.048272,0.28616,0.580591420242
294000,0.666696,0.047904,0.2854,0.580174927114
295000,0.66744,0.04764,0.28492,0.580383173678
296000,0.668328,0.04724,0.284432,0.57996668055
297000,0.669344,0.04696,0.283696,0.582882132445
298000,0.670424,0.046504,0.283072,0.584964598084
299000,0.671648,0.046088,0.282264,0.58683881716
300000,0.67276,0.045728,0.281512,0.587671803415
301000,0.673672,0.045464,0.280864,0.588296543107
302000,0.674576,0.045224,0.2802,0.589962515618
303000,0.675256,0.044912,0.279832,0.589754269055
304000,0.676088,0.044568,0.279344,0.589754269055
305000,0.676784,0.044288,0.278928,0.591211995002
306000,0.677576,0.043984,0.27844,0.592877967514
307000,0.678664,0.043728,0.277608,0.593086214077
308000,0.679728,0.043456,0.276816,0.595376926281
309000,0.680384,0.043168,0.276448,0.597042898792
310000,0.681224,0.042808,0.275968,0.595793419409
311000,0.682224,0.042456,0.27532,0.597042898792
312000,0.683,0.042216,0.274784,0.598708871304
313000,0.683984,0.04188,0.274136,0.600166597251
314000,0.68496,0.041648,0.273392,0.60329029571
315000,0.685904,0.041304,0.272792,0.604956268222
316000,0.686792,0.040944,0.272264,0.604956268222
317000,0.68772,0.040712,0.271568,0.603706788838
318000,0.688504,0.040448,0.271048,0.605997501041
319000,0.689088,0.04012,0.270792,0.60433152853
320000,0.689824,0.039864,0.270312,0.60433152853
321000,0.690776,0.039608,0.269616,0.608496459808
322000,0.691744,0.039368,0.268888,0.608288213244
323000,0.692376,0.03908,0.268544,0.61016243232
324000,0.693224,0.03876,0.268016,0.611828404831
325000,0.693976,0.038512,0.267512,0.613494377343
326000,0.695176,0.038232,0.266592,0.61495210329
327000,0.696248,0.037928,0.265824,0.61599333611
328000,0.697144,0.037672,0.265184,0.615160349854
329000,0.69804,0.037384,0.264576,0.613702623907
330000,0.698936,0.037152,0.263912,0.61703456893
331000,0.69992,0.036848,0.263232,0.618700541441
332000,0.700816,0.036576,0.262608,0.618908788005
333000,0.701624,0.036296,0.26208,0.619533527697
334000,0.70248,0.035992,0.261528,0.619533527697
335000,0.703336,0.035712,0.260952,0.620366513953
336000,0.703952,0.035472,0.260576,0.620574760516
337000,0.704936,0.035216,0.259848,0.623281965848
338000,0.705608,0.035008,0.259384,0.626822157434
339000,0.7066,0.034792,0.258608,0.62661391087
340000,0.707576,0.034456,0.257968,0.624947938359
341000,0.708664,0.03424,0.257096,0.624114952103
342000,0.709448,0.034016,0.256536,0.624947938359
343000,0.710304,0.03376,0.255936,0.629737609329
344000,0.711112,0.033616,0.255272,0.629321116202
345000,0.711928,0.03332,0.254752,0.632653061224
346000,0.712776,0.03308,0.254144,0.6345272803
347000,0.713472,0.032904,0.253624,0.63556851312
348000,0.714432,0.032632,0.252936,0.635985006247
349000,0.715384,0.032336,0.25228,0.634943773428
350000,0.716136,0.032072,0.251792,0.635776759683
351000,0.717048,0.031816,0.251136,0.634943773428
352000,0.71788,0.031568,0.250552,0.639941690962
353000,0.718944,0.031352,0.249704,0.640566430654
354000,0.719808,0.031104,0.249088,0.640982923782
355000,0.72096,0.030832,0.248208,0.644731361933
356000,0.721824,0.03056,0.247616,0.64514785506
357000,0.72268,0.03032,0.247,0.645772594752
358000,0.72384,0.030136,0.246024,0.647022074136
359000,0.724624,0.029944,0.245432,0.648271553519
360000,0.72568,0.029712,0.244608,0.650770512287
361000,0.726464,0.02956,0.243976,0.650562265723
362000,0.727328,0.029416,0.243256,0.651187005414
363000,0.728312,0.029208,0.24248,0.652644731362
364000,0.72924,0.028968,0.241792,0.656601416077
365000,0.730184,0.028736,0.24108,0.656393169513
366000,0.73088,0.028472,0.240648,0.658059142024
367000,0.731656,0.028232,0.240112,0.660558100791
368000,0.732528,0.028072,0.2394,0.663265306122
369000,0.73348,0.027872,0.238648,0.662640566431
370000,0.734488,0.027552,0.23796,0.66368179925
371000,0.735256,0.02732,0.237424,0.662432319867
372000,0.736136,0.02712,0.236744,0.663265306122
373000,0.736872,0.026888,0.23624,0.663265306122
374000,0.737904,0.026704,0.235392,0.664098292378
375000,0.738936,0.026472,0.234592,0.664931278634
376000,0.739928,0.026224,0.233848,0.665556018326
377000,0.740872,0.026032,0.233096,0.667013744273
378000,0.741576,0.025848,0.232576,0.668471470221
379000,0.742424,0.025704,0.231872,0.669096209913
380000,0.743352,0.02548,0.231168,0.672428154935
381000,0.7442,0.025152,0.230648,0.672011661808
382000,0.74508,0.024992,0.229928,0.671386922116
383000,0.74592,0.0248,0.22928,0.67159516868
384000,0.746656,0.024576,0.228768,0.672428154935
385000,0.747568,0.024368,0.228064,0.671386922116
386000,0.748432,0.0242,0.227368,0.673261141191
387000,0.749272,0.024064,0.226664,0.673261141191
388000,0.750352,0.023848,0.2258,0.675760099958
389000,0.751408,0.023616,0.224976,0.676176593086
390000,0.752328,0.023408,0.224264,0.679508538109
391000,0.753048,0.023272,0.22368,0.681799250312
392000,0.753872,0.023104,0.223024,0.685339441899
393000,0.754816,0.022992,0.222192,0.685131195335
394000,0.755464,0.022768,0.221768,0.686588921283
395000,0.756376,0.022592,0.221032,0.687630154102
396000,0.757288,0.0224,0.220312,0.687838400666
397000,0.758072,0.022232,0.219696,0.686588921283
398000,0.758984,0.02212,0.218896,0.689296126614
399000,0.760056,0.02196,0.217984,0.689920866306
400000,0.760744,0.0218,0.217456,0.69012911287
401000,0.76172,0.021632,0.216648,0.691586838817
402000,0.762584,0.021456,0.21596,0.69387755102
403000,0.76336,0.021264,0.215376,0.694502290712
404000,0.764184,0.02108,0.214736,0.696376509788
405000,0.765024,0.02088,0.214096,0.697209496043
406000,0.76572,0.020752,0.213528,0.698042482299
407000,0.766528,0.020592,0.21288,0.698875468555
408000,0.76728,0.020392,0.212328,0.701166180758
409000,0.768152,0.020176,0.211672,0.70179092045
410000,0.769136,0.019992,0.210872,0.703665139525
411000,0.769896,0.019864,0.21024,0.706372344856
412000,0.77064,0.019736,0.209624,0.708454810496
413000,0.771408,0.01964,0.208952,0.709496043315
414000,0.772376,0.01956,0.208064,0.710329029571
415000,0.77328,0.019416,0.207304,0.710329029571
416000,0.774024,0.019344,0.206632,0.710329029571
417000,0.7748,0.019232,0.205968,0.711162015827
418000,0.775688,0.019104,0.205208,0.71241149521
419000,0.776408,0.019008,0.204584,0.711578508955
420000,0.777216,0.018872,0.203912,0.711162015827
421000,0.778072,0.018768,0.20316,0.711995002082
422000,0.778912,0.018648,0.20244,0.712203248646
423000,0.77992,0.018464,0.201616,0.710537276135
424000,0.780632,0.018384,0.200984,0.713660974594
425000,0.78152,0.018264,0.200216,0.713660974594
426000,0.782408,0.018104,0.199488,0.716368179925
427000,0.783384,0.017944,0.198672,0.718867138692
428000,0.784288,0.017784,0.197928,0.718450645564
429000,0.785064,0.017648,0.197288,0.720533111204
430000,0.785816,0.017512,0.196672,0.721990837151
431000,0.786568,0.017384,0.196048,0.722199083715
432000,0.787496,0.017224,0.19528,0.723865056227
433000,0.788312,0.01716,0.194528,0.72511453561
434000,0.7892,0.017048,0.193752,0.725947521866
435000,0.790016,0.016944,0.19304,0.725531028738
436000,0.790896,0.016856,0.192248,0.727821740941
437000,0.791744,0.016744,0.191512,0.727405247813
438000,0.792632,0.016672,0.190696,0.729071220325
439000,0.793568,0.016608,0.189824,0.729487713453
440000,0.794512,0.016424,0.189064,0.730320699708
441000,0.795576,0.016296,0.188128,0.731153685964
442000,0.796208,0.016224,0.187568,0.731778425656
443000,0.79708,0.016184,0.186736,0.732819658476
444000,0.797784,0.01608,0.186136,0.733652644731
445000,0.798512,0.015992,0.185496,0.736151603499
446000,0.799232,0.015864,0.184904,0.735735110371
447000,0.799808,0.015752,0.18444,0.735735110371
448000,0.80052,0.01568,0.1838,0.735943356935
449000,0.801288,0.015576,0.183136,0.736984589754
450000,0.802128,0.01548,0.182392,0.73781757601
451000,0.802848,0.015336,0.181816,0.737401082882
452000,0.803776,0.015216,0.181008,0.736984589754
453000,0.804712,0.015088,0.1802,0.736151603499
454000,0.80552,0.015,0.17948,0.737401082882
455000,0.806456,0.01488,0.178664,0.737401082882
456000,0.807432,0.014752,0.177816,0.73677634319
457000,0.808072,0.014624,0.177304,0.736359850062
458000,0.808784,0.014536,0.17668,0.73781757601
459000,0.809544,0.014456,0.176,0.740108288213
460000,0.810328,0.014376,0.175296,0.740524781341
461000,0.810864,0.014176,0.17496,0.740108288213
462000,0.811752,0.014056,0.174192,0.741566014161
463000,0.812528,0.013984,0.173488,0.741357767597
464000,0.813232,0.013904,0.172864,0.740524781341
465000,0.814192,0.013776,0.172032,0.741149521033
466000,0.8148,0.013672,0.171528,0.739691795085
467000,0.815616,0.013544,0.17084,0.740108288213
468000,0.81628,0.01344,0.17028,0.740108288213
469000,0.816928,0.013352,0.16972,0.741982507289
470000,0.817656,0.013272,0.169072,0.743856726364
471000,0.81824,0.013144,0.168616,0.744897959184
472000,0.819136,0.012968,0.167896,0.745730945439
473000,0.820032,0.012808,0.16716,0.747396917951
474000,0.820928,0.012704,0.166368,0.748854643898
475000,0.821816,0.0126,0.165584,0.748646397334
476000,0.822528,0.012512,0.16496,0.751978342357
477000,0.82316,0.01236,0.16448,0.753644314869
478000,0.824016,0.012296,0.163688,0.755726780508
479000,0.824912,0.012224,0.162864,0.755726780508
480000,0.825576,0.0122,0.162224,0.758017492711
481000,0.826432,0.012096,0.161472,0.760932944606
482000,0.827472,0.012016,0.160512,0.761349437734
483000,0.828288,0.011944,0.159768,0.760932944606
484000,0.82888,0.011864,0.159256,0.761349437734
485000,0.829784,0.01176,0.158456,0.762598917118
486000,0.83052,0.01168,0.1578,0.764264889629
487000,0.83144,0.011576,0.156984,0.768846314036
488000,0.832136,0.011432,0.156432,0.768221574344
489000,0.83304,0.011328,0.155632,0.767388588088
490000,0.8338,0.01128,0.15492,0.768221574344
491000,0.834408,0.011216,0.154376,0.769471053728
492000,0.835328,0.01112,0.153552,0.7690545606
493000,0.836216,0.011056,0.152728,0.770304039983
494000,0.836928,0.010944,0.152128,0.770720533111
495000,0.837536,0.01088,0.151584,0.771970012495
496000,0.8382,0.010784,0.151016,0.772386505623
497000,0.838776,0.010704,0.15052,0.775093710954
498000,0.839704,0.010616,0.14968,0.775301957518
499000,0.840352,0.010544,0.149104,0.775718450646
500000,0.84108,0.01048,0.14844,0.77488546439
501000,0.841872,0.010416,0.147712,0.775510204082
502000,0.842544,0.010336,0.14712,0.775926697209
503000,0.843168,0.010256,0.146576,0.777176176593
504000,0.844032,0.010192,0.145776,0.780924614744
505000,0.844552,0.010104,0.145344,0.781341107872
506000,0.84532,0.010048,0.144632,0.783007080383
507000,0.845848,0.009992,0.14416,0.784048313203
508000,0.846656,0.009896,0.143448,0.78654727197
509000,0.847168,0.009808,0.143024,0.787796751354
510000,0.847896,0.009744,0.14236,0.788213244481
511000,0.848688,0.009688,0.141624,0.787380258226
512000,0.849424,0.009632,0.140944,0.788213244481
513000,0.850232,0.00956,0.140208,0.790087463557
514000,0.850912,0.009472,0.139616,0.79133694294
515000,0.851544,0.00936,0.139096,0.791545189504
516000,0.85236,0.009248,0.138392,0.794252394835
517000,0.853256,0.0092,0.137544,0.794668887963
518000,0.853816,0.00912,0.137064,0.795501874219
519000,0.854448,0.009064,0.136488,0.797584339858
520000,0.85528,0.009,0.13572,0.800083298626
521000,0.855824,0.008928,0.135248,0.802165764265
522000,0.856368,0.008856,0.134776,0.801332778009
523000,0.856992,0.0088,0.134208,0.80029154519
524000,0.857792,0.008736,0.133472,0.802165764265
525000,0.858408,0.008688,0.132904,0.803623490212
526000,0.858944,0.008624,0.132432,0.805705955852
527000,0.859752,0.008528,0.13172,0.806955435235
528000,0.860384,0.008456,0.13116,0.807371928363
529000,0.860952,0.008416,0.130632,0.808621407747
530000,0.861664,0.008344,0.129992,0.808204914619
531000,0.86248,0.008264,0.129256,0.812161599334
532000,0.863112,0.008216,0.128672,0.812994585589
533000,0.863792,0.008184,0.128024,0.813827571845
534000,0.864408,0.008112,0.12748,0.815493544357
535000,0.86504,0.008,0.12696,0.81570179092
536000,0.865608,0.007928,0.126464,0.814868804665
537000,0.866384,0.007864,0.125752,0.816951270304
538000,0.867032,0.007808,0.12516,0.819450229071
539000,0.867728,0.007752,0.12452,0.821740941274
540000,0.868376,0.007688,0.123936,0.823198667222
541000,0.868808,0.00768,0.123512,0.824448146606
542000,0.86944,0.007648,0.122912,0.82361516035
543000,0.870056,0.007568,0.122376,0.825072886297
544000,0.87064,0.00752,0.12184,0.826738858809
545000,0.871288,0.007488,0.121224,0.827571845065
546000,0.871952,0.007424,0.120624,0.827571845065
547000,0.872512,0.007392,0.120096,0.827571845065
548000,0.87292,0.00736,0.11972,0.828196584756
549000,0.873512,0.007304,0.119184,0.828196584756
550000,0.874272,0.007264,0.118464,0.82944606414
551000,0.874872,0.007192,0.117936,0.83048729696
552000,0.875544,0.007128,0.117328,0.830279050396
553000,0.876224,0.007048,0.116728,0.831528529779
554000,0.876712,0.006992,0.116296,0.831528529779
555000,0.877368,0.006936,0.115696,0.832361516035
556000,0.877856,0.006904,0.11524,0.832361516035
557000,0.878464,0.006832,0.114704,0.833610995419
558000,0.879096,0.006784,0.11412,0.833610995419
559000,0.87968,0.006744,0.113576,0.832778009163
560000,0.880304,0.00668,0.113016,0.833402748855
561000,0.880816,0.006608,0.112576,0.832986255727
562000,0.8812,0.006568,0.112232,0.832986255727
563000,0.881856,0.006496,0.111648,0.832986255727
564000,0.882512,0.006424,0.111064,0.833610995419
565000,0.88308,0.006392,0.110528,0.834027488546
566000,0.883592,0.00636,0.110048,0.834860474802
567000,0.884104,0.006344,0.109552,0.836109954186
568000,0.884656,0.006328,0.109016,0.837359433569
569000,0.885104,0.00628,0.108616,0.837359433569
570000,0.885816,0.006224,0.10796,0.839025406081
571000,0.886384,0.006184,0.107432,0.839441899209
572000,0.887048,0.006152,0.1068,0.839858392337
573000,0.887504,0.006104,0.106392,0.840691378592
574000,0.888224,0.006072,0.105704,0.839858392337
575000,0.888744,0.006016,0.10524,0.841524364848
576000,0.889192,0.005968,0.10484,0.842357351104
577000,0.889664,0.005928,0.104408,0.843190337359
578000,0.890168,0.005872,0.10396,0.844023323615
579000,0.890808,0.005816,0.103376,0.843190337359
580000,0.891272,0.005784,0.102944,0.845272802999
581000,0.891752,0.00576,0.102488,0.845272802999
582000,0.892304,0.005744,0.101952,0.845272802999
583000,0.892928,0.005712,0.10136,0.846105789254
584000,0.893432,0.00568,0.100888,0.846105789254
585000,0.894032,0.005648,0.10032,0.847355268638
586000,0.8946,0.005584,0.099816,0.848188254894
587000,0.895096,0.005536,0.099368,0.848188254894
588000,0.895712,0.00548,0.098808,0.848604748022
589000,0.89628,0.00544,0.09828,0.848604748022
590000,0.89676,0.005392,0.097848,0.849437734277
591000,0.897296,0.005352,0.097352,0.850687213661
592000,0.897728,0.00532,0.096952,0.851103706789
593000,0.89832,0.005272,0.096408,0.851103706789
594000,0.89876,0.005264,0.095976,0.850270720533
595000,0.899224,0.005216,0.09556,0.851936693045
596000,0.899816,0.005136,0.095048,0.8527696793
597000,0.900336,0.005112,0.094552,0.8527696793
598000,0.90092,0.005056,0.094024,0.8527696793
599000,0.901408,0.004984,0.093608,0.855268638067
600000,0.902008,0.004944,0.093048,0.856518117451
601000,0.902384,0.004904,0.092712,0.85860058309
602000,0.903008,0.004864,0.092128,0.85860058309
603000,0.9034,0.004832,0.091768,0.85860058309
604000,0.903952,0.004784,0.091264,0.859433569346
605000,0.904528,0.004744,0.090728,0.860474802166
606000,0.904944,0.004704,0.090352,0.860058309038
607000,0.905392,0.004664,0.089944,0.860058309038
608000,0.90604,0.004656,0.089304,0.860058309038
609000,0.906464,0.004608,0.088928,0.860891295294
610000,0.906984,0.00456,0.088456,0.860891295294
611000,0.90736,0.00452,0.08812,0.860474802166
612000,0.907856,0.004472,0.087672,0.861099541858
613000,0.908408,0.004456,0.087136,0.861724281549
614000,0.908936,0.004432,0.086632,0.862557267805
615000,0.909424,0.004376,0.0862,0.862973760933
616000,0.910056,0.004336,0.085608,0.864014993753
617000,0.9106,0.00432,0.08508,0.864014993753
618000,0.911208,0.004288,0.084504,0.866097459392
619000,0.9116,0.00428,0.08412,0.865680966264
620000,0.911984,0.004248,0.083768,0.867346938776
621000,0.912608,0.0042,0.083192,0.867763431903
622000,0.913008,0.00416,0.082832,0.869845897543
623000,0.91332,0.004104,0.082576,0.869429404415
624000,0.913712,0.004096,0.082192,0.869429404415
625000,0.914136,0.00408,0.081784,0.870678883798
626000,0.914576,0.00404,0.081384,0.872136609746
627000,0.914976,0.004016,0.081008,0.87130362349
628000,0.915488,0.003968,0.080544,0.872553102874
629000,0.916,0.003944,0.080056,0.872969596002
630000,0.916336,0.003928,0.079736,0.872969596002
631000,0.916792,0.003888,0.07932,0.874635568513
632000,0.917312,0.003856,0.078832,0.876926280716
633000,0.917728,0.003832,0.07844,0.877759266972
634000,0.918216,0.003816,0.077968,0.877342773844
635000,0.918648,0.003784,0.077568,0.878592253228
636000,0.919096,0.00376,0.077144,0.878800499792
637000,0.919448,0.003744,0.076808,0.880466472303
638000,0.920016,0.00368,0.076304,0.884423157018
639000,0.920416,0.003648,0.075936,0.88400666389
640000,0.920872,0.0036,0.075528,0.884839650146
641000,0.921296,0.003584,0.07512,0.884839650146
642000,0.921784,0.003568,0.074648,0.886089129529
643000,0.922176,0.003544,0.07428,0.887130362349
644000,0.922664,0.003504,0.073832,0.887963348605
645000,0.923016,0.003496,0.073488,0.888379841733
646000,0.923312,0.003448,0.07324,0.8908788005
647000,0.923656,0.003416,0.072928,0.891711786756
648000,0.924152,0.003416,0.072432,0.892544773011
649000,0.924536,0.003392,0.072072,0.892544773011
650000,0.925008,0.003376,0.071616,0.894210745523
651000,0.925408,0.00336,0.071232,0.895043731778
652000,0.925824,0.003344,0.070832,0.895876718034
653000,0.926272,0.003304,0.070424,0.896501457726
654000,0.926648,0.003296,0.070056,0.897959183673
655000,0.92708,0.003256,0.069664,0.897126197418
656000,0.927544,0.003232,0.069224,0.897959183673
657000,0.92796,0.003208,0.068832,0.897959183673
658000,0.928376,0.003208,0.068416,0.899625156185
659000,0.928736,0.0032,0.068064,0.900458142441
660000,0.929224,0.003168,0.067608,0.900458142441
661000,0.929672,0.003144,0.067184,0.901291128696
662000,0.930032,0.003112,0.066856,0.902124114952
663000,0.930432,0.003088,0.06648,0.902124114952
664000,0.930712,0.00308,0.066208,0.902124114952
665000,0.931128,0.003056,0.065816,0.902124114952
666000,0.931504,0.003032,0.065464,0.901707621824
667000,0.931752,0.003024,0.065224,0.901707621824
668000,0.932128,0.002992,0.06488,0.901707621824
669000,0.932584,0.002952,0.064464,0.901707621824
670000,0.933,0.002936,0.064064,0.902124114952
671000,0.933504,0.002928,0.063568,0.903373594336
672000,0.933832,0.002896,0.063272,0.903373594336
673000,0.934256,0.002848,0.062896,0.903790087464
674000,0.934568,0.002824,0.062608,0.903790087464
675000,0.935048,0.002808,0.062144,0.904623073719
676000,0.935416,0.0028,0.061784,0.904623073719
677000,0.935768,0.002792,0.06144,0.905456059975
678000,0.936128,0.002776,0.061096,0.905872553103
679000,0.936576,0.002744,0.06068,0.905872553103
680000,0.936888,0.002744,0.060368,0.905872553103
681000,0.937216,0.00272,0.060064,0.906080799667
682000,0.937544,0.002696,0.05976,0.906080799667
683000,0.937928,0.002664,0.059408,0.905247813411
684000,0.938344,0.002648,0.059008,0.906497292795
685000,0.938776,0.002616,0.058608,0.906497292795
686000,0.939064,0.002592,0.058344,0.906497292795
687000,0.939456,0.00256,0.057984,0.906497292795
688000,0.9398,0.002528,0.057672,0.906497292795
689000,0.94016,0.002512,0.057328,0.90733027905
690000,0.940432,0.002488,0.05708,0.90733027905
691000,0.940864,0.002464,0.056672,0.90733027905
692000,0.94104,0.00244,0.05652,0.90733027905
693000,0.941336,0.002424,0.05624,0.90733027905
694000,0.941648,0.002408,0.055944,0.908788004998
695000,0.941912,0.002392,0.055696,0.908788004998
696000,0.942304,0.002376,0.05532,0.910037484382
697000,0.942664,0.002344,0.054992,0.910037484382
698000,0.943,0.00232,0.05468,0.910037484382
699000,0.943352,0.002296,0.054352,0.911703456893
700000,0.943616,0.002272,0.054112,0.912536443149
701000,0.943896,0.002248,0.053856,0.912119950021
702000,0.94424,0.002216,0.053544,0.912119950021
703000,0.944536,0.002184,0.05328,0.913369429404
704000,0.944856,0.002168,0.052976,0.913785922532
705000,0.9452,0.002168,0.052632,0.913994169096
706000,0.94556,0.002128,0.052312,0.91316118284
707000,0.945784,0.002088,0.052128,0.91316118284
708000,0.94608,0.002072,0.051848,0.91316118284
709000,0.946472,0.002056,0.051472,0.913994169096
710000,0.946712,0.002024,0.051264,0.914410662224
711000,0.947048,0.002008,0.050944,0.914410662224
712000,0.94736,0.002,0.05064,0.91524364848
713000,0.94756,0.002,0.05044,0.91524364848
714000,0.947752,0.002,0.050248,0.91524364848
715000,0.948008,0.002,0.049992,0.916493127863
716000,0.948272,0.001976,0.049752,0.916493127863
717000,0.9486,0.001952,0.049448,0.918159100375
718000,0.948848,0.001936,0.049216,0.918992086631
719000,0.949112,0.001936,0.048952,0.918992086631
720000,0.949392,0.001912,0.048696,0.920658059142
721000,0.94972,0.001904,0.048376,0.921491045398
722000,0.950096,0.001896,0.048008,0.921491045398
723000,0.950344,0.001896,0.04776,0.921907538526
724000,0.950712,0.00188,0.047408,0.923573511037
725000,0.951024,0.001872,0.047104,0.923781757601
726000,0.951344,0.001864,0.046792,0.923781757601
727000,0.951648,0.001856,0.046496,0.924614743857
728000,0.951904,0.001824,0.046272,0.924198250729
729000,0.952208,0.001784,0.046008,0.92586422324
730000,0.952408,0.001768,0.045824,0.926697209496
731000,0.952688,0.00176,0.045552,0.926697209496
732000,0.952904,0.00176,0.045336,0.92586422324
733000,0.953184,0.001736,0.04508,0.92586422324
734000,0.9534,0.001712,0.044888,0.926280716368
735000,0.953784,0.001704,0.044512,0.926280716368
736000,0.954,0.001696,0.044304,0.928154935444
737000,0.954344,0.001688,0.043968,0.928154935444
738000,0.954688,0.001672,0.04364,0.928154935444
739000,0.954928,0.001664,0.043408,0.928154935444
740000,0.955296,0.001648,0.043056,0.928154935444
741000,0.955568,0.00164,0.042792,0.928987921699
742000,0.95584,0.001616,0.042544,0.929404414827
743000,0.956136,0.001608,0.042256,0.929404414827
744000,0.956472,0.0016,0.041928,0.930237401083
745000,0.956592,0.0016,0.041808,0.930653894211
746000,0.95684,0.001576,0.041584,0.931486880466
747000,0.957184,0.00156,0.041256,0.931486880466
748000,0.95752,0.001544,0.040936,0.931486880466
749000,0.957744,0.001528,0.040728,0.932111620158
750000,0.957952,0.001496,0.040552,0.933361099542
751000,0.958152,0.00148,0.040368,0.934194085798
752000,0.958416,0.001464,0.04012,0.935027072053
753000,0.95864,0.001464,0.039896,0.935027072053
754000,0.958912,0.001456,0.039632,0.935860058309
755000,0.959176,0.001432,0.039392,0.936693044565
756000,0.959416,0.001424,0.03916,0.93752603082
757000,0.959704,0.001408,0.038888,0.93752603082
758000,0.95996,0.0014,0.03864,0.93752603082
759000,0.960168,0.001376,0.038456,0.938983756768
760000,0.960448,0.001368,0.038184,0.938983756768
761000,0.96072,0.001368,0.037912,0.939400249896
762000,0.960848,0.001368,0.037784,0.93856726364
763000,0.961184,0.00136,0.037456,0.93856726364
764000,0.96144,0.00136,0.0372,0.93856726364
765000,0.961696,0.001352,0.036952,0.939816743024
766000,0.961976,0.001328,0.036696,0.941482715535
767000,0.962208,0.00132,0.036472,0.941899208663
768000,0.962328,0.001312,0.03636,0.941899208663
769000,0.962448,0.001296,0.036256,0.942732194919
770000,0.962728,0.001288,0.035984,0.943565181175
771000,0.962936,0.001288,0.035776,0.942732194919
772000,0.96316,0.001272,0.035568,0.942732194919
773000,0.963376,0.001272,0.035352,0.942732194919
774000,0.9636,0.00124,0.03516,0.942732194919
775000,0.963832,0.001232,0.034936,0.942732194919
776000,0.96412,0.001232,0.034648,0.943565181175
777000,0.964344,0.001224,0.034432,0.943565181175
778000,0.964504,0.001216,0.03428,0.943981674302
779000,0.964696,0.001216,0.034088,0.945022907122
780000,0.964992,0.0012,0.033808,0.946688879633
781000,0.965184,0.001184,0.033632,0.946688879633
782000,0.965384,0.001176,0.03344,0.946688879633
783000,0.965544,0.001168,0.033288,0.946688879633
784000,0.965728,0.00116,0.033112,0.946688879633
785000,0.96588,0.00116,0.03296,0.947521865889
786000,0.96612,0.001144,0.032736,0.947938359017
787000,0.966352,0.001136,0.032512,0.947938359017
788000,0.96652,0.001128,0.032352,0.947938359017
789000,0.966792,0.001096,0.032112,0.947938359017
790000,0.967024,0.001088,0.031888,0.947105372761
791000,0.967136,0.001088,0.031776,0.947105372761
792000,0.96732,0.00108,0.0316,0.948771345273
793000,0.967544,0.001056,0.0314,0.949604331529
794000,0.967744,0.001048,0.031208,0.949604331529
795000,0.967912,0.00104,0.031048,0.949604331529
796000,0.968152,0.00104,0.030808,0.949812578092
797000,0.968376,0.001032,0.030592,0.949812578092
798000,0.96856,0.001032,0.030408,0.949396084965
799000,0.968776,0.001032,0.030192,0.949396084965
800000,0.96888,0.00104,0.03008,0.948563098709
801000,0.96904,0.00104,0.02992,0.948146605581
802000,0.969184,0.001032,0.029784,0.948146605581
803000,0.969312,0.001024,0.029664,0.948563098709
804000,0.969504,0.001016,0.02948,0.949396084965
805000,0.969656,0.001008,0.029336,0.949396084965
806000,0.969888,0.001008,0.029104,0.949396084965
807000,0.970256,0.000968,0.028776,0.949812578092
808000,0.97044,0.000968,0.028592,0.949812578092
809000,0.970624,0.000952,0.028424,0.949812578092
810000,0.97084,0.000952,0.028208,0.949812578092
811000,0.971048,0.000936,0.028016,0.949812578092
812000,0.9712,0.000936,0.027864,0.949812578092
813000,0.971368,0.00092,0.027712,0.950645564348
814000,0.971512,0.000912,0.027576,0.951478550604
815000,0.97168,0.000904,0.027416,0.951478550604
816000,0.971816,0.000896,0.027288,0.950645564348
817000,0.972,0.000888,0.027112,0.951062057476
818000,0.972144,0.00088,0.026976,0.951895043732
819000,0.972336,0.000856,0.026808,0.95231153686
820000,0.972472,0.000848,0.02668,0.95231153686
821000,0.972712,0.000832,0.026456,0.95231153686
822000,0.972856,0.000832,0.026312,0.953144523115
823000,0.973064,0.000832,0.026104,0.953144523115
824000,0.973272,0.000824,0.025904,0.953144523115
825000,0.973448,0.000824,0.025728,0.953144523115
826000,0.9736,0.000824,0.025576,0.953144523115
827000,0.973776,0.000816,0.025408,0.951478550604
828000,0.973872,0.000808,0.02532,0.952103290296
829000,0.974024,0.000808,0.025168,0.952103290296
830000,0.974208,0.000808,0.024984,0.953977509371
831000,0.974312,0.000808,0.02488,0.954810495627
832000,0.974504,0.000784,0.024712,0.954810495627
833000,0.97464,0.000768,0.024592,0.954810495627
