1000,0.334944,0.334304,0.330752,0.326947105373
2000,0.336632,0.334696,0.328672,0.327363598501
3000,0.338,0.33532,0.32668,0.329237817576
4000,0.339792,0.335376,0.324832,0.329862557268
5000,0.341408,0.33576,0.322832,0.329654310704
6000,0.343264,0.33588,0.320856,0.330279050396
7000,0.345112,0.335896,0.318992,0.329654310704
8000,0.346608,0.336104,0.317288,0.328821324448
9000,0.34828,0.336352,0.315368,0.328821324448
10000,0.349712,0.336672,0.313616,0.32944606414
11000,0.351608,0.336728,0.311664,0.328821324448
12000,0.353152,0.336992,0.309856,0.329029571012
13000,0.354848,0.337032,0.30812,0.330279050396
14000,0.356256,0.337576,0.306168,0.328613077884
15000,0.35808,0.337568,0.304352,0.331112036651
16000,0.360104,0.337544,0.302352,0.332778009163
17000,0.361808,0.337744,0.300448,0.331736776343
18000,0.363408,0.338032,0.29856,0.332361516035
19000,0.365152,0.338032,0.296816,0.332361516035
20000,0.366904,0.33816,0.294936,0.33423573511
21000,0.368272,0.338352,0.293376,0.333610995419
22000,0.369832,0.33836,0.291808,0.334027488546
23000,0.3716,0.338304,0.290096,0.335901707622
24000,0.373088,0.338408,0.288504,0.335693461058
25000,0.374664,0.338408,0.286928,0.335901707622
26000,0.376288,0.338496,0.285216,0.337359433569
27000,0.377936,0.338512,0.283552,0.3400666389
28000,0.379536,0.338536,0.281928,0.339025406081
29000,0.381112,0.338784,0.280104,0.342565597668
30000,0.382384,0.339,0.278616,0.34110787172
31000,0.384152,0.33872,0.277128,0.34110787172
32000,0.38572,0.338664,0.275616,0.3400666389
33000,0.387264,0.338752,0.273984,0.342565597668
34000,0.389176,0.3384,0.272424,0.344439816743
35000,0.390776,0.338416,0.270808,0.346105789254
36000,0.392648,0.33836,0.268992,0.347563515202
37000,0.394144,0.338416,0.26744,0.348396501458
38000,0.395856,0.338472,0.265672,0.350062473969
39000,0.397496,0.338496,0.264008,0.351936693045
40000,0.39932,0.338224,0.262456,0.352561432736
41000,0.401056,0.338104,0.26084,0.355476884631
42000,0.402816,0.337984,0.2592,0.357559350271
43000,0.40408,0.338216,0.257704,0.359433569346
44000,0.405856,0.338248,0.255896,0.359850062474
45000,0.407256,0.33832,0.254424,0.35964181591
46000,0.408312,0.338608,0.25308,0.357767596835
47000,0.409872,0.338632,0.251496,0.35860058309
48000,0.411408,0.339,0.249592,0.360891295294
49000,0.412856,0.339072,0.248072,0.360891295294
50000,0.414296,0.339136,0.246568,0.361932528113
51000,0.415792,0.339064,0.245144,0.363390254061
52000,0.417256,0.338952,0.243792,0.3654727197
53000,0.4188,0.338968,0.242232,0.365680966264
54000,0.42004,0.339304,0.240656,0.366305705956
55000,0.421496,0.33916,0.239344,0.367346938776
56000,0.42316,0.339032,0.237808,0.367763431903
57000,0.42448,0.339136,0.236384,0.370887130362
58000,0.425768,0.339184,0.235048,0.370262390671
59000,0.427656,0.338904,0.23344,0.371928363182
60000,0.429336,0.338696,0.231968,0.373177842566
61000,0.431,0.338624,0.230376,0.374010828821
62000,0.432552,0.338392,0.229056,0.376509787589
63000,0.433976,0.338072,0.227952,0.377342773844
64000,0.435616,0.33796,0.226424,0.377551020408
65000,0.437384,0.337664,0.224952,0.376301541025
66000,0.438864,0.337552,0.223584,0.377551020408
67000,0.4404,0.337528,0.222072,0.378384006664
68000,0.441824,0.337632,0.220544,0.380882965431
69000,0.443232,0.337608,0.21916,0.382340691379
70000,0.44464,0.337504,0.217856,0.382340691379
71000,0.44612,0.337192,0.216688,0.381299458559
72000,0.447944,0.336712,0.215344,0.383590170762
73000,0.44956,0.336144,0.214296,0.384214910454
74000,0.450912,0.335984,0.213104,0.38400666389
75000,0.452352,0.335776,0.211872,0.384839650146
76000,0.453944,0.335552,0.210504,0.384631403582
77000,0.455448,0.335424,0.209128,0.387546855477
78000,0.456952,0.335104,0.207944,0.388171595169
79000,0.458392,0.33492,0.206688,0.38879633486
80000,0.459856,0.334728,0.205416,0.3908788005
81000,0.461512,0.33444,0.204048,0.3908788005
82000,0.462848,0.334368,0.202784,0.391503540192
83000,0.464312,0.334096,0.201592,0.392544773011
84000,0.465896,0.333648,0.200456,0.392753019575
85000,0.467144,0.333576,0.19928,0.393794252395
86000,0.468576,0.33356,0.197864,0.393794252395
87000,0.469848,0.333584,0.196568,0.39566847147
88000,0.471728,0.333064,0.195208,0.396917950854
89000,0.473328,0.332624,0.194048,0.397126197418
90000,0.474976,0.332312,0.192712,0.397334443982
91000,0.476424,0.332072,0.191504,0.395251978342
92000,0.47812,0.331576,0.190304,0.395876718034
93000,0.479392,0.331296,0.189312,0.395876718034
94000,0.48092,0.330928,0.188152,0.397542690546
95000,0.482192,0.330888,0.18692,0.397959183673
96000,0.483392,0.330792,0.185816,0.397542690546
97000,0.484912,0.330512,0.184576,0.399625156185
98000,0.48684,0.329864,0.183296,0.399833402749
99000,0.48816,0.329464,0.182376,0.402124114952
100000,0.48964,0.3292,0.18116,0.403790087464
101000,0.491136,0.328912,0.179952,0.405247813411
102000,0.492392,0.328752,0.178856,0.405456059975
103000,0.49376,0.32848,0.17776,0.406289046231
104000,0.495264,0.328144,0.176592,0.407538525614
105000,0.496568,0.327832,0.1756,0.407746772178
106000,0.498048,0.327384,0.174568,0.409620991254
107000,0.49944,0.327032,0.173528,0.411703456893
108000,0.500728,0.327208,0.172064,0.413994169096
109000,0.501776,0.327064,0.17116,0.412328196585
110000,0.503312,0.326688,0.17,0.412328196585
111000,0.504872,0.326272,0.168856,0.414618908788
112000,0.50596,0.326184,0.167856,0.415035401916
113000,0.507224,0.326032,0.166744,0.416284881299
114000,0.508816,0.32556,0.165624,0.416284881299
115000,0.510144,0.325208,0.164648,0.417742607247
116000,0.511592,0.324824,0.163584,0.420449812578
117000,0.512848,0.3246,0.162552,0.422324031653
118000,0.514456,0.323968,0.161576,0.423573511037
119000,0.515896,0.323656,0.160448,0.42586422324
120000,0.517288,0.323184,0.159528,0.42586422324
121000,0.518736,0.322792,0.158472,0.427530195752
122000,0.520088,0.322344,0.157568,0.429196168263
123000,0.521384,0.322152,0.156464,0.431486880466
124000,0.52268,0.321888,0.155432,0.43169512703
125000,0.524072,0.321464,0.154464,0.434610578925
126000,0.525336,0.321224,0.15344,0.433985839234
127000,0.526528,0.321,0.152472,0.434402332362
128000,0.527488,0.320936,0.151576,0.436693044565
129000,0.528928,0.320544,0.150528,0.437942523948
130000,0.530112,0.320152,0.149736,0.43856726364
131000,0.531272,0.319928,0.1488,0.440441482716
132000,0.532632,0.319544,0.147824,0.442107455227
133000,0.533912,0.319096,0.146992,0.445231153686
134000,0.53508,0.318816,0.146104,0.44543940025
135000,0.536352,0.318688,0.14496,0.445855893378
136000,0.537608,0.3184,0.143992,0.447938359017
137000,0.538832,0.318168,0.143,0.447730112453
138000,0.540288,0.317584,0.142128,0.447938359017
139000,0.541744,0.317048,0.141208,0.45127030404
140000,0.542984,0.316616,0.1404,0.45127030404
141000,0.544288,0.316216,0.139496,0.454185755935
142000,0.54556,0.315696,0.138744,0.455435235319
143000,0.546872,0.315424,0.137704,0.455643481883
144000,0.548384,0.314952,0.136664,0.456268221574
145000,0.549608,0.314528,0.135864,0.456476468138
146000,0.55072,0.314336,0.134944,0.454185755935
147000,0.552056,0.313856,0.134088,0.453769262807
148000,0.553448,0.313328,0.133224,0.453144523115
149000,0.554944,0.312848,0.132208,0.455226988755
150000,0.555912,0.312712,0.131376,0.453977509371
151000,0.557152,0.312184,0.130664,0.454394002499
152000,0.558384,0.31176,0.129856,0.459183673469
153000,0.559376,0.311584,0.12904,0.45814244065
154000,0.560632,0.311104,0.128264,0.459183673469
155000,0.561984,0.310696,0.12732,0.459600166597
156000,0.563128,0.31048,0.126392,0.460016659725
157000,0.564544,0.310032,0.125424,0.461266139109
158000,0.566088,0.309568,0.124344,0.462099125364
159000,0.567072,0.309296,0.123632,0.462723865056
160000,0.568464,0.308696,0.12284,0.465222823823
161000,0.56972,0.308136,0.122144,0.466680549771
162000,0.571248,0.307568,0.121184,0.470220741358
163000,0.572184,0.307432,0.120384,0.469179508538
164000,0.573888,0.306624,0.119488,0.471261974177
165000,0.575056,0.306136,0.118808,0.472511453561
166000,0.575992,0.305808,0.1182,0.474802165764
167000,0.577136,0.3054,0.117464,0.475843398584
168000,0.578744,0.304536,0.11672,0.477717617659
169000,0.579888,0.304192,0.11592,0.478134110787
170000,0.580984,0.303928,0.115088,0.479175343607
171000,0.582416,0.303296,0.114288,0.479383590171
172000,0.583632,0.3028,0.113568,0.480216576426
173000,0.584944,0.302184,0.112872,0.480633069554
174000,0.585928,0.30176,0.112312,0.482715535194
175000,0.586872,0.301464,0.111664,0.483340274885
176000,0.587816,0.301104,0.11108,0.481257809246
177000,0.58876,0.300704,0.110536,0.481257809246
178000,0.58996,0.300176,0.109864,0.481257809246
179000,0.591424,0.299488,0.109088,0.482923781758
180000,0.592416,0.299152,0.108432,0.482299042066
181000,0.59344,0.29884,0.10772,0.481882548938
182000,0.594504,0.298512,0.106984,0.48042482299
183000,0.595576,0.298016,0.106408,0.48250728863
184000,0.596608,0.297688,0.105704,0.483756768013
185000,0.597736,0.297344,0.10492,0.483756768013
186000,0.598648,0.297128,0.104224,0.485630987089
187000,0.599888,0.296576,0.103536,0.486255726781
188000,0.600648,0.2964,0.102952,0.488129945856
189000,0.601776,0.295752,0.102472,0.490004164931
190000,0.602488,0.295632,0.10188,0.489587671803
191000,0.603936,0.294976,0.101088,0.492919616826
192000,0.604856,0.294656,0.100488,0.493544356518
193000,0.605952,0.294176,0.099872,0.493752603082
194000,0.607304,0.293448,0.099248,0.494585589338
195000,0.608864,0.292552,0.098584,0.496459808413
196000,0.609848,0.292184,0.097968,0.495626822157
197000,0.611152,0.291544,0.097304,0.497084548105
198000,0.612216,0.291224,0.09656,0.499167013744
199000,0.613304,0.290832,0.095864,0.501457725948
200000,0.614336,0.2904,0.095264,0.501249479384
201000,0.615168,0.289984,0.094848,0.502498958767
202000,0.616352,0.2892,0.094448,0.50104123282
203000,0.617328,0.288816,0.093856,0.501665972511
204000,0.618608,0.288168,0.093224,0.505206164098
205000,0.61968,0.28768,0.09264,0.505414410662
206000,0.620568,0.287312,0.09212,0.505622657226
207000,0.621528,0.286992,0.09148,0.506039150354
208000,0.622752,0.286352,0.090896,0.507913369429
209000,0.623824,0.285864,0.090312,0.509371095377
210000,0.624848,0.28552,0.089632,0.510828821324
211000,0.626192,0.28476,0.089048,0.510828821324
212000,0.627216,0.284192,0.088592,0.511453561016
213000,0.628448,0.283688,0.087864,0.513327780092
214000,0.62964,0.282944,0.087416,0.512911286964
215000,0.630648,0.282536,0.086816,0.513952519783
216000,0.631512,0.282192,0.086296,0.513327780092
217000,0.632776,0.281456,0.085768,0.514160766347
218000,0.63392,0.28092,0.08516,0.513119533528
219000,0.635224,0.28016,0.084616,0.515826738859
220000,0.636384,0.279552,0.084064,0.514369012911
221000,0.637528,0.279032,0.08344,0.514160766347
222000,0.63864,0.27848,0.08288,0.514785506039
223000,0.63968,0.277976,0.082344,0.516243231987
224000,0.640664,0.277472,0.081864,0.517700957934
225000,0.641536,0.277056,0.081408,0.517700957934
226000,0.642488,0.276592,0.08092,0.520408163265
227000,0.643208,0.276376,0.080416,0.523740108288
228000,0.644072,0.276136,0.079792,0.526030820491
229000,0.645296,0.275536,0.079168,0.528321532695
230000,0.646216,0.275072,0.078712,0.52915451895
231000,0.647248,0.274584,0.078168,0.53123698459
232000,0.648168,0.27412,0.077712,0.534777176177
233000,0.6492,0.273672,0.077128,0.535610162432
234000,0.650272,0.273184,0.076544,0.536651395252
235000,0.65136,0.272544,0.076096,0.5381091212
236000,0.652792,0.271656,0.075552,0.539983340275
237000,0.653984,0.271024,0.074992,0.540608079967
238000,0.655112,0.270408,0.07448,0.540816326531
239000,0.65608,0.269928,0.073992,0.543523531862
240000,0.657136,0.269448,0.073416,0.544981257809
241000,0.658352,0.26864,0.073008,0.547271970012
242000,0.65932,0.268096,0.072584,0.54768846314
243000,0.660352,0.267464,0.072184,0.546647230321
244000,0.661464,0.26692,0.071616,0.548937942524
245000,0.662592,0.266312,0.071096,0.552686380675
246000,0.663768,0.265656,0.070576,0.551853394419
247000,0.664896,0.265032,0.070072,0.553311120367
248000,0.665808,0.264592,0.0696,0.55351936693
249000,0.666848,0.264,0.069152,0.55456059975
250000,0.66796,0.263424,0.068616,0.554768846314
251000,0.669096,0.26268,0.068224,0.554352353186
252000,0.669968,0.262288,0.067744,0.55560183257
253000,0.671048,0.261696,0.067256,0.553727613494
254000,0.672064,0.26116,0.066776,0.555185339442
255000,0.6732,0.260552,0.066248,0.555185339442
256000,0.674264,0.259944,0.065792,0.557267805081
257000,0.675352,0.259344,0.065304,0.556851311953
258000,0.676576,0.258616,0.064808,0.556851311953
259000,0.67756,0.258072,0.064368,0.558517284465
260000,0.678568,0.257592,0.06384,0.559975010412
261000,0.679408,0.257136,0.063456,0.559766763848
262000,0.680256,0.256672,0.063072,0.559558517284
263000,0.6812,0.25616,0.06264,0.561016243232
264000,0.682232,0.255624,0.062144,0.560599750104
265000,0.683288,0.255032,0.06168,0.560807996668
266000,0.684312,0.254336,0.061352,0.561224489796
267000,0.68516,0.25384,0.061,0.561016243232
268000,0.686208,0.253176,0.060616,0.561849229488
269000,0.687144,0.252544,0.060312,0.562890462307
270000,0.688192,0.251888,0.05992,0.563723448563
271000,0.68936,0.251208,0.059432,0.563723448563
272000,0.690248,0.250744,0.059008,0.564139941691
273000,0.690736,0.250568,0.058696,0.564139941691
274000,0.691552,0.250064,0.058384,0.564972927947
275000,0.692456,0.249464,0.05808,0.563931695127
276000,0.693568,0.248752,0.05768,0.564764681383
277000,0.694672,0.248016,0.057312,0.567471886714
278000,0.695736,0.24736,0.056904,0.566638900458
279000,0.696624,0.246856,0.05652,0.567471886714
280000,0.697656,0.246216,0.056128,0.568513119534
281000,0.698464,0.24584,0.055696,0.570387338609
282000,0.699536,0.245104,0.05536,0.573927530196
283000,0.70048,0.244536,0.054984,0.576426488963
284000,0.701392,0.243984,0.054624,0.574968763015
285000,0.702136,0.2436,0.054264,0.574760516451
286000,0.703064,0.243112,0.053824,0.574968763015
287000,0.704056,0.242432,0.053512,0.575385256143
288000,0.705248,0.241672,0.05308,0.575801749271
289000,0.706184,0.241056,0.05276,0.57788421491
290000,0.707416,0.240216,0.052368,0.579550187422
291000,0.70824,0.23964,0.05212,0.579550187422
292000,0.709176,0.239016,0.051808,0.581216159933
293000,0.710208,0.238328,0.051464,0.580383173678
294000,0.711344,0.237472,0.051184,0.582049146189
295000,0.712064,0.237064,0.050872,0.583923365264
296000,0.712744,0.236744,0.050512,0.584548104956
297000,0.71376,0.23604,0.0502,0.58475635152
298000,0.714592,0.235528,0.04988,0.586005830904
299000,0.715624,0.234896,0.04948,0.58683881716
300000,0.716448,0.2344,0.049152,0.587463556851
301000,0.717504,0.233616,0.04888,0.586630570596
302000,0.718352,0.233112,0.048536,0.587671803415
303000,0.719096,0.232648,0.048256,0.587671803415
304000,0.720336,0.231704,0.04796,0.586630570596
305000,0.721152,0.2312,0.047648,0.589129529363
306000,0.722176,0.230472,0.047352,0.589754269055
307000,0.722928,0.229952,0.04712,0.59266972095
308000,0.723992,0.229296,0.046712,0.593919200333
309000,0.724848,0.22872,0.046432,0.596001665973
310000,0.72576,0.228,0.04624,0.596209912536
311000,0.726888,0.227248,0.045864,0.598708871304
312000,0.72772,0.226728,0.045552,0.599125364431
313000,0.728488,0.226312,0.0452,0.600999583507
314000,0.729448,0.22572,0.044832,0.602665556018
315000,0.730376,0.225208,0.044416,0.603082049146
316000,0.731208,0.224664,0.044128,0.602040816327
317000,0.731856,0.224272,0.043872,0.60329029571
318000,0.732712,0.223728,0.04356,0.607455226989
319000,0.733528,0.223216,0.043256,0.608288213244
320000,0.734472,0.222496,0.043032,0.608288213244
321000,0.735592,0.221624,0.042784,0.606622240733
322000,0.7366,0.220904,0.042496,0.609329446064
323000,0.73768,0.220144,0.042176,0.610995418576
324000,0.738624,0.219512,0.041864,0.612036651395
325000,0.739624,0.218816,0.04156,0.612661391087
326000,0.74052,0.21816,0.04132,0.613702623907
327000,0.741672,0.21732,0.041008,0.616201582674
328000,0.742784,0.216568,0.040648,0.616409829238
329000,0.74376,0.215912,0.040328,0.618284048313
330000,0.744656,0.215248,0.040096,0.618700541441
331000,0.74532,0.214872,0.039808,0.618075801749
332000,0.74604,0.21444,0.03952,0.617659308621
333000,0.747168,0.21364,0.039192,0.619950020825
334000,0.74828,0.212776,0.038944,0.6218242399
335000,0.749144,0.212112,0.038744,0.62286547272
336000,0.750032,0.2116,0.038368,0.624114952103
337000,0.750832,0.211048,0.03812,0.625572678051
338000,0.751688,0.210368,0.037944,0.62661391087
339000,0.752472,0.209832,0.037696,0.625989171179
340000,0.753472,0.209024,0.037504,0.629529362766
341000,0.75428,0.20844,0.03728,0.632861307788
342000,0.75512,0.207848,0.037032,0.634319033736
343000,0.756168,0.206976,0.036856,0.63556851312
344000,0.757048,0.20628,0.036672,0.635776759683
345000,0.757952,0.205656,0.036392,0.636193252811
346000,0.758872,0.204952,0.036176,0.635776759683
347000,0.759488,0.204576,0.035936,0.635360266556
348000,0.760152,0.204136,0.035712,0.636609745939
349000,0.76096,0.203592,0.035448,0.639941690962
350000,0.76168,0.20308,0.03524,0.641815910037
351000,0.762472,0.202536,0.034992,0.642857142857
352000,0.763136,0.202096,0.034768,0.644939608496
353000,0.763872,0.20156,0.034568,0.645980841316
354000,0.764856,0.200808,0.034336,0.647438567264
355000,0.765664,0.200208,0.034128,0.648063306955
356000,0.766472,0.199584,0.033944,0.649312786339
357000,0.767464,0.198776,0.03376,0.65097875885
358000,0.768232,0.1982,0.033568,0.651395251978
359000,0.768992,0.197656,0.033352,0.652436484798
360000,0.7698,0.197048,0.033152,0.652852977926
361000,0.770672,0.1964,0.032928,0.653685964182
362000,0.771528,0.19588,0.032592,0.654518950437
363000,0.772344,0.195232,0.032424,0.657017909204
364000,0.773248,0.194544,0.032208,0.657017909204
365000,0.774232,0.193824,0.031944,0.658683881716
366000,0.77488,0.193392,0.031728,0.6599333611
367000,0.775768,0.192688,0.031544,0.65889212828
368000,0.776736,0.191912,0.031352,0.658475635152
369000,0.777776,0.19104,0.031184,0.661182840483
370000,0.778632,0.190496,0.030872,0.660766347355
371000,0.779248,0.19004,0.030712,0.66368179925
372000,0.780024,0.189456,0.03052,0.66576426489
373000,0.780824,0.188864,0.030312,0.667013744273
374000,0.781648,0.188264,0.030088,0.666597251145
375000,0.782472,0.187608,0.02992,0.666805497709
376000,0.783336,0.186888,0.029776,0.668054977093
377000,0.783968,0.186464,0.029568,0.668471470221
378000,0.784784,0.185904,0.029312,0.669096209913
379000,0.785552,0.185328,0.02912,0.668679716785
380000,0.78632,0.18476,0.02892,0.667638483965
381000,0.787232,0.18408,0.028688,0.670137442732
382000,0.78824,0.183312,0.028448,0.671178675552
383000,0.789088,0.182688,0.028224,0.671386922116
384000,0.790208,0.18176,0.028032,0.67159516868
385000,0.790928,0.181208,0.027864,0.672219908372
386000,0.791624,0.180696,0.02768,0.673261141191
387000,0.79232,0.180144,0.027536,0.674510620575
388000,0.793184,0.179488,0.027328,0.675135360267
389000,0.794048,0.178848,0.027104,0.675968346522
390000,0.794872,0.178224,0.026904,0.675135360267
391000,0.795496,0.177776,0.026728,0.677842565598
392000,0.796512,0.176992,0.026496,0.681174510621
393000,0.797232,0.176472,0.026296,0.681591003748
394000,0.798216,0.175696,0.026088,0.683673469388
395000,0.798768,0.175384,0.025848,0.683048729696
396000,0.799448,0.174824,0.025728,0.684506455643
397000,0.800384,0.174064,0.025552,0.685755935027
398000,0.80112,0.173544,0.025336,0.685339441899
399000,0.801976,0.172856,0.025168,0.686797167847
400000,0.802696,0.172368,0.024936,0.68908788005
401000,0.803296,0.17196,0.024744,0.691378592253
402000,0.804048,0.171376,0.024576,0.694502290712
403000,0.8048,0.170712,0.024488,0.695335276968
404000,0.805432,0.170224,0.024344,0.695335276968
405000,0.806136,0.169664,0.0242,0.697417742607
406000,0.806848,0.169128,0.024024,0.695751770096
407000,0.807488,0.168624,0.023888,0.695335276968
408000,0.808312,0.168016,0.023672,0.694710537276
409000,0.809104,0.1674,0.023496,0.695127030404
410000,0.809984,0.166728,0.023288,0.697417742607
411000,0.810808,0.166088,0.023104,0.69970845481
412000,0.81172,0.165328,0.022952,0.703456892961
413000,0.812392,0.164824,0.022784,0.703248646397
414000,0.81296,0.16444,0.0226,0.705331112037
415000,0.813576,0.163968,0.022456,0.705122865473
416000,0.814152,0.163552,0.022296,0.705539358601
417000,0.814936,0.162912,0.022152,0.706788837984
418000,0.815752,0.162368,0.02188,0.710537276135
419000,0.81656,0.161728,0.021712,0.710953769263
420000,0.817128,0.161288,0.021584,0.710953769263
421000,0.817664,0.160888,0.021448,0.71345272803
422000,0.818384,0.160344,0.021272,0.715326947105
423000,0.819096,0.159744,0.02116,0.714910453978
424000,0.820104,0.15892,0.020976,0.716992919617
425000,0.820944,0.158208,0.020848,0.717201166181
426000,0.821736,0.15756,0.020704,0.717201166181
427000,0.822368,0.157024,0.020608,0.715535193669
428000,0.823256,0.156264,0.02048,0.716784673053
429000,0.824056,0.155624,0.02032,0.716784673053
430000,0.824608,0.155152,0.02024,0.717201166181
431000,0.825304,0.15456,0.020136,0.71928363182
432000,0.825952,0.154056,0.019992,0.718658892128
433000,0.8266,0.153528,0.019872,0.719491878384
434000,0.827248,0.153016,0.019736,0.722407330279
435000,0.828096,0.152344,0.01956,0.721574344023
436000,0.82888,0.151712,0.019408,0.722823823407
437000,0.82948,0.151208,0.019312,0.723448563099
438000,0.830096,0.150824,0.01908,0.723240316535
439000,0.831096,0.150016,0.018888,0.726572261558
440000,0.831824,0.14944,0.018736,0.729071220325
441000,0.832568,0.148808,0.018624,0.729487713453
442000,0.833328,0.1482,0.018472,0.732403165348
443000,0.834024,0.147664,0.018312,0.734069137859
444000,0.834632,0.147184,0.018184,0.732819658476
445000,0.83544,0.14648,0.01808,0.734902124115
446000,0.836104,0.145928,0.017968,0.734069137859
447000,0.836704,0.145416,0.01788,0.733236151603
448000,0.8374,0.144904,0.017696,0.734902124115
449000,0.838208,0.144216,0.017576,0.735735110371
450000,0.83904,0.143552,0.017408,0.734902124115
451000,0.839656,0.14304,0.017304,0.734485630987
452000,0.84028,0.142496,0.017224,0.735735110371
453000,0.84096,0.14196,0.01708,0.734693877551
454000,0.8416,0.141432,0.016968,0.736568096626
455000,0.842328,0.140808,0.016864,0.735110370679
456000,0.843072,0.140216,0.016712,0.735110370679
457000,0.843664,0.139712,0.016624,0.735110370679
458000,0.844304,0.139232,0.016464,0.733652644731
459000,0.84476,0.13888,0.01636,0.73302790504
460000,0.845432,0.138328,0.01624,0.733444398167
461000,0.846104,0.137776,0.01612,0.732611411912
462000,0.846784,0.137224,0.015992,0.732194918784
463000,0.84756,0.136576,0.015864,0.730528946272
464000,0.848168,0.13608,0.015752,0.7309454394
465000,0.848896,0.135456,0.015648,0.733860891295
466000,0.849544,0.134944,0.015512,0.734485630987
467000,0.850096,0.134536,0.015368,0.735526863807
468000,0.850728,0.133976,0.015296,0.73781757601
469000,0.851304,0.133536,0.01516,0.739691795085
470000,0.851968,0.132928,0.015104,0.741357767597
471000,0.8526,0.132432,0.014968,0.742399000416
472000,0.853136,0.131984,0.01488,0.741774260725
473000,0.853584,0.131568,0.014848,0.742399000416
474000,0.854336,0.130928,0.014736,0.74260724698
475000,0.854992,0.130384,0.014624,0.7436484798
476000,0.855592,0.129904,0.014504,0.745939192003
477000,0.856208,0.129384,0.014408,0.744481466056
478000,0.857016,0.128696,0.014288,0.747396917951
479000,0.857592,0.128192,0.014216,0.746980424823
480000,0.858088,0.127784,0.014128,0.746980424823
481000,0.858824,0.127168,0.014008,0.749271137026
482000,0.85944,0.126648,0.013912,0.750104123282
483000,0.860152,0.126072,0.013776,0.751770095793
484000,0.860872,0.125424,0.013704,0.752186588921
485000,0.861568,0.12488,0.013552,0.753436068305
486000,0.862088,0.124424,0.013488,0.754269054561
487000,0.86284,0.123776,0.013384,0.755518533944
488000,0.86336,0.12336,0.01328,0.754685547688
489000,0.86384,0.122952,0.013208,0.755102040816
490000,0.864592,0.122344,0.013064,0.755518533944
491000,0.8652,0.121856,0.012944,0.75739275302
492000,0.865512,0.1216,0.012888,0.758850478967
493000,0.866208,0.121008,0.012784,0.760516451479
494000,0.866744,0.120552,0.012704,0.761974177426
495000,0.867424,0.119936,0.01264,0.763640149938
496000,0.868072,0.119352,0.012576,0.764473136193
497000,0.868752,0.118752,0.012496,0.764681382757
498000,0.869568,0.118024,0.012408,0.765097875885
499000,0.870088,0.117592,0.01232,0.766347355269
500000,0.870624,0.117168,0.012208,0.768429820908
501000,0.871136,0.116704,0.01216,0.768429820908
502000,0.871752,0.116176,0.012072,0.769679300292
503000,0.872384,0.115616,0.012,0.770512286547
504000,0.872816,0.11524,0.011944,0.772386505623
505000,0.873312,0.114864,0.011824,0.772386505623
506000,0.873984,0.114304,0.011712,0.773219491878
507000,0.874528,0.113864,0.011608,0.773219491878
508000,0.874976,0.113456,0.011568,0.772802998751
509000,0.87556,0.112944,0.011496,0.774468971262
510000,0.876176,0.112368,0.011456,0.775926697209
511000,0.87672,0.111984,0.011296,0.778425655977
512000,0.87732,0.111464,0.011216,0.778842149105
513000,0.877944,0.110952,0.011104,0.778009162849
514000,0.878304,0.110696,0.011,0.779050395668
515000,0.878896,0.110208,0.010896,0.779050395668
516000,0.879464,0.109688,0.010848,0.781549354436
517000,0.879984,0.10924,0.010776,0.781757601
518000,0.880488,0.108832,0.01068,0.781341107872
519000,0.88096,0.108424,0.010616,0.783631820075
520000,0.88148,0.108016,0.010504,0.783215326947
521000,0.882008,0.10756,0.010432,0.783007080383
522000,0.882568,0.107112,0.01032,0.782798833819
523000,0.883096,0.106672,0.010232,0.783631820075
524000,0.883464,0.106376,0.01016,0.784464806331
525000,0.884056,0.105864,0.01008,0.78550603915
526000,0.884664,0.105264,0.010072,0.786339025406
527000,0.88532,0.10472,0.00996,0.786755518534
528000,0.885888,0.104208,0.009904,0.787380258226
529000,0.886416,0.103768,0.009816,0.789462723865
530000,0.886984,0.103232,0.009784,0.791128696377
531000,0.887616,0.102664,0.00972,0.792169929196
532000,0.888192,0.102168,0.00964,0.792169929196
533000,0.88884,0.101552,0.009608,0.793002915452
534000,0.889432,0.10104,0.009528,0.79341940858
535000,0.889944,0.100616,0.00944,0.79341940858
536000,0.890424,0.100192,0.009384,0.79341940858
537000,0.89092,0.099752,0.009328,0.792169929196
538000,0.89148,0.099288,0.009232,0.793002915452
539000,0.891824,0.099008,0.009168,0.792586422324
540000,0.892384,0.098496,0.00912,0.793002915452
541000,0.892944,0.098,0.009056,0.794044148272
542000,0.89344,0.097584,0.008976,0.794877134527
543000,0.89388,0.097192,0.008928,0.796543107039
544000,0.894264,0.096856,0.00888,0.799458558934
545000,0.894864,0.09632,0.008816,0.801957517701
546000,0.895416,0.095848,0.008736,0.802165764265
547000,0.895864,0.095448,0.008688,0.803831736776
548000,0.896224,0.09516,0.008616,0.802998750521
549000,0.896696,0.094704,0.0086,0.803415243648
550000,0.897184,0.094296,0.00852,0.803415243648
551000,0.897744,0.0938,0.008456,0.801957517701
552000,0.898152,0.09344,0.008408,0.80403998334
553000,0.898776,0.092864,0.00836,0.806747188671
554000,0.899336,0.09236,0.008304,0.806330695544
555000,0.899632,0.092104,0.008264,0.80612244898
556000,0.899896,0.091872,0.008232,0.807996668055
557000,0.90032,0.091512,0.008168,0.808829654311
558000,0.900752,0.091112,0.008136,0.807163681799
559000,0.901168,0.090728,0.008104,0.807996668055
560000,0.901472,0.090472,0.008056,0.806330695544
561000,0.90204,0.089976,0.007984,0.807580174927
562000,0.902472,0.089616,0.007912,0.808413161183
563000,0.902856,0.089272,0.007872,0.808829654311
564000,0.903312,0.088864,0.007824,0.809662640566
565000,0.90372,0.088504,0.007776,0.809662640566
566000,0.904256,0.08804,0.007704,0.813411078717
567000,0.904656,0.087704,0.00764,0.814244064973
568000,0.905216,0.087232,0.007552,0.814244064973
569000,0.905696,0.086824,0.00748,0.815493544357
570000,0.906232,0.086304,0.007464,0.817159516868
571000,0.906768,0.085816,0.007416,0.817992503124
572000,0.907248,0.085392,0.00736,0.818825489379
573000,0.907864,0.084824,0.007312,0.820907955019
574000,0.908296,0.08444,0.007264,0.825489379425
575000,0.908808,0.083976,0.007216,0.825905872553
576000,0.909304,0.083544,0.007152,0.824239900042
577000,0.909856,0.083048,0.007096,0.826322365681
578000,0.91032,0.082616,0.007064,0.827155351937
579000,0.910824,0.082176,0.007,0.826738858809
580000,0.911184,0.081872,0.006944,0.83048729696
581000,0.911608,0.081488,0.006904,0.832569762599
582000,0.91204,0.081072,0.006888,0.83631820075
583000,0.912576,0.080616,0.006808,0.837567680133
584000,0.91304,0.0802,0.00676,0.837984173261
585000,0.913384,0.079912,0.006704,0.838400666389
586000,0.9138,0.079512,0.006688,0.839233652645
587000,0.914424,0.078928,0.006648,0.8400666389
588000,0.914888,0.078512,0.0066,0.839233652645
589000,0.915312,0.078144,0.006544,0.837567680133
590000,0.915664,0.07784,0.006496,0.836734693878
591000,0.91612,0.077432,0.006448,0.838608912953
592000,0.9166,0.077016,0.006384,0.838192419825
593000,0.91712,0.076584,0.006296,0.838192419825
594000,0.917576,0.076184,0.00624,0.838608912953
595000,0.918056,0.075752,0.006192,0.838608912953
596000,0.918512,0.075384,0.006104,0.838608912953
597000,0.918896,0.075032,0.006072,0.839858392337
598000,0.919328,0.074632,0.00604,0.839858392337
599000,0.919736,0.074232,0.006032,0.840483132028
600000,0.920024,0.073984,0.005992,0.841316118284
601000,0.920384,0.07364,0.005976,0.842982090796
602000,0.9208,0.073248,0.005952,0.844648063307
603000,0.921192,0.072904,0.005904,0.845481049563
604000,0.921592,0.072536,0.005872,0.845481049563
605000,0.922032,0.072136,0.005832,0.844648063307
606000,0.922472,0.071704,0.005824,0.845481049563
607000,0.922888,0.071352,0.00576,0.845689296127
608000,0.92332,0.070976,0.005704,0.845689296127
609000,0.923736,0.070616,0.005648,0.844856309871
610000,0.924176,0.0702,0.005624,0.844439816743
611000,0.924472,0.069904,0.005624,0.845272802999
612000,0.92476,0.069688,0.005552,0.844648063307
613000,0.925112,0.069376,0.005512,0.844648063307
614000,0.925544,0.069024,0.005432,0.844231570179
615000,0.925952,0.06868,0.005368,0.843398583923
616000,0.926328,0.068304,0.005368,0.844231570179
617000,0.926608,0.068072,0.00532,0.844231570179
618000,0.92692,0.067776,0.005304,0.843815077051
619000,0.92724,0.067512,0.005248,0.845272802999
620000,0.92756,0.067232,0.005208,0.845272802999
621000,0.928056,0.066776,0.005168,0.845272802999
622000,0.928504,0.066384,0.005112,0.844856309871
623000,0.928872,0.066064,0.005064,0.844856309871
624000,0.92932,0.065672,0.005008,0.846522282382
625000,0.929536,0.065472,0.004992,0.84693877551
626000,0.92988,0.065144,0.004976,0.847147022074
627000,0.930296,0.064776,0.004928,0.847355268638
628000,0.930624,0.064504,0.004872,0.847771761766
629000,0.930928,0.064216,0.004856,0.848604748022
630000,0.931104,0.064048,0.004848,0.850270720533
631000,0.931408,0.0638,0.004792,0.849437734277
632000,0.931736,0.063504,0.00476,0.849437734277
633000,0.932184,0.063088,0.004728,0.850270720533
634000,0.932592,0.062704,0.004704,0.851103706789
635000,0.93288,0.06244,0.00468,0.851103706789
636000,0.933184,0.062176,0.00464,0.850270720533
637000,0.933576,0.061832,0.004592,0.850270720533
638000,0.933944,0.061504,0.004552,0.849437734277
639000,0.93428,0.061192,0.004528,0.849645980841
640000,0.93468,0.060848,0.004472,0.850062473969
641000,0.935056,0.060536,0.004408,0.850895460225
642000,0.935352,0.06024,0.004408,0.851728446481
643000,0.935784,0.059872,0.004344,0.853186172428
644000,0.936104,0.059552,0.004344,0.853186172428
645000,0.936384,0.05928,0.004336,0.8527696793
646000,0.936768,0.058928,0.004304,0.8527696793
647000,0.937096,0.058656,0.004248,0.8527696793
648000,0.937544,0.058264,0.004192,0.853602665556
649000,0.938008,0.057832,0.00416,0.85381091212
650000,0.938336,0.05752,0.004144,0.854019158684
651000,0.938696,0.0572,0.004104,0.854019158684
652000,0.93912,0.056816,0.004064,0.854643898376
653000,0.939416,0.056544,0.00404,0.855060391504
654000,0.939712,0.056272,0.004016,0.856309870887
655000,0.939984,0.056032,0.003984,0.856309870887
656000,0.940328,0.055696,0.003976,0.856309870887
657000,0.940688,0.05536,0.003952,0.856726364015
658000,0.94112,0.054944,0.003936,0.858392336526
659000,0.941416,0.054688,0.003896,0.859017076218
660000,0.941784,0.05436,0.003856,0.862349021241
661000,0.942192,0.053976,0.003832,0.862765514369
662000,0.9426,0.053584,0.003816,0.863598500625
663000,0.942888,0.053336,0.003776,0.863598500625
664000,0.943216,0.053056,0.003728,0.86651395252
665000,0.943488,0.052832,0.00368,0.867138692212
666000,0.943736,0.0526,0.003664,0.868804664723
667000,0.943984,0.052392,0.003624,0.869221157851
668000,0.944168,0.052216,0.003616,0.871095376926
669000,0.944504,0.051888,0.003608,0.871928363182
670000,0.94484,0.051592,0.003568,0.873177842566
671000,0.94504,0.05144,0.00352,0.873802582257
672000,0.94552,0.051008,0.003472,0.876301541025
673000,0.945784,0.050744,0.003472,0.875468554769
674000,0.946,0.050552,0.003448,0.876301541025
675000,0.946312,0.050248,0.00344,0.877967513536
676000,0.946624,0.049944,0.003432,0.877967513536
677000,0.946808,0.049784,0.003408,0.878800499792
678000,0.94712,0.049504,0.003376,0.878800499792
679000,0.947424,0.04924,0.003336,0.878800499792
680000,0.94784,0.04888,0.00328,0.880049979175
681000,0.948128,0.048608,0.003264,0.880466472303
682000,0.948504,0.048264,0.003232,0.880882965431
683000,0.948688,0.048112,0.0032,0.880049979175
684000,0.949056,0.04776,0.003184,0.880466472303
685000,0.949336,0.047512,0.003152,0.880882965431
686000,0.949656,0.047216,0.003128,0.880049979175
687000,0.949904,0.04696,0.003136,0.881299458559
688000,0.950216,0.046664,0.00312,0.883381924198
689000,0.950568,0.04632,0.003112,0.88504789671
690000,0.950856,0.046048,0.003096,0.884214910454
691000,0.9512,0.04572,0.00308,0.883381924198
692000,0.951464,0.04548,0.003056,0.884214910454
693000,0.9518,0.045176,0.003024,0.884839650146
694000,0.951928,0.045072,0.003,0.886505622657
695000,0.952168,0.044856,0.002976,0.887338608913
696000,0.952336,0.044704,0.00296,0.888171595169
697000,0.952632,0.044424,0.002944,0.887755102041
698000,0.952864,0.044232,0.002904,0.888588088297
699000,0.95316,0.043936,0.002904,0.889421074552
700000,0.953368,0.043752,0.00288,0.889004581424
701000,0.95356,0.043568,0.002872,0.889004581424
702000,0.953936,0.043224,0.00284,0.891503540192
703000,0.9542,0.042984,0.002816,0.894002498959
704000,0.954416,0.04276,0.002824,0.894835485214
705000,0.954632,0.042576,0.002792,0.894835485214
706000,0.95488,0.042352,0.002768,0.894835485214
707000,0.955208,0.042032,0.00276,0.896501457726
708000,0.955392,0.041848,0.00276,0.89566847147
709000,0.955672,0.041592,0.002736,0.89566847147
710000,0.955864,0.041416,0.00272,0.896501457726
711000,0.956208,0.041096,0.002696,0.897334443982
712000,0.956488,0.040816,0.002696,0.899416909621
713000,0.956704,0.040608,0.002688,0.899833402749
714000,0.956976,0.040368,0.002656,0.901915868388
715000,0.95716,0.040208,0.002632,0.902124114952
716000,0.957432,0.03996,0.002608,0.902957101208
717000,0.957672,0.039712,0.002616,0.903790087464
718000,0.95804,0.039368,0.002592,0.904623073719
719000,0.958376,0.039064,0.00256,0.905456059975
720000,0.95868,0.038776,0.002544,0.907122032486
721000,0.958952,0.038544,0.002504,0.907122032486
722000,0.959224,0.038296,0.00248,0.907122032486
723000,0.959552,0.038032,0.002416,0.907122032486
724000,0.959856,0.03776,0.002384,0.907122032486
725000,0.960024,0.037592,0.002384,0.908788004998
726000,0.96028,0.037352,0.002368,0.908788004998
727000,0.960496,0.037168,0.002336,0.908788004998
728000,0.96076,0.03692,0.00232,0.909204498126
729000,0.961,0.036704,0.002296,0.910453977509
730000,0.961216,0.036488,0.002296,0.910453977509
731000,0.96148,0.036232,0.002288,0.910245730945
732000,0.961656,0.03608,0.002264,0.909829237818
733000,0.96184,0.035896,0.002264,0.90941274469
734000,0.962016,0.035728,0.002256,0.910245730945
735000,0.962264,0.035496,0.00224,0.911078717201
736000,0.96248,0.035312,0.002208,0.911911703457
737000,0.962728,0.035088,0.002184,0.911911703457
738000,0.96288,0.03496,0.00216,0.912744689713
739000,0.963096,0.03476,0.002144,0.913577675968
740000,0.96332,0.034552,0.002128,0.914410662224
741000,0.96348,0.0344,0.00212,0.91524364848
742000,0.963632,0.03428,0.002088,0.91524364848
743000,0.963896,0.034024,0.00208,0.916493127863
744000,0.964048,0.033888,0.002064,0.916493127863
745000,0.96424,0.033712,0.002048,0.917326114119
746000,0.96444,0.033552,0.002008,0.918367346939
747000,0.96468,0.03332,0.002,0.919616826322
748000,0.964864,0.033144,0.001992,0.919200333195
749000,0.965104,0.03292,0.001976,0.919200333195
750000,0.965376,0.03268,0.001944,0.918367346939
751000,0.965544,0.032544,0.001912,0.918367346939
752000,0.965728,0.032376,0.001896,0.916284881299
753000,0.965952,0.032168,0.00188,0.916701374427
754000,0.966144,0.031976,0.00188,0.918367346939
755000,0.966296,0.031832,0.001872,0.918367346939
756000,0.966512,0.031624,0.001864,0.918367346939
757000,0.96668,0.031456,0.001864,0.918992086631
758000,0.96684,0.031304,0.001856,0.919408579758
759000,0.96704,0.031112,0.001848,0.919408579758
760000,0.967224,0.030944,0.001832,0.919408579758
761000,0.9674,0.030776,0.001824,0.920241566014
762000,0.967552,0.03064,0.001808,0.920241566014
763000,0.967728,0.03048,0.001792,0.92107455227
764000,0.967888,0.030328,0.001784,0.921491045398
765000,0.968152,0.030088,0.00176,0.92107455227
766000,0.968288,0.029952,0.00176,0.922324031653
767000,0.968448,0.029792,0.00176,0.921699291962
768000,0.96872,0.02956,0.00172,0.923365264473
769000,0.968936,0.029368,0.001696,0.923365264473
770000,0.969024,0.02928,0.001696,0.923365264473
771000,0.969144,0.02916,0.001696,0.925031236985
772000,0.969312,0.029016,0.001672,0.925031236985
773000,0.969504,0.028832,0.001664,0.92586422324
774000,0.96968,0.028648,0.001672,0.92586422324
775000,0.969864,0.028472,0.001664,0.92586422324
776000,0.970032,0.028312,0.001656,0.926072469804
777000,0.970088,0.028256,0.001656,0.924822990421
778000,0.970176,0.028192,0.001632,0.925239483549
779000,0.970248,0.028136,0.001616,0.925239483549
780000,0.970368,0.02804,0.001592,0.926072469804
781000,0.970584,0.027832,0.001584,0.92690545606
782000,0.97076,0.027656,0.001584,0.927738442316
783000,0.971056,0.027368,0.001576,0.929404414827
784000,0.971248,0.027208,0.001544,0.929404414827
785000,0.971408,0.027072,0.00152,0.929404414827
786000,0.971608,0.026888,0.001504,0.930237401083
787000,0.971776,0.026728,0.001496,0.931070387339
788000,0.971984,0.026528,0.001488,0.931903373594
789000,0.972152,0.026376,0.001472,0.931070387339
790000,0.972288,0.026248,0.001464,0.931070387339
791000,0.972472,0.02608,0.001448,0.93273635985
792000,0.972656,0.025888,0.001456,0.933985839234
793000,0.9728,0.025736,0.001464,0.933985839234
794000,0.972992,0.025544,0.001464,0.935860058309
795000,0.97312,0.025424,0.001456,0.935860058309
796000,0.973328,0.025224,0.001448,0.935860058309
797000,0.973496,0.025096,0.001408,0.935860058309
798000,0.973648,0.024952,0.0014,0.936693044565
799000,0.973768,0.02484,0.001392,0.936693044565
800000,0.973984,0.024624,0.001392,0.93752603082
801000,0.974152,0.024464,0.001384,0.938775510204
802000,0.97428,0.024336,0.001384,0.939192003332
803000,0.974424,0.0242,0.001376,0.940024989588
804000,0.974584,0.024072,0.001344,0.941690962099
805000,0.97476,0.023912,0.001328,0.942523948355
806000,0.97492,0.02376,0.00132,0.942523948355
807000,0.975008,0.023688,0.001304,0.941690962099
808000,0.975144,0.023576,0.00128,0.942523948355
809000,0.975296,0.02344,0.001264,0.942523948355
810000,0.975448,0.023288,0.001264,0.942107455227
811000,0.975552,0.023192,0.001256,0.943565181175
812000,0.975776,0.022968,0.001256,0.943565181175
813000,0.976,0.022744,0.001256,0.943565181175
814000,0.976056,0.022688,0.001256,0.943565181175
815000,0.976272,0.022488,0.00124,0.94439816743
816000,0.976368,0.022408,0.001224,0.94439816743
817000,0.976456,0.02232,0.001224,0.94439816743
818000,0.976608,0.022192,0.0012,0.94439816743
819000,0.976784,0.022056,0.00116,0.94439816743
820000,0.976896,0.021944,0.00116,0.94439816743
821000,0.976992,0.021848,0.00116,0.945231153686
822000,0.977144,0.021704,0.001152,0.944814660558
823000,0.977312,0.021536,0.001152,0.94648063307
824000,0.977448,0.021416,0.001136,0.94648063307
825000,0.977664,0.021208,0.001128,0.947105372761
826000,0.977792,0.02108,0.001128,0.947105372761
827000,0.977904,0.020976,0.00112,0.949187838401
828000,0.978088,0.0208,0.001112,0.949187838401
829000,0.978208,0.02068,0.001112,0.949187838401
830000,0.978328,0.02056,0.001112,0.949396084965
831000,0.978496,0.0204,0.001104,0.949396084965
832000,0.978624,0.020288,0.001088,0.949812578092
