1000,0.331496,0.332712,0.335792,0.340899625156
2000,0.329392,0.332736,0.337872,0.340274885464
3000,0.327408,0.332768,0.339824,0.34110787172
4000,0.32564,0.332872,0.341488,0.340274885464
5000,0.323904,0.33284,0.343256,0.341316118284
6000,0.321712,0.333312,0.344976,0.341940857976
7000,0.31992,0.33332,0.34676,0.343815077051
8000,0.318104,0.333288,0.348608,0.34214910454
9000,0.316008,0.3334,0.350592,0.343398583923
10000,0.314232,0.33344,0.352328,0.344856309871
11000,0.312448,0.333416,0.354136,0.344023323615
12000,0.310376,0.3336,0.356024,0.345689296127
13000,0.308736,0.333248,0.358016,0.346522282382
14000,0.306952,0.3332,0.359848,0.345689296127
15000,0.30496,0.333408,0.361632,0.345897542691
16000,0.303328,0.33384,0.362832,0.34693877551
17000,0.301336,0.333904,0.36476,0.344856309871
18000,0.299736,0.333736,0.366528,0.347147022074
19000,0.298128,0.333432,0.36844,0.348188254894
20000,0.296216,0.33316,0.370624,0.350062473969
21000,0.29452,0.333128,0.372352,0.348396501458
22000,0.29264,0.333264,0.374096,0.351311953353
23000,0.290968,0.333408,0.375624,0.351103706789
24000,0.289136,0.333624,0.37724,0.351520199917
25000,0.287544,0.333672,0.378784,0.354019158684
26000,0.285664,0.333576,0.38076,0.353602665556
27000,0.283992,0.333752,0.382256,0.3527696793
28000,0.282344,0.33392,0.383736,0.353602665556
29000,0.280464,0.334016,0.38552,0.354227405248
30000,0.279088,0.33384,0.387072,0.355268638067
31000,0.277528,0.333544,0.388928,0.355476884631
32000,0.275816,0.333688,0.390496,0.356309870887
33000,0.274216,0.333672,0.392112,0.355893377759
34000,0.272576,0.333784,0.39364,0.355685131195
35000,0.270992,0.333576,0.395432,0.358392336526
36000,0.26932,0.333608,0.397072,0.359433569346
37000,0.267864,0.33372,0.398416,0.359225322782
38000,0.2662,0.333456,0.400344,0.359433569346
39000,0.264512,0.333544,0.401944,0.358808829654
40000,0.263032,0.333632,0.403336,0.358808829654
41000,0.261328,0.333456,0.405216,0.357975843399
42000,0.259504,0.333488,0.407008,0.359017076218
43000,0.258096,0.3334,0.408504,0.360058309038
44000,0.256648,0.333608,0.409744,0.361724281549
45000,0.255024,0.33364,0.411336,0.362557267805
46000,0.25352,0.333528,0.412952,0.363182007497
47000,0.252064,0.333648,0.414288,0.361516034985
48000,0.250312,0.334088,0.4156,0.363806747189
49000,0.248664,0.3344,0.416936,0.364847980008
50000,0.247304,0.334224,0.418472,0.3654727197
51000,0.245832,0.334224,0.419944,0.366097459392
52000,0.244288,0.334224,0.421488,0.365264473136
53000,0.242592,0.334128,0.42328,0.365889212828
54000,0.241088,0.334168,0.424744,0.367763431903
55000,0.239736,0.334272,0.425992,0.367763431903
56000,0.238256,0.33424,0.427504,0.369845897543
57000,0.236696,0.333992,0.429312,0.37234485631
58000,0.235184,0.33372,0.431096,0.374427321949
59000,0.23364,0.333936,0.432424,0.373802582257
60000,0.232064,0.333784,0.434152,0.370887130362
61000,0.230904,0.333392,0.435704,0.369012911287
62000,0.22948,0.333264,0.437256,0.369845897543
63000,0.228168,0.333176,0.438656,0.370887130362
64000,0.22684,0.333008,0.440152,0.371095376926
65000,0.225544,0.332904,0.441552,0.37130362349
66000,0.22448,0.332648,0.442872,0.371511870054
67000,0.222944,0.332592,0.444464,0.371928363182
68000,0.221632,0.332536,0.445832,0.37234485631
69000,0.220104,0.332616,0.44728,0.373802582257
70000,0.218928,0.332712,0.44836,0.374635568513
71000,0.217392,0.332728,0.44988,0.374427321949
72000,0.216032,0.3326,0.451368,0.374635568513
73000,0.21476,0.332408,0.452832,0.375676801333
74000,0.213488,0.33216,0.454352,0.376926280716
75000,0.212088,0.332304,0.455608,0.377551020408
76000,0.210736,0.3322,0.457064,0.378592253228
77000,0.209208,0.33224,0.458552,0.377759266972
78000,0.207816,0.332176,0.460008,0.377967513536
79000,0.20652,0.331944,0.461536,0.378592253228
80000,0.205096,0.331736,0.463168,0.380049979175
81000,0.203752,0.331832,0.464416,0.379633486047
82000,0.20252,0.331736,0.465744,0.379633486047
83000,0.20116,0.331648,0.467192,0.379008746356
84000,0.200008,0.331456,0.468536,0.380258225739
85000,0.198552,0.331328,0.47012,0.381091211995
86000,0.197336,0.33132,0.471344,0.380466472303
87000,0.195992,0.331192,0.472816,0.38296543107
88000,0.194592,0.331216,0.474192,0.381924198251
89000,0.19336,0.330976,0.475664,0.381924198251
90000,0.192144,0.330776,0.47708,0.383381924198
91000,0.190936,0.330712,0.478352,0.383798417326
92000,0.1896,0.330608,0.479792,0.386297376093
93000,0.18832,0.330608,0.481072,0.386713869221
94000,0.186992,0.330488,0.48252,0.387130362349
95000,0.185848,0.330312,0.48384,0.389004581424
96000,0.184664,0.330208,0.485128,0.389629321116
97000,0.183512,0.329944,0.486544,0.391711786756
98000,0.182368,0.329856,0.487776,0.390254060808
99000,0.181184,0.329784,0.489032,0.391295293628
100000,0.180048,0.329576,0.490376,0.395460224906
101000,0.1788,0.32952,0.49168,0.394627238651
102000,0.177512,0.329168,0.49332,0.394835485214
103000,0.176488,0.32888,0.494632,0.39670970429
104000,0.175376,0.328864,0.49576,0.396917950854
105000,0.17424,0.329184,0.496576,0.399625156185
106000,0.172728,0.329168,0.498104,0.402332361516
107000,0.171584,0.329176,0.49924,0.404414827155
108000,0.170368,0.329048,0.500584,0.405664306539
109000,0.169272,0.329168,0.50156,0.407122032486
110000,0.168192,0.329096,0.502712,0.408163265306
111000,0.167128,0.328928,0.503944,0.410245730945
112000,0.165776,0.329232,0.504992,0.411911703457
113000,0.164752,0.328848,0.5064,0.412536443149
114000,0.163648,0.328488,0.507864,0.414410662224
115000,0.162456,0.328696,0.508848,0.413785922532
116000,0.161336,0.328272,0.510392,0.417534360683
117000,0.160216,0.328288,0.511496,0.417534360683
118000,0.159024,0.328176,0.5128,0.418159100375
119000,0.158048,0.32788,0.514072,0.419408579758
120000,0.15684,0.327728,0.515432,0.417950853811
121000,0.155872,0.327536,0.516592,0.417326114119
122000,0.154624,0.327368,0.518008,0.418367346939
123000,0.153584,0.327296,0.51912,0.418575593503
124000,0.152696,0.327032,0.520272,0.418575593503
125000,0.151616,0.32692,0.521464,0.420241566014
126000,0.150632,0.326856,0.522512,0.419825072886
127000,0.149488,0.326608,0.523904,0.417742607247
128000,0.148456,0.32648,0.525064,0.418575593503
129000,0.147488,0.326304,0.526208,0.418992086631
130000,0.146416,0.32612,0.527464,0.420866305706
131000,0.145456,0.326016,0.528528,0.42107455227
132000,0.144344,0.325984,0.529672,0.419408579758
133000,0.143336,0.325848,0.530816,0.423157017909
134000,0.142512,0.325752,0.531736,0.422740524781
135000,0.141632,0.32576,0.532608,0.424614743857
136000,0.140736,0.325528,0.533736,0.427113702624
137000,0.139904,0.325,0.535096,0.429196168263
138000,0.138968,0.324936,0.536096,0.430029154519
139000,0.137944,0.32468,0.537376,0.433152852978
140000,0.137064,0.3246,0.538336,0.434818825489
141000,0.136064,0.324352,0.539584,0.434610578925
142000,0.134968,0.324128,0.540904,0.438150770512
143000,0.134,0.324224,0.541776,0.439400249896
144000,0.133128,0.324072,0.5428,0.438359017076
145000,0.132256,0.324,0.543744,0.43960849646
146000,0.131272,0.32392,0.544808,0.442940441483
147000,0.130304,0.323992,0.545704,0.443148688047
148000,0.129184,0.323704,0.547112,0.443773427738
149000,0.128328,0.323384,0.548288,0.44543940025
150000,0.12728,0.323576,0.549144,0.448146605581
151000,0.126528,0.32332,0.550152,0.449812578092
152000,0.125744,0.32336,0.550896,0.449604331529
153000,0.124888,0.323168,0.551944,0.450437317784
154000,0.124008,0.322864,0.553128,0.45231153686
155000,0.123208,0.322664,0.554128,0.451686797168
156000,0.122472,0.32252,0.555008,0.453352769679
157000,0.12176,0.322304,0.555936,0.454602249063
158000,0.120928,0.321736,0.557336,0.45605997501
159000,0.119968,0.321704,0.558328,0.454810495627
160000,0.119184,0.321432,0.559384,0.455435235319
161000,0.118208,0.321152,0.56064,0.457725947522
162000,0.117496,0.320944,0.56156,0.459391920033
163000,0.116728,0.320912,0.56236,0.460641399417
164000,0.115944,0.320816,0.56324,0.460641399417
165000,0.1152,0.320696,0.564104,0.459808413161
166000,0.114384,0.32056,0.565056,0.460016659725
167000,0.113576,0.320552,0.565872,0.460016659725
168000,0.11276,0.320168,0.567072,0.461057892545
169000,0.112072,0.31996,0.567968,0.462723865056
170000,0.111216,0.319832,0.568952,0.462723865056
171000,0.110432,0.319392,0.570176,0.466055810079
172000,0.109808,0.318816,0.571376,0.468971261974
173000,0.109136,0.31856,0.572304,0.471261974177
174000,0.108472,0.318344,0.573184,0.472927946689
175000,0.10784,0.317848,0.574312,0.474802165764
176000,0.10708,0.317784,0.575136,0.474385672636
177000,0.106176,0.31764,0.576184,0.476884631404
178000,0.105488,0.317424,0.577088,0.477092877968
179000,0.104856,0.317136,0.578008,0.479175343607
180000,0.104168,0.316688,0.579144,0.48042482299
181000,0.103472,0.316584,0.579944,0.482090795502
182000,0.102744,0.31648,0.580776,0.482090795502
183000,0.101968,0.316064,0.581968,0.483132028322
184000,0.101248,0.316296,0.582456,0.487088713036
185000,0.100592,0.315952,0.583456,0.487713452728
186000,0.099984,0.315472,0.584544,0.4872969596
187000,0.099056,0.314952,0.585992,0.486463973344
188000,0.098264,0.314488,0.587248,0.486880466472
189000,0.097504,0.314144,0.588352,0.487921699292
190000,0.096808,0.313872,0.58932,0.487505206164
191000,0.096184,0.313536,0.59028,0.486880466472
192000,0.095512,0.313072,0.591416,0.487713452728
193000,0.094824,0.31284,0.592336,0.4872969596
194000,0.09408,0.312416,0.593504,0.488129945856
195000,0.093504,0.312192,0.594304,0.489795918367
196000,0.092632,0.312064,0.595304,0.490004164931
197000,0.091888,0.311712,0.5964,0.490837151187
198000,0.091208,0.311528,0.597264,0.491461890879
199000,0.09056,0.311136,0.598304,0.491461890879
200000,0.08984,0.310728,0.599432,0.491253644315
201000,0.089304,0.31044,0.600256,0.492919616826
202000,0.088744,0.310456,0.6008,0.492503123698
203000,0.088096,0.310216,0.601688,0.491878384007
204000,0.087328,0.310088,0.602584,0.495418575594
205000,0.086752,0.309864,0.603384,0.498125780925
206000,0.086048,0.30948,0.604472,0.49895876718
207000,0.085344,0.309456,0.6052,0.499791753436
208000,0.084808,0.308992,0.6062,0.497501041233
209000,0.084168,0.308664,0.607168,0.498334027489
210000,0.083616,0.308352,0.608032,0.496668054977
211000,0.082968,0.307992,0.60904,0.498542274052
212000,0.082368,0.307808,0.609824,0.503123698459
213000,0.081736,0.30764,0.610624,0.505622657226
214000,0.081136,0.307208,0.611656,0.506247396918
215000,0.080464,0.30684,0.612696,0.506663890046
216000,0.07988,0.306712,0.613408,0.508746355685
217000,0.079352,0.306488,0.61416,0.510828821324
218000,0.078728,0.306192,0.61508,0.513536026656
219000,0.078312,0.305808,0.61588,0.513536026656
220000,0.07772,0.305288,0.616992,0.514993752603
221000,0.07728,0.304784,0.617936,0.515201999167
222000,0.076808,0.304568,0.618624,0.51749271137
223000,0.076304,0.304096,0.6196,0.518742190754
224000,0.075824,0.303856,0.62032,0.520408163265
225000,0.075352,0.3036,0.621048,0.521241149521
226000,0.074832,0.303312,0.621856,0.52332361516
227000,0.0742,0.302848,0.622952,0.523740108288
228000,0.073632,0.302584,0.623784,0.524573094544
229000,0.073136,0.302432,0.624432,0.523948354852
230000,0.072664,0.302312,0.625024,0.524781341108
231000,0.072104,0.302024,0.625872,0.524573094544
232000,0.071512,0.301544,0.626944,0.527072053311
233000,0.071144,0.301256,0.6276,0.5254060808
234000,0.070664,0.300952,0.628384,0.524573094544
235000,0.070192,0.30044,0.629368,0.526239067055
236000,0.06968,0.30012,0.6302,0.526863806747
237000,0.069128,0.299864,0.631008,0.526447313619
238000,0.068416,0.299688,0.631896,0.527280299875
239000,0.067856,0.2992,0.632944,0.5254060808
240000,0.067304,0.298752,0.633944,0.524989587672
241000,0.066896,0.298408,0.634696,0.526447313619
242000,0.066384,0.297992,0.635624,0.525822573928
243000,0.06592,0.297408,0.636672,0.5254060808
244000,0.065288,0.29692,0.637792,0.528321532695
245000,0.06488,0.296432,0.638688,0.528738025823
246000,0.0644,0.296168,0.639432,0.53019575177
247000,0.06396,0.295872,0.640168,0.531445231154
248000,0.06336,0.295384,0.641256,0.530612244898
249000,0.06288,0.295056,0.642064,0.529779258642
250000,0.062472,0.294624,0.642904,0.528113286131
251000,0.062056,0.294264,0.64368,0.529362765514
252000,0.061592,0.293712,0.644696,0.529779258642
253000,0.061208,0.293472,0.64532,0.532902957101
254000,0.060704,0.293224,0.646072,0.533944189921
255000,0.060224,0.292696,0.64708,0.536234902124
256000,0.059832,0.292224,0.647944,0.536443148688
257000,0.059408,0.29184,0.648752,0.537276134944
258000,0.058944,0.291384,0.649672,0.536443148688
259000,0.05852,0.291016,0.650464,0.533319450229
260000,0.05808,0.290696,0.651224,0.532902957101
261000,0.057672,0.290624,0.651704,0.533319450229
262000,0.057176,0.290384,0.65244,0.533527696793
263000,0.056728,0.289784,0.653488,0.535818408996
264000,0.056248,0.289528,0.654224,0.5381091212
265000,0.055824,0.2892,0.654976,0.537692628072
266000,0.055464,0.288768,0.655768,0.538525614327
267000,0.05508,0.288248,0.656672,0.539566847147
268000,0.054568,0.287872,0.65756,0.541232819658
269000,0.054144,0.28748,0.658376,0.541441066222
270000,0.053744,0.286872,0.659384,0.544981257809
271000,0.053272,0.286528,0.6602,0.546438983757
272000,0.052848,0.286072,0.66108,0.545814244065
273000,0.052456,0.28568,0.661864,0.547896709704
274000,0.052072,0.285232,0.662696,0.547896709704
275000,0.051704,0.284784,0.663512,0.550812161599
276000,0.051344,0.284288,0.664368,0.552478134111
277000,0.0508,0.283792,0.665408,0.552686380675
278000,0.05032,0.283544,0.666136,0.551853394419
279000,0.049984,0.283416,0.6666,0.552269887547
280000,0.04968,0.28288,0.66744,0.553102873803
281000,0.049336,0.282752,0.667912,0.554144106622
282000,0.048872,0.282504,0.668624,0.556434818825
283000,0.048512,0.281968,0.66952,0.556851311953
284000,0.04816,0.281536,0.670304,0.556643065389
285000,0.047848,0.281128,0.671024,0.557267805081
286000,0.047568,0.28076,0.671672,0.558100791337
287000,0.047232,0.280312,0.672456,0.558100791337
288000,0.046936,0.279824,0.67324,0.556434818825
289000,0.046664,0.27948,0.673856,0.557684298209
290000,0.046264,0.279488,0.674248,0.558100791337
291000,0.04588,0.279048,0.675072,0.558725531029
292000,0.045536,0.278584,0.67588,0.562890462307
293000,0.04516,0.278192,0.676648,0.561849229488
294000,0.044896,0.277688,0.677416,0.563306955435
295000,0.044576,0.27728,0.678144,0.564348188255
296000,0.044296,0.276936,0.678768,0.563098708871
297000,0.044024,0.27628,0.679696,0.565389421075
298000,0.043688,0.275928,0.680384,0.564764681383
299000,0.043392,0.275736,0.680872,0.566638900458
300000,0.042888,0.275432,0.68168,0.567471886714
301000,0.042544,0.275296,0.68216,0.567680133278
302000,0.042264,0.274824,0.682912,0.568721366097
303000,0.041896,0.27448,0.683624,0.571220324865
304000,0.0416,0.273984,0.684416,0.571428571429
305000,0.041224,0.273528,0.685248,0.571845064556
306000,0.041,0.273168,0.685832,0.570595585173
307000,0.040696,0.272704,0.6866,0.571428571429
308000,0.040416,0.272448,0.687136,0.569554352353
309000,0.040104,0.272168,0.687728,0.570179092045
310000,0.039784,0.271808,0.688408,0.571845064556
311000,0.039456,0.271416,0.689128,0.573511037068
312000,0.039152,0.271256,0.689592,0.573927530196
313000,0.038872,0.270872,0.690256,0.575593502707
314000,0.038568,0.27068,0.690752,0.576842982091
315000,0.038312,0.270576,0.691112,0.57996668055
316000,0.038,0.27004,0.69196,0.580383173678
317000,0.037736,0.26964,0.692624,0.579341940858
318000,0.037504,0.269288,0.693208,0.580174927114
319000,0.037248,0.268928,0.693824,0.582673885881
320000,0.036928,0.268608,0.694464,0.582882132445
321000,0.036616,0.267952,0.695432,0.586214077468
322000,0.036304,0.267448,0.696248,0.587047063723
323000,0.036096,0.266896,0.697008,0.586005830904
324000,0.035824,0.266496,0.69768,0.58579758434
325000,0.035456,0.265912,0.698632,0.584964598084
326000,0.03532,0.265184,0.699496,0.586005830904
327000,0.035064,0.264944,0.699992,0.58579758434
328000,0.034832,0.264512,0.700656,0.587671803415
329000,0.034584,0.263928,0.701488,0.586630570596
330000,0.034296,0.263536,0.702168,0.58683881716
331000,0.033976,0.262888,0.703136,0.587463556851
332000,0.03376,0.262304,0.703936,0.591836734694
333000,0.033496,0.261928,0.704576,0.592877967514
334000,0.033272,0.261296,0.705432,0.592461474386
335000,0.033008,0.260792,0.7062,0.593086214077
336000,0.032752,0.260272,0.706976,0.593086214077
337000,0.032456,0.259816,0.707728,0.591836734694
338000,0.032176,0.259344,0.70848,0.59266972095
339000,0.031912,0.258904,0.709184,0.591211995002
340000,0.031744,0.258344,0.709912,0.592044981258
341000,0.031504,0.257968,0.710528,0.592044981258
342000,0.031248,0.257632,0.71112,0.592044981258
343000,0.031024,0.257424,0.711552,0.59162848813
344000,0.030824,0.256952,0.712224,0.592877967514
345000,0.0306,0.256496,0.712904,0.593919200333
346000,0.030448,0.255872,0.71368,0.594752186589
347000,0.030224,0.255328,0.714448,0.595585172845
348000,0.029936,0.25508,0.714984,0.595585172845
349000,0.029792,0.254752,0.715456,0.596834652228
350000,0.029472,0.254208,0.71632,0.598292378176
351000,0.029272,0.25396,0.716768,0.598292378176
352000,0.029016,0.253768,0.717216,0.600583090379
353000,0.028696,0.253336,0.717968,0.598292378176
354000,0.028504,0.252736,0.71876,0.600166597251
355000,0.02832,0.252392,0.719288,0.600583090379
356000,0.028104,0.252152,0.719744,0.600791336943
357000,0.027856,0.251944,0.7202,0.600374843815
358000,0.027672,0.251392,0.720936,0.598917117868
359000,0.027496,0.251168,0.721336,0.599750104123
360000,0.027368,0.25064,0.721992,0.599541857559
361000,0.027144,0.250352,0.722504,0.599958350687
362000,0.026944,0.24988,0.723176,0.600166597251
363000,0.02676,0.249736,0.723504,0.599750104123
364000,0.026568,0.249392,0.72404,0.600583090379
365000,0.026352,0.249056,0.724592,0.601832569763
366000,0.026072,0.24868,0.725248,0.601624323199
367000,0.025768,0.24848,0.725752,0.60224906289
368000,0.025552,0.24796,0.726488,0.60224906289
369000,0.025272,0.247688,0.72704,0.603706788838
370000,0.025104,0.247208,0.727688,0.604956268222
371000,0.024888,0.247144,0.727968,0.602665556018
372000,0.024736,0.24688,0.728384,0.601207830071
373000,0.02456,0.24672,0.72872,0.601416076635
374000,0.024376,0.245976,0.729648,0.604748021658
375000,0.024208,0.245832,0.72996,0.605581007913
376000,0.024056,0.24536,0.730584,0.608079966681
377000,0.023912,0.245128,0.73096,0.607871720117
378000,0.023744,0.244712,0.731544,0.607455226989
379000,0.023552,0.244232,0.732216,0.607871720117
380000,0.023384,0.243864,0.732752,0.607871720117
381000,0.023192,0.243576,0.733232,0.6091211995
382000,0.023048,0.243136,0.733816,0.609954185756
383000,0.022888,0.242928,0.734184,0.610995418576
384000,0.022744,0.24272,0.734536,0.612869637651
385000,0.022584,0.242336,0.73508,0.61495210329
386000,0.02248,0.241808,0.735712,0.61703456893
387000,0.022328,0.241568,0.736104,0.619117034569
388000,0.022136,0.241288,0.736576,0.621199500208
389000,0.02196,0.24076,0.73728,0.62286547272
390000,0.021856,0.240336,0.737808,0.622657226156
391000,0.021704,0.240136,0.73816,0.623490212411
392000,0.021528,0.239984,0.738488,0.622448979592
393000,0.021352,0.23944,0.739208,0.623906705539
394000,0.021152,0.239256,0.739592,0.625156184923
395000,0.020968,0.238944,0.740088,0.624947938359
396000,0.020816,0.23868,0.740504,0.623698458975
397000,0.020664,0.238464,0.740872,0.624739691795
398000,0.020536,0.238016,0.741448,0.62661391087
399000,0.020392,0.237728,0.74188,0.629737609329
400000,0.020288,0.237296,0.742416,0.630778842149
401000,0.020168,0.237032,0.7428,0.631195335277
402000,0.02004,0.236808,0.743152,0.630570595585
403000,0.019928,0.236632,0.74344,0.632653061224
404000,0.019808,0.236152,0.74404,0.633902540608
405000,0.019672,0.236,0.744328,0.635985006247
406000,0.019544,0.23548,0.744976,0.634319033736
407000,0.019344,0.23484,0.745816,0.631820074969
408000,0.01924,0.234272,0.746488,0.633069554352
409000,0.019112,0.233936,0.746952,0.636401499375
410000,0.018952,0.233432,0.747616,0.636609745939
411000,0.018808,0.233096,0.748096,0.635776759683
412000,0.01868,0.232568,0.748752,0.638900458142
413000,0.018576,0.232248,0.749176,0.639733444398
414000,0.018456,0.231944,0.7496,0.638692211579
415000,0.018328,0.231528,0.750144,0.64035818409
416000,0.018168,0.231248,0.750584,0.640982923782
417000,0.01804,0.230944,0.751016,0.643481882549
418000,0.017912,0.23052,0.751568,0.643481882549
419000,0.017776,0.230184,0.75204,0.644314868805
420000,0.017648,0.229736,0.752616,0.644523115369
421000,0.017488,0.229432,0.75308,0.643690129113
422000,0.017416,0.228832,0.753752,0.644314868805
423000,0.017304,0.228672,0.754024,0.643481882549
424000,0.017152,0.228272,0.754576,0.645356101624
425000,0.017016,0.227816,0.755168,0.645980841316
426000,0.016888,0.227496,0.755616,0.646397334444
427000,0.01672,0.227024,0.756256,0.6472303207
428000,0.016608,0.226576,0.756816,0.648271553519
429000,0.016464,0.226256,0.75728,0.646605581008
430000,0.016328,0.225936,0.757736,0.647438567264
431000,0.016224,0.225512,0.758264,0.650354019159
432000,0.016056,0.225144,0.7588,0.653685964182
433000,0.01592,0.224896,0.759184,0.654102457309
434000,0.015792,0.224536,0.759672,0.653894210746
435000,0.015656,0.224104,0.76024,0.652644731362
436000,0.015536,0.223792,0.760672,0.651811745106
437000,0.015464,0.223552,0.760984,0.651811745106
438000,0.01536,0.223256,0.761384,0.654518950437
439000,0.0152,0.222936,0.761864,0.656184922949
440000,0.015032,0.22256,0.762408,0.656601416077
441000,0.014936,0.222368,0.762696,0.656184922949
442000,0.014816,0.22232,0.762864,0.658475635152
443000,0.014768,0.222344,0.762888,0.657226155768
444000,0.014664,0.221984,0.763352,0.65785089546
445000,0.014568,0.22168,0.763752,0.65889212828
446000,0.01448,0.221456,0.764064,0.659516867972
447000,0.01436,0.220936,0.764704,0.658475635152
448000,0.01424,0.220688,0.765072,0.658267388588
449000,0.014144,0.220464,0.765392,0.660349854227
450000,0.01404,0.220216,0.765744,0.6599333611
451000,0.013968,0.220032,0.766,0.662015826739
452000,0.013776,0.219976,0.766248,0.660974593919
453000,0.013656,0.21972,0.766624,0.660974593919
454000,0.013584,0.219544,0.766872,0.661182840483
455000,0.01344,0.219472,0.767088,0.660349854227
456000,0.013352,0.219008,0.76764,0.659725114536
457000,0.013224,0.218744,0.768032,0.660558100791
458000,0.013096,0.218552,0.768352,0.661807580175
459000,0.013008,0.218344,0.768648,0.663265306122
460000,0.012912,0.218312,0.768776,0.661391087047
461000,0.0128,0.217968,0.769232,0.661182840483
462000,0.012712,0.21768,0.769608,0.661599333611
463000,0.012656,0.217352,0.769992,0.662432319867
464000,0.012544,0.217168,0.770288,0.661182840483
465000,0.012448,0.216984,0.770568,0.661182840483
466000,0.012368,0.216752,0.77088,0.6599333611
467000,0.01228,0.216376,0.771344,0.658475635152
468000,0.012208,0.21628,0.771512,0.659308621408
469000,0.01212,0.216168,0.771712,0.660349854227
470000,0.01208,0.2158,0.77212,0.660141607663
471000,0.011976,0.215512,0.772512,0.662224073303
472000,0.011912,0.215104,0.772984,0.661182840483
473000,0.011784,0.21512,0.773096,0.662640566431
474000,0.011704,0.215048,0.773248,0.66472303207
475000,0.011648,0.215096,0.773256,0.66576426489
476000,0.011592,0.214952,0.773456,0.665347771762
477000,0.011536,0.214416,0.774048,0.666389004581
478000,0.011432,0.214224,0.774344,0.667221990837
479000,0.011336,0.213896,0.774768,0.665347771762
480000,0.011264,0.21344,0.775296,0.666389004581
481000,0.011136,0.213584,0.77528,0.667221990837
482000,0.011048,0.213376,0.775576,0.665972511454
483000,0.010904,0.21284,0.776256,0.665347771762
484000,0.010816,0.212624,0.77656,0.667638483965
485000,0.010704,0.212288,0.777008,0.670137442732
486000,0.010608,0.212224,0.777168,0.670137442732
487000,0.010496,0.212208,0.777296,0.66951270304
488000,0.010432,0.2122,0.777368,0.668471470221
489000,0.010344,0.211976,0.77768,0.669096209913
490000,0.010336,0.211784,0.77788,0.667846730529
491000,0.010224,0.21164,0.778136,0.669720949604
492000,0.010192,0.211296,0.778512,0.671178675552
493000,0.01016,0.211112,0.778728,0.672636401499
494000,0.010088,0.211152,0.77876,0.67055393586
495000,0.01,0.210992,0.779008,0.670970428988
496000,0.009944,0.210808,0.779248,0.67055393586
497000,0.009896,0.210448,0.779656,0.669929196168
498000,0.009808,0.210248,0.779944,0.670970428988
499000,0.009728,0.210208,0.780064,0.671386922116
500000,0.00964,0.210128,0.780232,0.671386922116
501000,0.009552,0.209936,0.780512,0.671386922116
502000,0.009472,0.209888,0.78064,0.672844648063
503000,0.00936,0.209856,0.780784,0.674094127447
504000,0.009296,0.209704,0.781,0.672428154935
505000,0.00928,0.2094,0.78132,0.673885880883
506000,0.00924,0.209136,0.781624,0.673052894627
507000,0.009144,0.208896,0.78196,0.674718867139
508000,0.009104,0.208664,0.782232,0.674718867139
509000,0.009048,0.208416,0.782536,0.675968346522
510000,0.008992,0.208096,0.782912,0.677842565598
511000,0.008952,0.207904,0.783144,0.679092044981
512000,0.008832,0.207944,0.783224,0.678467305289
513000,0.008736,0.20764,0.783624,0.679716784673
514000,0.00864,0.20768,0.78368,0.680133277801
515000,0.008568,0.207592,0.78384,0.679508538109
516000,0.008488,0.207448,0.784064,0.68221574344
517000,0.008368,0.207312,0.78432,0.683048729696
518000,0.008288,0.20704,0.784672,0.683048729696
519000,0.008208,0.206808,0.784984,0.683881715952
520000,0.008112,0.206552,0.785336,0.686380674719
521000,0.008024,0.206568,0.785408,0.685964181591
522000,0.007952,0.206472,0.785576,0.687421907539
523000,0.007912,0.206368,0.78572,0.686380674719
524000,0.00784,0.206168,0.785992,0.686797167847
525000,0.00776,0.20628,0.78596,0.689296126614
526000,0.007688,0.206096,0.786216,0.689712619742
527000,0.007616,0.206112,0.786272,0.690753852561
528000,0.007536,0.20604,0.786424,0.692211578509
529000,0.007504,0.206016,0.78648,0.692211578509
530000,0.007448,0.206128,0.786424,0.691586838817
531000,0.0074,0.205808,0.786792,0.694085797584
532000,0.007344,0.2056,0.787056,0.694294044148
533000,0.00732,0.2054,0.78728,0.694710537276
534000,0.007248,0.20532,0.787432,0.694294044148
535000,0.007176,0.20508,0.787744,0.694502290712
536000,0.007144,0.205056,0.7878,0.693461057893
537000,0.00708,0.205128,0.787792,0.692836318201
538000,0.007008,0.20508,0.787912,0.694085797584
539000,0.00692,0.205104,0.787976,0.694294044148
540000,0.006856,0.204984,0.78816,0.694502290712
541000,0.006832,0.204816,0.788352,0.69491878384
542000,0.006832,0.204824,0.788344,0.693252811329
543000,0.006776,0.204496,0.788728,0.693252811329
544000,0.006696,0.204368,0.788936,0.694085797584
545000,0.00668,0.204576,0.788744,0.693044564765
546000,0.006616,0.204624,0.78876,0.69387755102
547000,0.006552,0.204576,0.788872,0.694085797584
548000,0.006528,0.20432,0.789152,0.693461057893
549000,0.006504,0.20428,0.789216,0.695127030404
550000,0.006464,0.204344,0.789192,0.695127030404
551000,0.006408,0.20424,0.789352,0.69387755102
552000,0.00636,0.204168,0.789472,0.696793002915
553000,0.006336,0.204144,0.78952,0.696584756352
554000,0.006328,0.203952,0.78972,0.696168263224
555000,0.006296,0.20384,0.789864,0.69491878384
556000,0.006232,0.203656,0.790112,0.693669304456
557000,0.006176,0.203464,0.79036,0.694502290712
558000,0.00608,0.2036,0.79032,0.695751770096
559000,0.006032,0.203504,0.790464,0.695751770096
560000,0.005992,0.203584,0.790424,0.694502290712
561000,0.005936,0.203624,0.79044,0.695127030404
562000,0.005856,0.203568,0.790576,0.69491878384
563000,0.005792,0.203472,0.790736,0.694502290712
564000,0.00576,0.2034,0.79084,0.69491878384
565000,0.00572,0.203248,0.791032,0.696584756352
566000,0.005688,0.203144,0.791168,0.695751770096
567000,0.005656,0.202832,0.791512,0.696168263224
568000,0.005608,0.202776,0.791616,0.696793002915
569000,0.005592,0.20268,0.791728,0.697209496043
570000,0.00556,0.202424,0.792016,0.697209496043
571000,0.005512,0.202696,0.791792,0.696168263224
572000,0.005472,0.202888,0.79164,0.694502290712
573000,0.005432,0.202712,0.791856,0.694294044148
574000,0.005392,0.202816,0.791792,0.694710537276
575000,0.005344,0.20304,0.791616,0.694710537276
576000,0.005304,0.203392,0.791304,0.693461057893
577000,0.005272,0.203208,0.79152,0.694710537276
578000,0.005208,0.20312,0.791672,0.695335276968
579000,0.005152,0.203104,0.791744,0.694085797584
580000,0.005088,0.203312,0.7916,0.693669304456
581000,0.005056,0.203176,0.791768,0.693669304456
582000,0.005,0.203224,0.791776,0.692836318201
583000,0.004976,0.203232,0.791792,0.694085797584
584000,0.00492,0.203256,0.791824,0.693252811329
585000,0.004848,0.203472,0.79168,0.693252811329
586000,0.004832,0.203568,0.7916,0.691170345689
587000,0.004824,0.203376,0.7918,0.692628071637
588000,0.004768,0.203408,0.791824,0.692628071637
589000,0.004728,0.203528,0.791744,0.69491878384
590000,0.004688,0.20388,0.791432,0.695543523532
591000,0.00464,0.20376,0.7916,0.695543523532
592000,0.0046,0.203776,0.791624,0.694294044148
593000,0.004568,0.203744,0.791688,0.695543523532
594000,0.004536,0.203808,0.791656,0.695335276968
595000,0.004512,0.203952,0.791536,0.694710537276
596000,0.00448,0.204032,0.791488,0.69387755102
597000,0.004424,0.203976,0.7916,0.692628071637
598000,0.004408,0.203816,0.791776,0.692003331945
599000,0.004368,0.204152,0.79148,0.692003331945
600000,0.004344,0.204184,0.791472,0.691378592253
601000,0.004336,0.204464,0.7912,0.692003331945
602000,0.004272,0.204784,0.790944,0.691378592253
603000,0.004232,0.204816,0.790952,0.690337359434
604000,0.004192,0.204904,0.790904,0.689504373178
605000,0.004184,0.205176,0.79064,0.689296126614
606000,0.004136,0.2052,0.790664,0.689296126614
607000,0.00412,0.205224,0.790656,0.688879633486
608000,0.00408,0.205152,0.790768,0.688254893794
609000,0.004048,0.205224,0.790728,0.688879633486
610000,0.004024,0.205544,0.790432,0.687838400666
611000,0.004008,0.205352,0.79064,0.689296126614
612000,0.00396,0.205392,0.790648,0.689296126614
613000,0.003952,0.20532,0.790728,0.689296126614
614000,0.003936,0.20548,0.790584,0.69012911287
615000,0.003928,0.205504,0.790568,0.690337359434
616000,0.00392,0.205344,0.790736,0.692003331945
617000,0.003864,0.205616,0.79052,0.693252811329
618000,0.003784,0.205832,0.790384,0.692419825073
619000,0.003768,0.205816,0.790416,0.691586838817
620000,0.003744,0.205888,0.790368,0.692836318201
621000,0.00372,0.205952,0.790328,0.693044564765
622000,0.003688,0.206128,0.790184,0.694502290712
623000,0.003664,0.206504,0.789832,0.693669304456
624000,0.003632,0.206528,0.78984,0.693252811329
625000,0.003608,0.206808,0.789584,0.692836318201
626000,0.0036,0.206888,0.789512,0.691378592253
627000,0.003584,0.2068,0.789616,0.693461057893
628000,0.003568,0.20688,0.789552,0.693669304456
629000,0.00356,0.206656,0.789784,0.694710537276
630000,0.003544,0.206736,0.78972,0.69387755102
631000,0.003528,0.20664,0.789832,0.693044564765
632000,0.003488,0.206392,0.79012,0.691795085381
633000,0.003464,0.20648,0.790056,0.691586838817
634000,0.003424,0.20632,0.790256,0.692003331945
635000,0.003392,0.206392,0.790216,0.691170345689
636000,0.003368,0.206592,0.79004,0.693669304456
637000,0.003352,0.206632,0.790016,0.693461057893
638000,0.003328,0.206864,0.789808,0.693044564765
639000,0.00328,0.207048,0.789672,0.693669304456
640000,0.003256,0.206976,0.789768,0.693669304456
641000,0.003232,0.207304,0.789464,0.692003331945
642000,0.003208,0.207496,0.789296,0.692003331945
643000,0.003168,0.207616,0.789216,0.692836318201
644000,0.003144,0.20796,0.788896,0.69387755102
645000,0.00312,0.208128,0.788752,0.695127030404
646000,0.003096,0.208352,0.788552,0.695335276968
647000,0.003072,0.208608,0.78832,0.694502290712
648000,0.00304,0.208864,0.788096,0.693461057893
649000,0.003024,0.209152,0.787824,0.693461057893
650000,0.002992,0.209464,0.787544,0.692628071637
651000,0.002968,0.20972,0.787312,0.692628071637
652000,0.002952,0.209872,0.787176,0.692419825073
653000,0.002904,0.210128,0.786968,0.692211578509
654000,0.002872,0.21024,0.786888,0.693252811329
655000,0.002848,0.210264,0.786888,0.693461057893
656000,0.002816,0.210296,0.786888,0.693461057893
657000,0.002792,0.210552,0.786656,0.69596001666
658000,0.002776,0.210728,0.786496,0.693044564765
659000,0.002744,0.210928,0.786328,0.69491878384
660000,0.002688,0.211096,0.786216,0.69491878384
661000,0.00264,0.211152,0.786208,0.694502290712
662000,0.002632,0.211336,0.786032,0.695127030404
663000,0.002616,0.2114,0.785984,0.695751770096
664000,0.002584,0.21156,0.785856,0.695751770096
665000,0.002584,0.211632,0.785784,0.697417742607
666000,0.002568,0.211856,0.785576,0.697417742607
667000,0.002568,0.212232,0.7852,0.69491878384
668000,0.002552,0.212472,0.784976,0.693669304456
669000,0.002528,0.212576,0.784896,0.693044564765
670000,0.002512,0.212624,0.784864,0.693461057893
671000,0.002496,0.212944,0.78456,0.692211578509
672000,0.002488,0.213216,0.784296,0.690545605998
673000,0.002488,0.213656,0.783856,0.691170345689
674000,0.00248,0.214016,0.783504,0.691170345689
675000,0.002464,0.214328,0.783208,0.692836318201
676000,0.002432,0.214584,0.782984,0.694085797584
677000,0.0024,0.214688,0.782912,0.694710537276
678000,0.002384,0.214976,0.78264,0.69491878384
679000,0.002368,0.21496,0.782672,0.694502290712
680000,0.002352,0.215288,0.78236,0.693044564765
681000,0.002328,0.215456,0.782216,0.692628071637
682000,0.002312,0.215648,0.78204,0.689296126614
683000,0.002296,0.216016,0.781688,0.689504373178
684000,0.002272,0.216152,0.781576,0.687630154102
685000,0.002264,0.216296,0.78144,0.687213660975
686000,0.002248,0.216696,0.781056,0.685547688463
687000,0.002224,0.21688,0.780896,0.684089962516
688000,0.002208,0.217176,0.780616,0.683048729696
689000,0.002184,0.217728,0.780088,0.682007496876
690000,0.00216,0.218248,0.779592,0.682423990004
691000,0.002152,0.218424,0.779424,0.68221574344
692000,0.002128,0.218648,0.779224,0.680966264057
693000,0.002112,0.218808,0.77908,0.681382757185
694000,0.002112,0.219024,0.778864,0.679716784673
695000,0.002088,0.219464,0.778448,0.679092044981
696000,0.00208,0.219568,0.778352,0.679508538109
697000,0.002064,0.219688,0.778248,0.678259058726
698000,0.002056,0.219888,0.778056,0.677842565598
699000,0.002056,0.220096,0.777848,0.677634319034
700000,0.002056,0.2202,0.777744,0.675968346522
701000,0.002048,0.220464,0.777488,0.67638483965
702000,0.00204,0.220544,0.777416,0.677634319034
703000,0.002032,0.220768,0.7772,0.678050812162
704000,0.002016,0.220848,0.777136,0.678883798417
705000,0.001984,0.221248,0.776768,0.678675551853
706000,0.001984,0.221544,0.776472,0.680966264057
707000,0.001976,0.221904,0.77612,0.679716784673
708000,0.001952,0.222344,0.775704,0.678050812162
709000,0.001928,0.2226,0.775472,0.678050812162
710000,0.001928,0.22288,0.775192,0.677217825906
711000,0.00192,0.223304,0.774776,0.678467305289
712000,0.001888,0.223768,0.774344,0.679508538109
713000,0.00188,0.2242,0.77392,0.679092044981
714000,0.001872,0.224488,0.77364,0.680341524365
715000,0.001872,0.224688,0.77344,0.678259058726
716000,0.001872,0.225168,0.77296,0.679300291545
717000,0.001856,0.22552,0.772624,0.679716784673
718000,0.001832,0.22568,0.772488,0.680341524365
719000,0.001808,0.226096,0.772096,0.682007496876
720000,0.001808,0.226376,0.771816,0.680341524365
721000,0.001792,0.226912,0.771296,0.678675551853
722000,0.001792,0.227312,0.770896,0.680758017493
723000,0.001792,0.227744,0.770464,0.683048729696
724000,0.001792,0.228024,0.770184,0.68429820908
725000,0.001784,0.228168,0.770048,0.688879633486
726000,0.001768,0.228592,0.76964,0.687838400666
727000,0.001736,0.2288,0.769464,0.687421907539
728000,0.001712,0.229016,0.769272,0.687838400666
729000,0.00168,0.229504,0.768816,0.688254893794
730000,0.001656,0.22992,0.768424,0.68804664723
731000,0.001632,0.230232,0.768136,0.686588921283
732000,0.001632,0.230656,0.767712,0.686380674719
733000,0.001616,0.230704,0.76768,0.685755935027
734000,0.001616,0.231328,0.767056,0.685964181591
735000,0.001616,0.231816,0.766568,0.684506455643
736000,0.001608,0.23216,0.766232,0.686380674719
737000,0.001592,0.232576,0.765832,0.685964181591
738000,0.001576,0.232992,0.765432,0.68429820908
739000,0.001552,0.233416,0.765032,0.683881715952
740000,0.001552,0.23392,0.764528,0.683465222824
741000,0.001552,0.234096,0.764352,0.683881715952
742000,0.001528,0.234456,0.764016,0.683881715952
743000,0.001512,0.23476,0.763728,0.682840483132
744000,0.001512,0.235272,0.763216,0.684506455643
745000,0.001512,0.23552,0.762968,0.687838400666
746000,0.001496,0.235784,0.76272,0.688671386922
747000,0.001488,0.23604,0.762472,0.688254893794
748000,0.00148,0.236272,0.762248,0.689504373178
749000,0.001448,0.236912,0.76164,0.689920866306
750000,0.001448,0.237176,0.761376,0.688879633486
751000,0.001448,0.237656,0.760896,0.68804664723
752000,0.001448,0.238248,0.760304,0.690545605998
753000,0.001424,0.238656,0.75992,0.688463140358
754000,0.001408,0.239184,0.759408,0.687630154102
755000,0.0014,0.239616,0.758984,0.686797167847
756000,0.001392,0.240176,0.758432,0.686588921283
757000,0.001384,0.240264,0.758352,0.687838400666
758000,0.001368,0.2406,0.758032,0.687005414411
759000,0.00136,0.240976,0.757664,0.688254893794
760000,0.001328,0.24132,0.757352,0.686380674719
761000,0.00132,0.241944,0.756736,0.68804664723
762000,0.001304,0.242272,0.756424,0.685131195335
763000,0.001272,0.242912,0.755816,0.686172428155
764000,0.001272,0.243336,0.755392,0.687213660975
765000,0.001264,0.24372,0.755016,0.685964181591
766000,0.001264,0.24404,0.754696,0.686380674719
767000,0.001256,0.244272,0.754472,0.683881715952
768000,0.00124,0.244712,0.754048,0.682840483132
769000,0.00124,0.24516,0.7536,0.681591003748
770000,0.001224,0.245696,0.75308,0.679300291545
771000,0.001208,0.246072,0.75272,0.680966264057
772000,0.001208,0.2466,0.752192,0.682423990004
773000,0.0012,0.247056,0.751744,0.681591003748
774000,0.0012,0.247408,0.751392,0.681591003748
775000,0.001192,0.247992,0.750816,0.679925031237
776000,0.001184,0.248344,0.750472,0.680341524365
777000,0.001176,0.248824,0.75,0.679925031237
778000,0.00116,0.24916,0.74968,0.677842565598
779000,0.001152,0.249688,0.74916,0.678883798417
780000,0.001136,0.249848,0.749016,0.677217825906
781000,0.001128,0.250312,0.74856,0.678050812162
782000,0.001128,0.250696,0.748176,0.679092044981
783000,0.001128,0.251224,0.747648,0.679925031237
784000,0.001104,0.251888,0.747008,0.680549770929
785000,0.001096,0.252496,0.746408,0.680966264057
786000,0.001088,0.253016,0.745896,0.683048729696
787000,0.001088,0.253576,0.745336,0.680966264057
788000,0.00108,0.254208,0.744712,0.680966264057
789000,0.001072,0.254912,0.744016,0.680549770929
790000,0.001048,0.255672,0.74328,0.679300291545
791000,0.00104,0.256152,0.742808,0.676801332778
792000,0.00104,0.256744,0.742216,0.675551853394
793000,0.001032,0.257216,0.741752,0.673469387755
794000,0.001016,0.257752,0.741232,0.672636401499
795000,0.001,0.258136,0.740864,0.672011661808
796000,0.000992,0.258616,0.740392,0.670970428988
797000,0.000976,0.258736,0.740288,0.670762182424
798000,0.00096,0.25936,0.73968,0.671803415244
799000,0.000952,0.259688,0.73936,0.670970428988
800000,0.000944,0.26016,0.738896,0.668887963349
801000,0.000944,0.260304,0.738752,0.669096209913
802000,0.000928,0.260704,0.738368,0.668054977093
803000,0.000928,0.26104,0.738032,0.666389004581
804000,0.000928,0.261624,0.737448,0.665556018326
805000,0.000928,0.26208,0.736992,0.665139525198
806000,0.000904,0.26268,0.736416,0.66576426489
807000,0.000896,0.263184,0.73592,0.668471470221
808000,0.000896,0.26356,0.735544,0.669720949604
809000,0.000896,0.264016,0.735088,0.668471470221
810000,0.000896,0.264568,0.734536,0.665347771762
811000,0.000888,0.265152,0.73396,0.66576426489
812000,0.000872,0.265416,0.733712,0.666389004581
813000,0.000872,0.265944,0.733184,0.66576426489
814000,0.000872,0.266392,0.732736,0.667638483965
815000,0.000864,0.266984,0.732152,0.667846730529
816000,0.000864,0.267488,0.731648,0.668679716785
817000,0.000856,0.268032,0.731112,0.669096209913
818000,0.00084,0.26836,0.7308,0.667846730529
819000,0.000832,0.268952,0.730216,0.669304456476
820000,0.000832,0.269344,0.729824,0.669304456476
821000,0.000824,0.269664,0.729512,0.668471470221
822000,0.000816,0.270344,0.72884,0.669304456476
823000,0.000816,0.271032,0.728152,0.667430237401
824000,0.000816,0.27152,0.727664,0.667846730529
825000,0.000808,0.27216,0.727032,0.667221990837
826000,0.000808,0.27264,0.726552,0.667221990837
827000,0.0008,0.27292,0.72628,0.664931278634
828000,0.000792,0.273448,0.72576,0.664098292378
829000,0.000792,0.273976,0.725232,0.661807580175
830000,0.000776,0.274208,0.725016,0.661807580175
831000,0.000776,0.274448,0.724776,0.660558100791
