1000,0.334096,0.331128,0.334776,0.327155351937
2000,0.335248,0.329048,0.335704,0.327780091628
3000,0.33632,0.326976,0.336704,0.326947105373
4000,0.337488,0.324904,0.337608,0.32944606414
5000,0.338768,0.322776,0.338456,0.32840483132
6000,0.339768,0.32088,0.339352,0.328613077884
7000,0.34108,0.318856,0.340064,0.328196584756
8000,0.342256,0.316808,0.340936,0.330903790087
9000,0.343512,0.314504,0.341984,0.331112036651
10000,0.344952,0.312264,0.342784,0.330903790087
11000,0.345768,0.310472,0.34376,0.331112036651
12000,0.347096,0.30836,0.344544,0.335068721366
13000,0.348384,0.306544,0.345072,0.335901707622
14000,0.34936,0.304656,0.345984,0.335068721366
15000,0.35084,0.302592,0.346568,0.334652228238
16000,0.352112,0.30052,0.347368,0.334443981674
17000,0.353112,0.298544,0.348344,0.335693461058
18000,0.354056,0.296696,0.349248,0.335485214494
19000,0.354912,0.29464,0.350448,0.335901707622
20000,0.355752,0.292624,0.351624,0.336526447314
21000,0.357,0.290656,0.352344,0.335901707622
22000,0.357688,0.288856,0.353456,0.338608912953
23000,0.358656,0.286968,0.354376,0.340691378592
24000,0.359392,0.28528,0.355328,0.342357351104
25000,0.360304,0.283536,0.35616,0.341524364848
26000,0.361168,0.281848,0.356984,0.343815077051
27000,0.362192,0.27992,0.357888,0.344648063307
28000,0.36332,0.27804,0.35864,0.344648063307
29000,0.364552,0.276344,0.359104,0.346105789254
30000,0.364992,0.274752,0.360256,0.346730528946
31000,0.365912,0.272832,0.361256,0.349229487713
32000,0.366664,0.271184,0.362152,0.349645980841
33000,0.367272,0.269472,0.363256,0.350687213661
34000,0.368128,0.267528,0.364344,0.351728446481
35000,0.369112,0.265672,0.365216,0.350270720533
36000,0.370128,0.263936,0.365936,0.351103706789
37000,0.371064,0.262176,0.36676,0.353394418992
38000,0.371888,0.26052,0.367592,0.353602665556
39000,0.372696,0.258592,0.368712,0.355060391504
40000,0.373536,0.256856,0.369608,0.355685131195
41000,0.374232,0.255184,0.370584,0.357767596835
42000,0.375464,0.253432,0.371104,0.357767596835
43000,0.376384,0.251608,0.372008,0.356934610579
44000,0.377656,0.249768,0.372576,0.355685131195
45000,0.378712,0.248056,0.373232,0.355893377759
46000,0.379792,0.246376,0.373832,0.356518117451
47000,0.380648,0.2448,0.374552,0.355893377759
48000,0.382048,0.243048,0.374904,0.357142857143
49000,0.38308,0.241472,0.375448,0.356518117451
50000,0.383888,0.240056,0.376056,0.356934610579
51000,0.384768,0.23852,0.376712,0.359850062474
52000,0.385696,0.237064,0.37724,0.360266555602
53000,0.386088,0.235672,0.37824,0.360474802166
54000,0.386792,0.234152,0.379056,0.362349021241
55000,0.387664,0.23256,0.379776,0.362349021241
56000,0.388672,0.231088,0.38024,0.362557267805
57000,0.389584,0.229496,0.38092,0.364014993753
58000,0.390048,0.227968,0.381984,0.363806747189
59000,0.391312,0.226376,0.382312,0.365680966264
60000,0.3922,0.22488,0.38292,0.366097459392
61000,0.393224,0.223176,0.3836,0.365889212828
62000,0.394144,0.221568,0.384288,0.364639733444
63000,0.394824,0.220192,0.384984,0.365264473136
64000,0.395808,0.218744,0.385448,0.365264473136
65000,0.396312,0.217272,0.386416,0.364639733444
66000,0.396936,0.215832,0.387232,0.366722199084
67000,0.397816,0.214368,0.387816,0.369221157851
68000,0.39844,0.213024,0.388536,0.369429404415
69000,0.39932,0.211512,0.389168,0.370470637234
70000,0.399808,0.210176,0.390016,0.371720116618
71000,0.400624,0.208768,0.390608,0.371095376926
72000,0.401424,0.207392,0.391184,0.37130362349
73000,0.402328,0.205984,0.391688,0.371928363182
74000,0.403192,0.204472,0.392336,0.37234485631
75000,0.40408,0.203168,0.392752,0.37338608913
76000,0.405032,0.201672,0.393296,0.37234485631
77000,0.406144,0.200088,0.393768,0.374843815077
78000,0.407,0.198584,0.394416,0.375676801333
79000,0.407632,0.197144,0.395224,0.376301541025
80000,0.408672,0.195824,0.395504,0.375676801333
81000,0.409408,0.19452,0.396072,0.375676801333
82000,0.410176,0.192976,0.396848,0.376301541025
83000,0.410904,0.19152,0.397576,0.37713452728
84000,0.411344,0.190432,0.398224,0.377967513536
85000,0.411776,0.189264,0.39896,0.37921699292
86000,0.412496,0.188048,0.399456,0.378592253228
87000,0.413168,0.18676,0.400072,0.380049979175
88000,0.413848,0.185408,0.400744,0.381091211995
89000,0.4144,0.18416,0.40144,0.381924198251
90000,0.415064,0.182952,0.401984,0.381924198251
91000,0.41604,0.181584,0.402376,0.383590170762
92000,0.416912,0.18024,0.402848,0.387755102041
93000,0.41736,0.179,0.40364,0.386089129529
94000,0.417904,0.177784,0.404312,0.385464389838
95000,0.418712,0.176504,0.404784,0.389004581424
96000,0.419312,0.175304,0.405384,0.390045814244
97000,0.419976,0.17412,0.405904,0.387963348605
98000,0.421072,0.172824,0.406104,0.390254060808
99000,0.422,0.171736,0.406264,0.394210745523
100000,0.422688,0.17052,0.406792,0.392544773011
101000,0.423232,0.169536,0.407232,0.393169512703
102000,0.423608,0.16836,0.408032,0.395460224906
103000,0.424112,0.167192,0.408696,0.396084964598
104000,0.424848,0.165856,0.409296,0.397126197418
105000,0.425608,0.16448,0.409912,0.39775093711
106000,0.426248,0.163368,0.410384,0.400249895877
107000,0.427,0.162176,0.410824,0.402748854644
108000,0.427672,0.161016,0.411312,0.404831320283
109000,0.42836,0.1598,0.41184,0.405872553103
110000,0.42904,0.15876,0.4122,0.404414827155
111000,0.429568,0.157544,0.412888,0.405456059975
112000,0.430144,0.156536,0.41332,0.406289046231
113000,0.430704,0.15556,0.413736,0.405664306539
114000,0.431272,0.1546,0.414128,0.404206580591
115000,0.431496,0.153624,0.41488,0.401915868388
116000,0.43208,0.152568,0.415352,0.401707621824
117000,0.432784,0.151512,0.415704,0.404831320283
118000,0.433456,0.150376,0.416168,0.405247813411
119000,0.434,0.149448,0.416552,0.404831320283
120000,0.434456,0.148376,0.417168,0.404414827155
121000,0.43516,0.147432,0.417408,0.405664306539
122000,0.435648,0.146344,0.418008,0.406913785923
123000,0.436248,0.145456,0.418296,0.40837151187
124000,0.436784,0.144584,0.418632,0.407955018742
125000,0.437392,0.143752,0.418856,0.407746772178
126000,0.438136,0.142664,0.4192,0.408579758434
127000,0.438976,0.141648,0.419376,0.407122032486
128000,0.439688,0.140616,0.419696,0.410870470637
129000,0.44052,0.139528,0.419952,0.40837151187
130000,0.441144,0.13852,0.420336,0.411703456893
131000,0.441544,0.137664,0.420792,0.412119950021
132000,0.442272,0.136592,0.421136,0.412744689713
133000,0.442848,0.135536,0.421616,0.412952936277
134000,0.443272,0.134656,0.422072,0.413785922532
135000,0.44384,0.133792,0.422368,0.414827155352
136000,0.44432,0.133024,0.422656,0.413994169096
137000,0.444432,0.132112,0.423456,0.41420241566
138000,0.44488,0.131072,0.424048,0.41420241566
139000,0.445536,0.13016,0.424304,0.41420241566
140000,0.446088,0.129344,0.424568,0.416284881299
141000,0.446768,0.128296,0.424936,0.415035401916
142000,0.447272,0.1274,0.425328,0.414618908788
143000,0.447568,0.126584,0.425848,0.416076634736
144000,0.448208,0.125704,0.426088,0.418159100375
145000,0.448432,0.124864,0.426704,0.418992086631
146000,0.44912,0.12404,0.42684,0.418367346939
147000,0.44968,0.123288,0.427032,0.417742607247
148000,0.450352,0.122456,0.427192,0.418783840067
149000,0.450904,0.12164,0.427456,0.418783840067
150000,0.45168,0.120648,0.427672,0.419616826322
151000,0.452536,0.119816,0.427648,0.420449812578
152000,0.453032,0.119088,0.42788,0.422532278217
153000,0.453744,0.11844,0.427816,0.423157017909
154000,0.4542,0.117592,0.428208,0.423157017909
155000,0.454824,0.11684,0.428336,0.423365264473
156000,0.455456,0.115936,0.428608,0.424614743857
157000,0.455984,0.115192,0.428824,0.423573511037
158000,0.456632,0.114504,0.428864,0.42586422324
159000,0.457136,0.11368,0.429184,0.425655976676
160000,0.45748,0.112928,0.429592,0.427738442316
161000,0.457776,0.112288,0.429936,0.429612661391
162000,0.458248,0.111576,0.430176,0.430445647647
163000,0.458952,0.110712,0.430336,0.43273635985
164000,0.459368,0.110032,0.4306,0.433985839234
165000,0.460168,0.109304,0.430528,0.437109537693
166000,0.460928,0.108464,0.430608,0.438775510204
167000,0.4614,0.107824,0.430776,0.438775510204
168000,0.462184,0.107072,0.430744,0.441066222407
169000,0.46288,0.10628,0.43084,0.438983756768
170000,0.46328,0.105456,0.431264,0.440649729279
171000,0.463816,0.104704,0.43148,0.441482715535
172000,0.464336,0.104032,0.431632,0.442315701791
173000,0.465032,0.103432,0.431536,0.440441482716
174000,0.465496,0.102632,0.431872,0.444189920866
175000,0.465792,0.101896,0.432312,0.443148688047
176000,0.466456,0.101216,0.432328,0.443356934611
177000,0.467136,0.100472,0.432392,0.442107455227
178000,0.467552,0.099696,0.432752,0.443148688047
179000,0.468048,0.099008,0.432944,0.442940441483
180000,0.4684,0.098152,0.433448,0.441899208663
181000,0.468976,0.0974,0.433624,0.443148688047
182000,0.469744,0.09672,0.433536,0.442940441483
183000,0.469968,0.096064,0.433968,0.443356934611
184000,0.47064,0.095464,0.433896,0.443773427738
185000,0.470928,0.09476,0.434312,0.44439816743
186000,0.471344,0.094224,0.434432,0.44439816743
187000,0.471672,0.093512,0.434816,0.443981674302
188000,0.471928,0.092864,0.435208,0.445647646814
189000,0.47228,0.09224,0.43548,0.447105372761
190000,0.473168,0.091608,0.435224,0.447313619325
191000,0.473936,0.090856,0.435208,0.448354852145
192000,0.474536,0.090104,0.43536,0.448354852145
193000,0.475256,0.089496,0.435248,0.45231153686
194000,0.475728,0.088696,0.435576,0.454602249063
195000,0.47628,0.088088,0.435632,0.454602249063
196000,0.4766,0.087472,0.435928,0.452728029988
197000,0.477008,0.087,0.435992,0.453561016243
198000,0.477256,0.086504,0.43624,0.452519783424
199000,0.477688,0.085864,0.436448,0.454810495627
200000,0.478368,0.085272,0.43636,0.458350687214
201000,0.478752,0.084664,0.436584,0.458767180342
202000,0.479352,0.084032,0.436616,0.457517700958
203000,0.479768,0.08352,0.436712,0.45710120783
204000,0.480216,0.082872,0.436912,0.456476468138
205000,0.480696,0.082384,0.43692,0.457517700958
206000,0.481136,0.081704,0.43716,0.458558933778
207000,0.48148,0.081144,0.437376,0.457725947522
208000,0.481704,0.080504,0.437792,0.45814244065
209000,0.48224,0.079752,0.438008,0.458767180342
210000,0.48284,0.079144,0.438016,0.459391920033
211000,0.483232,0.078608,0.43816,0.461057892545
212000,0.483632,0.078024,0.438344,0.459391920033
213000,0.484208,0.077448,0.438344,0.459183673469
214000,0.484744,0.076928,0.438328,0.460016659725
215000,0.485168,0.0764,0.438432,0.459391920033
216000,0.4858,0.075904,0.438296,0.460224906289
217000,0.4864,0.075328,0.438272,0.459808413161
218000,0.487048,0.074672,0.43828,0.462515618492
219000,0.487808,0.074144,0.438048,0.463765097876
220000,0.488392,0.073584,0.438024,0.466264056643
221000,0.489208,0.073056,0.437736,0.466888796335
222000,0.489752,0.072392,0.437856,0.466680549771
223000,0.49016,0.071944,0.437896,0.466680549771
224000,0.490904,0.071312,0.437784,0.466888796335
225000,0.491344,0.0708,0.437856,0.466264056643
226000,0.491888,0.070304,0.437808,0.469179508538
227000,0.492536,0.069824,0.43764,0.468971261974
228000,0.492944,0.069312,0.437744,0.469387755102
229000,0.493528,0.068904,0.437568,0.470637234486
230000,0.493792,0.068336,0.437872,0.469387755102
231000,0.493976,0.067992,0.438032,0.469387755102
232000,0.49464,0.067464,0.437896,0.46876301541
233000,0.495336,0.067072,0.437592,0.468971261974
234000,0.495904,0.066568,0.437528,0.470637234486
235000,0.496408,0.066144,0.437448,0.471678467305
236000,0.496784,0.065696,0.43752,0.472927946689
237000,0.497312,0.065208,0.43748,0.472094960433
238000,0.497928,0.06468,0.437392,0.472511453561
239000,0.498384,0.064296,0.43732,0.471053727613
240000,0.499152,0.063784,0.437064,0.46980424823
241000,0.49988,0.063256,0.436864,0.470637234486
242000,0.500424,0.06288,0.436696,0.471470220741
243000,0.501008,0.062488,0.436504,0.46980424823
244000,0.501544,0.062048,0.436408,0.473552686381
245000,0.502144,0.061648,0.436208,0.473552686381
246000,0.502688,0.061168,0.436144,0.474177426072
247000,0.50336,0.060672,0.435968,0.477509371095
248000,0.503984,0.060344,0.435672,0.48042482299
249000,0.504488,0.060032,0.43548,0.481049562682
250000,0.505336,0.059624,0.43504,0.483756768013
251000,0.506,0.059168,0.434832,0.484589754269
252000,0.506584,0.058752,0.434664,0.485006247397
253000,0.507496,0.058392,0.434112,0.487505206164
254000,0.507976,0.057952,0.434072,0.4872969596
255000,0.508544,0.05756,0.433896,0.485630987089
256000,0.509032,0.0572,0.433768,0.487505206164
257000,0.509456,0.056792,0.433752,0.488962932112
258000,0.509488,0.056512,0.434,0.490420658059
259000,0.509928,0.056024,0.434048,0.490628904623
260000,0.51048,0.05568,0.43384,0.488129945856
261000,0.511088,0.055184,0.433728,0.488546438984
262000,0.511624,0.054808,0.433568,0.490004164931
263000,0.5122,0.054472,0.433328,0.490628904623
264000,0.51272,0.054096,0.433184,0.490837151187
265000,0.51304,0.053744,0.433216,0.490420658059
266000,0.513592,0.053344,0.433064,0.490420658059
267000,0.514176,0.052944,0.43288,0.492919616826
268000,0.51476,0.052512,0.432728,0.493752603082
269000,0.514992,0.052192,0.432816,0.492919616826
270000,0.515304,0.051872,0.432824,0.493544356518
271000,0.515904,0.051544,0.432552,0.492294877135
272000,0.5166,0.051216,0.432184,0.493336109954
273000,0.517152,0.050696,0.432152,0.492086630571
274000,0.517536,0.050272,0.432192,0.491878384007
275000,0.518008,0.049928,0.432064,0.492294877135
276000,0.51916,0.049488,0.431352,0.493960849646
277000,0.519944,0.04912,0.430936,0.496876301541
278000,0.520896,0.048624,0.43048,0.49895876718
279000,0.521568,0.048248,0.430184,0.500416493128
280000,0.522136,0.047896,0.429968,0.500416493128
281000,0.522568,0.047552,0.42988,0.49895876718
282000,0.52304,0.047264,0.429696,0.498542274052
283000,0.523616,0.046776,0.429608,0.5
284000,0.524064,0.046368,0.429568,0.500208246564
285000,0.524584,0.046048,0.429368,0.498750520616
286000,0.525312,0.04564,0.429048,0.499791753436
287000,0.525848,0.045296,0.428856,0.50104123282
288000,0.525984,0.044944,0.429072,0.503748438151
289000,0.526808,0.04476,0.428432,0.503123698459
290000,0.527408,0.04444,0.428152,0.506663890046
291000,0.527984,0.044104,0.427912,0.507288629738
292000,0.528392,0.04388,0.427728,0.510204081633
293000,0.52868,0.04356,0.42776,0.512911286964
294000,0.529456,0.043216,0.427328,0.513952519783
295000,0.529992,0.042856,0.427152,0.516034985423
296000,0.530504,0.042528,0.426968,0.516451478551
297000,0.530904,0.04228,0.426816,0.516659725115
298000,0.531496,0.041936,0.426568,0.519366930446
299000,0.53228,0.041648,0.426072,0.519366930446
300000,0.532976,0.041312,0.425712,0.517284464806
301000,0.533512,0.04088,0.425608,0.517284464806
302000,0.534448,0.040592,0.42496,0.516867971678
303000,0.535016,0.040344,0.42464,0.517076218242
304000,0.535816,0.039976,0.424208,0.518325697626
305000,0.536472,0.039696,0.423832,0.517700957934
306000,0.537144,0.039368,0.423488,0.517700957934
307000,0.537784,0.039096,0.42312,0.517909204498
308000,0.538648,0.038776,0.422576,0.51957517701
309000,0.539152,0.03856,0.422288,0.519158683882
310000,0.540192,0.038328,0.42148,0.520199916701
311000,0.541024,0.038032,0.420944,0.521865889213
312000,0.541912,0.037768,0.42032,0.520824656393
313000,0.542816,0.037448,0.419736,0.520616409829
314000,0.543176,0.037184,0.41964,0.521865889213
315000,0.543704,0.036888,0.419408,0.521032902957
316000,0.544664,0.036664,0.418672,0.521449396085
317000,0.545736,0.036432,0.417832,0.522907122032
318000,0.546344,0.03616,0.417496,0.522907122032
319000,0.546984,0.035856,0.41716,0.522490628905
320000,0.54756,0.035648,0.416792,0.524573094544
321000,0.548408,0.035336,0.416256,0.525197834236
322000,0.549128,0.035048,0.415824,0.524156601416
323000,0.550048,0.034752,0.4152,0.524989587672
324000,0.551208,0.034424,0.414368,0.527280299875
325000,0.552024,0.034224,0.413752,0.528321532695
326000,0.552856,0.034048,0.413096,0.529362765514
327000,0.553552,0.033792,0.412656,0.529362765514
328000,0.554208,0.033512,0.41228,0.531445231154
329000,0.554976,0.033216,0.411808,0.531028738026
330000,0.555968,0.032824,0.411208,0.532486463973
331000,0.55688,0.032528,0.410592,0.532486463973
332000,0.557672,0.032288,0.41004,0.530403998334
333000,0.558744,0.032016,0.40924,0.529779258642
334000,0.559464,0.031776,0.40876,0.53123698459
335000,0.559888,0.031544,0.408568,0.530820491462
336000,0.560904,0.03136,0.407736,0.53123698459
337000,0.561312,0.03104,0.407648,0.534360683049
338000,0.561928,0.030808,0.407264,0.534985422741
339000,0.562376,0.030608,0.407016,0.538525614327
340000,0.563264,0.030472,0.406264,0.535610162432
341000,0.56432,0.030184,0.405496,0.53602665556
342000,0.564968,0.029928,0.405104,0.534568929613
343000,0.565984,0.02964,0.404376,0.534360683049
344000,0.566632,0.029512,0.403856,0.534985422741
345000,0.567144,0.029296,0.40356,0.533944189921
346000,0.568024,0.029056,0.40292,0.532486463973
347000,0.56896,0.028752,0.402288,0.533111203665
348000,0.56964,0.028536,0.401824,0.532694710537
349000,0.570536,0.02836,0.401104,0.533111203665
350000,0.571232,0.0282,0.400568,0.532069970845
351000,0.572144,0.027944,0.399912,0.530820491462
352000,0.57284,0.027744,0.399416,0.532278217409
353000,0.573552,0.027464,0.398984,0.532278217409
354000,0.574424,0.02732,0.398256,0.530403998334
355000,0.575344,0.027168,0.397488,0.530820491462
356000,0.57648,0.026904,0.396616,0.532694710537
357000,0.5772,0.02664,0.39616,0.533735943357
358000,0.578232,0.026432,0.395336,0.533944189921
359000,0.579168,0.026144,0.394688,0.532902957101
360000,0.580192,0.02588,0.393928,0.532902957101
361000,0.581056,0.025744,0.3932,0.534777176177
362000,0.581784,0.025504,0.392712,0.534568929613
363000,0.582624,0.025296,0.39208,0.536651395252
364000,0.583296,0.025056,0.391648,0.536859641816
365000,0.584184,0.02484,0.390976,0.539150354019
366000,0.585168,0.024584,0.390248,0.541232819658
367000,0.586304,0.0244,0.389296,0.542065805914
368000,0.587,0.02428,0.38872,0.540191586839
369000,0.587808,0.024144,0.388048,0.539983340275
370000,0.588432,0.023984,0.387584,0.540191586839
371000,0.589456,0.023816,0.386728,0.54185755935
372000,0.5904,0.023712,0.385888,0.54289879217
373000,0.59132,0.023592,0.385088,0.54289879217
374000,0.592152,0.023408,0.38444,0.544981257809
375000,0.592936,0.02328,0.383784,0.545397750937
376000,0.593856,0.023104,0.38304,0.546230737193
377000,0.594632,0.022944,0.382424,0.548313202832
378000,0.59548,0.022768,0.381752,0.549979175344
379000,0.5964,0.022608,0.380992,0.552478134111
380000,0.597088,0.022416,0.380496,0.553102873803
381000,0.59784,0.022208,0.379952,0.553727613494
382000,0.598768,0.022088,0.379144,0.555393586006
383000,0.599344,0.021944,0.378712,0.555185339442
384000,0.600352,0.021792,0.377856,0.554768846314
385000,0.6012,0.02168,0.37712,0.557476051645
386000,0.602176,0.021504,0.37632,0.557476051645
387000,0.603,0.021368,0.375632,0.558933777593
388000,0.603992,0.021216,0.374792,0.560599750104
389000,0.604944,0.02104,0.374016,0.563306955435
390000,0.60584,0.020888,0.373272,0.563098708871
391000,0.606568,0.020736,0.372696,0.563306955435
392000,0.60764,0.02052,0.37184,0.564348188255
393000,0.608656,0.020368,0.370976,0.564348188255
394000,0.609336,0.02028,0.370384,0.56622240733
395000,0.610168,0.02016,0.369672,0.564972927947
396000,0.611096,0.020032,0.368872,0.565805914202
397000,0.612256,0.019864,0.36788,0.566430653894
398000,0.613232,0.019776,0.366992,0.56726364015
399000,0.613928,0.019616,0.366456,0.56726364015
400000,0.614904,0.019528,0.365568,0.569554352353
401000,0.615816,0.019416,0.364768,0.570387338609
402000,0.616952,0.01924,0.363808,0.570387338609
403000,0.617792,0.01908,0.363128,0.569346105789
404000,0.618824,0.018976,0.3622,0.571012078301
405000,0.619736,0.018864,0.3614,0.57309454394
406000,0.620968,0.018664,0.360368,0.574344023324
407000,0.621792,0.018568,0.35964,0.575385256143
408000,0.622848,0.018392,0.35876,0.577675968347
409000,0.623824,0.018256,0.35792,0.581216159933
410000,0.624688,0.018144,0.357168,0.580591420242
411000,0.6258,0.017984,0.356216,0.580591420242
412000,0.62684,0.017824,0.355336,0.581424406497
413000,0.627792,0.017744,0.354464,0.582257392753
414000,0.628568,0.01764,0.353792,0.583090379009
415000,0.629488,0.017448,0.353064,0.585589337776
416000,0.63048,0.017328,0.352192,0.58683881716
417000,0.631256,0.017216,0.351528,0.584964598084
418000,0.632464,0.017128,0.350408,0.588921282799
419000,0.633296,0.017024,0.34968,0.587671803415
420000,0.633928,0.016888,0.349184,0.588504789671
421000,0.635136,0.016736,0.348128,0.591420241566
422000,0.63596,0.016568,0.347472,0.59162848813
423000,0.636896,0.01648,0.346624,0.593710953769
424000,0.637816,0.016408,0.345776,0.593294460641
425000,0.638712,0.016336,0.344952,0.593919200333
426000,0.639776,0.01616,0.344064,0.593919200333
427000,0.640856,0.016008,0.343136,0.593710953769
428000,0.641984,0.015888,0.342128,0.596001665973
429000,0.64312,0.015752,0.341128,0.597251145356
430000,0.643904,0.015552,0.340544,0.598084131612
431000,0.64464,0.015432,0.339928,0.59745939192
432000,0.645808,0.015312,0.33888,0.599333610995
433000,0.647008,0.015176,0.337816,0.598292378176
434000,0.64796,0.015072,0.336968,0.600166597251
435000,0.648752,0.014976,0.336272,0.600791336943
436000,0.650048,0.014888,0.335064,0.601207830071
437000,0.651032,0.0148,0.334168,0.601624323199
438000,0.65204,0.014744,0.333216,0.602457309454
439000,0.653008,0.014584,0.332408,0.600999583507
440000,0.654016,0.014456,0.331528,0.600999583507
441000,0.6546,0.014368,0.331032,0.599750104123
442000,0.655824,0.014272,0.329904,0.600791336943
443000,0.65696,0.014184,0.328856,0.602457309454
444000,0.657872,0.014072,0.328056,0.605372761349
445000,0.659,0.013936,0.327064,0.605997501041
446000,0.659864,0.01384,0.326296,0.607455226989
447000,0.660824,0.01376,0.325416,0.607455226989
448000,0.661664,0.013664,0.324672,0.607455226989
449000,0.662768,0.013544,0.323688,0.607246980425
450000,0.663736,0.01344,0.322824,0.606830487297
451000,0.66492,0.013336,0.321744,0.608288213244
452000,0.665936,0.013248,0.320816,0.608079966681
453000,0.666864,0.013184,0.319952,0.61016243232
454000,0.668064,0.013056,0.31888,0.609329446064
455000,0.669144,0.012952,0.317904,0.608496459808
456000,0.670312,0.01288,0.316808,0.611620158267
457000,0.671256,0.012712,0.316032,0.611828404831
458000,0.6724,0.012616,0.314984,0.612869637651
459000,0.673432,0.012504,0.314064,0.612869637651
460000,0.67424,0.012424,0.313336,0.613702623907
461000,0.675272,0.012296,0.312432,0.613077884215
462000,0.676304,0.012184,0.311512,0.611620158267
463000,0.6776,0.01208,0.31032,0.610787172012
464000,0.678816,0.011984,0.3092,0.612453144523
465000,0.679968,0.01192,0.308112,0.61495210329
466000,0.681104,0.0118,0.307096,0.617451062057
467000,0.682136,0.011744,0.30612,0.622032486464
468000,0.683104,0.011704,0.305192,0.62078300708
469000,0.684,0.01164,0.30436,0.62286547272
470000,0.684824,0.011536,0.30364,0.624947938359
471000,0.686,0.011448,0.302552,0.626822157434
472000,0.687096,0.011352,0.301552,0.625572678051
473000,0.688008,0.011288,0.300704,0.625780924615
474000,0.689072,0.011216,0.299712,0.627238650562
475000,0.69024,0.011128,0.298632,0.62869637651
476000,0.691232,0.011032,0.297736,0.629529362766
477000,0.692168,0.010888,0.296944,0.629321116202
478000,0.693216,0.010848,0.295936,0.629529362766
479000,0.694304,0.010792,0.294904,0.629321116202
480000,0.6954,0.010688,0.293912,0.630778842149
481000,0.696192,0.010624,0.293184,0.629529362766
482000,0.697352,0.010576,0.292072,0.630570595585
483000,0.69832,0.01048,0.2912,0.632444814661
484000,0.699304,0.010392,0.290304,0.634943773428
485000,0.700216,0.010312,0.289472,0.635360266556
486000,0.701296,0.010224,0.28848,0.635152019992
487000,0.702552,0.010128,0.28732,0.634735526864
488000,0.70348,0.010064,0.286456,0.634110787172
489000,0.704488,0.009976,0.285536,0.635360266556
490000,0.705384,0.00992,0.284696,0.636193252811
491000,0.706488,0.009832,0.28368,0.634943773428
492000,0.707432,0.00968,0.282888,0.634319033736
493000,0.708696,0.009616,0.281688,0.636609745939
494000,0.709592,0.009528,0.28088,0.637442732195
495000,0.710712,0.009472,0.279816,0.638483965015
496000,0.711592,0.0094,0.279008,0.638067471887
497000,0.71232,0.00928,0.2784,0.637859225323
498000,0.713256,0.009176,0.277568,0.637026239067
499000,0.714224,0.00908,0.276696,0.639733444398
500000,0.71512,0.009048,0.275832,0.638692211579
501000,0.716216,0.009,0.274784,0.639525197834
502000,0.717128,0.00892,0.273952,0.640566430654
503000,0.71828,0.008856,0.272864,0.642232403165
504000,0.719408,0.008776,0.271816,0.642232403165
505000,0.720464,0.008728,0.270808,0.642648896293
506000,0.721624,0.008656,0.26972,0.644106622241
507000,0.722712,0.008616,0.268672,0.644314868805
508000,0.723784,0.008528,0.267688,0.644523115369
509000,0.724768,0.00848,0.266752,0.645980841316
510000,0.725784,0.00844,0.265776,0.648688046647
511000,0.726856,0.0084,0.264744,0.650770512287
512000,0.727792,0.008344,0.263864,0.651603498542
513000,0.728848,0.008288,0.262864,0.652644731362
514000,0.729624,0.008248,0.262128,0.652644731362
515000,0.730456,0.008128,0.261416,0.650770512287
516000,0.731528,0.008032,0.26044,0.650770512287
517000,0.732504,0.008,0.259496,0.650770512287
518000,0.733392,0.007928,0.25868,0.651187005414
519000,0.73436,0.007896,0.257744,0.652644731362
520000,0.735208,0.007856,0.256936,0.652644731362
521000,0.735888,0.007816,0.256296,0.653477717618
522000,0.736944,0.00776,0.255296,0.655351936693
523000,0.737872,0.007736,0.254392,0.658267388588
524000,0.738672,0.007672,0.253656,0.657017909204
525000,0.739568,0.007648,0.252784,0.65785089546
526000,0.740624,0.007576,0.2518,0.658683881716
527000,0.741616,0.007512,0.250872,0.659516867972
528000,0.742696,0.00744,0.249864,0.661182840483
529000,0.743872,0.007344,0.248784,0.662848812995
530000,0.745016,0.00728,0.247704,0.662640566431
531000,0.746016,0.00724,0.246744,0.66576426489
532000,0.746888,0.0072,0.245912,0.667846730529
533000,0.74788,0.007144,0.244976,0.668263223657
534000,0.748976,0.00704,0.243984,0.668679716785
535000,0.74984,0.007008,0.243152,0.666805497709
536000,0.75096,0.006968,0.242072,0.667221990837
537000,0.752072,0.006912,0.241016,0.668471470221
538000,0.752904,0.006856,0.24024,0.667430237401
539000,0.753552,0.006784,0.239664,0.666597251145
540000,0.754496,0.006752,0.238752,0.666805497709
541000,0.755464,0.006672,0.237864,0.669304456476
542000,0.756368,0.006568,0.237064,0.67055393586
543000,0.757352,0.006488,0.23616,0.669304456476
544000,0.758344,0.006464,0.235192,0.669096209913
545000,0.75924,0.006392,0.234368,0.669929196168
546000,0.760128,0.006328,0.233544,0.669304456476
547000,0.760712,0.00628,0.233008,0.668679716785
548000,0.761696,0.006224,0.23208,0.668471470221
549000,0.762528,0.0062,0.231272,0.669304456476
550000,0.76356,0.006144,0.230296,0.673052894627
551000,0.76432,0.006096,0.229584,0.672636401499
552000,0.765248,0.006064,0.228688,0.674094127447
553000,0.766192,0.005992,0.227816,0.678050812162
554000,0.7672,0.005968,0.226832,0.678467305289
555000,0.768056,0.005904,0.22604,0.680966264057
556000,0.768872,0.005872,0.225256,0.68325697626
557000,0.769824,0.00584,0.224336,0.684922948771
558000,0.770552,0.005808,0.22364,0.684922948771
559000,0.771272,0.00576,0.222968,0.685131195335
560000,0.772352,0.005704,0.221944,0.685755935027
561000,0.772904,0.005672,0.221424,0.686588921283
562000,0.773936,0.005632,0.220432,0.688254893794
563000,0.774944,0.005592,0.219464,0.688671386922
564000,0.775952,0.005552,0.218496,0.688671386922
565000,0.77684,0.005528,0.217632,0.690753852561
566000,0.777688,0.005496,0.216816,0.690753852561
567000,0.778472,0.005432,0.216096,0.692211578509
568000,0.779216,0.005392,0.215392,0.694294044148
569000,0.78024,0.005344,0.214416,0.694710537276
570000,0.781216,0.005336,0.213448,0.695335276968
571000,0.782008,0.005288,0.212704,0.696584756352
572000,0.782968,0.00524,0.211792,0.698250728863
573000,0.78388,0.005192,0.210928,0.699916701374
574000,0.784928,0.005152,0.20992,0.701999167014
575000,0.786056,0.00512,0.208824,0.702832153269
576000,0.786816,0.005072,0.208112,0.703873386089
577000,0.787776,0.005016,0.207208,0.703873386089
578000,0.788696,0.004968,0.206336,0.703873386089
579000,0.789688,0.004936,0.205376,0.705331112037
580000,0.790536,0.004872,0.204592,0.705747605165
581000,0.791344,0.00484,0.203816,0.70866305706
582000,0.792104,0.004792,0.203104,0.706997084548
583000,0.793264,0.00472,0.202016,0.706164098292
584000,0.794072,0.004672,0.201256,0.708038317368
585000,0.794824,0.004664,0.200512,0.708038317368
586000,0.795656,0.004616,0.199728,0.707205331112
587000,0.796688,0.004552,0.19876,0.708454810496
588000,0.797656,0.004536,0.197808,0.710120783007
589000,0.798488,0.004504,0.197008,0.712619741774
590000,0.799408,0.004472,0.19612,0.713036234902
591000,0.800336,0.004384,0.19528,0.713660974594
592000,0.801264,0.004336,0.1944,0.716576426489
593000,0.802288,0.00432,0.193392,0.717825905873
594000,0.803216,0.004296,0.192488,0.717201166181
595000,0.80404,0.004256,0.191704,0.718034152436
596000,0.804912,0.004232,0.190856,0.717617659309
597000,0.805688,0.004184,0.190128,0.718450645564
598000,0.8068,0.004152,0.189048,0.718658892128
599000,0.807608,0.004096,0.188296,0.718658892128
600000,0.80844,0.004088,0.187472,0.718034152436
601000,0.809336,0.004072,0.186592,0.718450645564
602000,0.810216,0.004056,0.185728,0.720116618076
603000,0.8112,0.004024,0.184776,0.721366097459
604000,0.812088,0.003992,0.18392,0.722823823407
605000,0.813008,0.003976,0.183016,0.723865056227
606000,0.813848,0.003936,0.182216,0.72511453561
607000,0.814632,0.00392,0.181448,0.724698042482
608000,0.81548,0.003912,0.180608,0.726364014994
609000,0.816128,0.003896,0.179976,0.726988754686
610000,0.817064,0.003872,0.179064,0.727197001249
611000,0.818056,0.003832,0.178112,0.729279466889
612000,0.818904,0.003784,0.177312,0.731361932528
613000,0.819736,0.00376,0.176504,0.733236151603
614000,0.820576,0.003728,0.175696,0.734069137859
615000,0.821344,0.003688,0.174968,0.734902124115
616000,0.822216,0.003664,0.17412,0.735735110371
617000,0.822848,0.003664,0.173488,0.737192836318
618000,0.823576,0.003632,0.172792,0.738025822574
619000,0.824456,0.003616,0.171928,0.738234069138
620000,0.82516,0.003576,0.171264,0.740316534777
621000,0.826032,0.003528,0.17044,0.740316534777
622000,0.82688,0.003472,0.169648,0.743231986672
623000,0.827648,0.00344,0.168912,0.745522698875
624000,0.828496,0.003416,0.168088,0.747605164515
625000,0.8294,0.003408,0.167192,0.748854643898
626000,0.83024,0.003384,0.166376,0.750937109538
627000,0.831176,0.00332,0.165504,0.750728862974
628000,0.832048,0.00332,0.164632,0.752603082049
629000,0.832696,0.003312,0.163992,0.752603082049
630000,0.833472,0.003312,0.163216,0.753436068305
631000,0.834288,0.003288,0.162424,0.757184506456
632000,0.835032,0.003272,0.161696,0.757600999584
633000,0.835616,0.0032,0.161184,0.756143273636
634000,0.83644,0.003192,0.160368,0.756976259892
635000,0.836992,0.00316,0.159848,0.75531028738
636000,0.83752,0.003128,0.159352,0.754477301125
637000,0.838416,0.003096,0.158488,0.7563515202
638000,0.839224,0.003064,0.157712,0.75739275302
639000,0.84004,0.003056,0.156904,0.756559766764
640000,0.840784,0.003032,0.156184,0.7563515202
641000,0.84144,0.003024,0.155536,0.757600999584
642000,0.842184,0.003008,0.154808,0.759266972095
643000,0.842936,0.002984,0.15408,0.760516451479
644000,0.843696,0.002952,0.153352,0.760308204915
645000,0.84424,0.002928,0.152832,0.760099958351
646000,0.844976,0.002912,0.152112,0.761557684298
647000,0.845632,0.00288,0.151488,0.761765930862
648000,0.846472,0.002856,0.150672,0.76218242399
649000,0.847168,0.002824,0.150008,0.762390670554
650000,0.848168,0.002784,0.149048,0.764056643065
651000,0.849024,0.002768,0.148208,0.765930862141
652000,0.849688,0.00276,0.147552,0.76697209496
653000,0.85024,0.002736,0.147024,0.765930862141
654000,0.850744,0.002712,0.146544,0.766763848397
655000,0.851584,0.002672,0.145744,0.767180341524
656000,0.852208,0.002664,0.145128,0.76801332778
657000,0.85292,0.002656,0.144424,0.767805081216
658000,0.853624,0.002656,0.14372,0.768221574344
659000,0.854384,0.002608,0.143008,0.769887546855
660000,0.85516,0.002584,0.142256,0.771137026239
661000,0.85612,0.00256,0.14132,0.771137026239
662000,0.856928,0.002552,0.14052,0.772802998751
663000,0.857632,0.002536,0.139832,0.774468971262
664000,0.858296,0.002512,0.139192,0.773427738442
665000,0.858856,0.002504,0.13864,0.773427738442
666000,0.859512,0.002488,0.138,0.772178259059
667000,0.860216,0.002448,0.137336,0.774260724698
668000,0.860952,0.002432,0.136616,0.77384423157
669000,0.861664,0.002424,0.135912,0.773427738442
670000,0.862272,0.002408,0.13532,0.773011245314
671000,0.862992,0.002384,0.134624,0.77488546439
672000,0.863816,0.002376,0.133808,0.775093710954
673000,0.864424,0.002368,0.133208,0.776134943773
674000,0.865128,0.002344,0.132528,0.776551436901
675000,0.86572,0.002336,0.131944,0.779050395668
676000,0.866336,0.002304,0.13136,0.780299875052
677000,0.866856,0.002304,0.13084,0.781757601
678000,0.867224,0.002304,0.130472,0.782590587255
679000,0.867864,0.00228,0.129856,0.783631820075
680000,0.868496,0.00228,0.129224,0.783631820075
681000,0.869152,0.002248,0.1286,0.784464806331
682000,0.869904,0.00224,0.127856,0.786130778842
683000,0.870432,0.002216,0.127352,0.786339025406
684000,0.871232,0.002216,0.126552,0.785922532278
685000,0.871936,0.002184,0.12588,0.787796751354
686000,0.87264,0.002144,0.125216,0.787796751354
687000,0.87328,0.002128,0.124592,0.788629737609
688000,0.873832,0.002128,0.12404,0.786963765098
689000,0.874472,0.002096,0.123432,0.787796751354
690000,0.875224,0.00208,0.122696,0.788421491045
691000,0.875896,0.002072,0.122032,0.789254477301
692000,0.876592,0.002064,0.121344,0.789046230737
693000,0.87732,0.00204,0.12064,0.788629737609
694000,0.877992,0.002024,0.119984,0.789254477301
695000,0.878552,0.002008,0.11944,0.788837984173
696000,0.879128,0.002,0.118872,0.788421491045
697000,0.87984,0.002,0.11816,0.788421491045
698000,0.880408,0.001992,0.1176,0.788837984173
699000,0.88096,0.001984,0.117056,0.788213244481
700000,0.881576,0.001976,0.116448,0.786755518534
701000,0.882328,0.00196,0.115712,0.786755518534
702000,0.882816,0.001944,0.11524,0.787172011662
703000,0.883488,0.00192,0.114592,0.787172011662
704000,0.88404,0.001912,0.114048,0.78758850479
705000,0.884656,0.001912,0.113432,0.787172011662
706000,0.88504,0.001904,0.113056,0.788004997918
707000,0.88572,0.001888,0.112392,0.791128696377
708000,0.886376,0.001888,0.111736,0.790712203249
709000,0.886872,0.001872,0.111256,0.792794668888
710000,0.887584,0.001856,0.11056,0.792794668888
711000,0.888024,0.00184,0.110136,0.795293627655
712000,0.888672,0.001832,0.109496,0.794460641399
713000,0.88924,0.001832,0.108928,0.794668887963
714000,0.889792,0.001824,0.108384,0.798833819242
715000,0.890256,0.001808,0.107936,0.799666805498
716000,0.890808,0.001792,0.1074,0.800499791753
717000,0.891384,0.001776,0.10684,0.802165764265
718000,0.891904,0.001768,0.106328,0.802998750521
719000,0.892432,0.001752,0.105816,0.803415243648
720000,0.892928,0.001736,0.105336,0.80403998334
721000,0.893608,0.001728,0.104664,0.805914202416
722000,0.894176,0.00172,0.104104,0.805497709288
723000,0.894664,0.001712,0.103624,0.805914202416
724000,0.895232,0.001704,0.103064,0.805914202416
725000,0.895712,0.001704,0.102584,0.805497709288
726000,0.896368,0.00168,0.101952,0.806330695544
727000,0.896936,0.001672,0.101392,0.806955435235
728000,0.897544,0.00164,0.100816,0.808204914619
729000,0.898096,0.001632,0.100272,0.81091211995
730000,0.898632,0.001632,0.099736,0.812161599334
731000,0.899104,0.001608,0.099288,0.812578092461
732000,0.899752,0.001592,0.098656,0.814244064973
733000,0.900392,0.00156,0.098048,0.814244064973
734000,0.900664,0.001544,0.097792,0.813619325281
735000,0.901184,0.001512,0.097304,0.813619325281
736000,0.90164,0.001496,0.096864,0.813827571845
737000,0.902184,0.001488,0.096328,0.815910037484
738000,0.90272,0.00148,0.0958,0.817159516868
739000,0.903336,0.00148,0.095184,0.817159516868
740000,0.903848,0.001464,0.094688,0.81674302374
741000,0.904408,0.001456,0.094136,0.818408996252
742000,0.90492,0.001448,0.093632,0.818825489379
743000,0.905488,0.00144,0.093072,0.819033735943
744000,0.906,0.001432,0.092568,0.819658475635
745000,0.906424,0.0014,0.092176,0.821532694711
746000,0.90684,0.001384,0.091776,0.822157434402
747000,0.907304,0.001368,0.091328,0.823406913786
748000,0.907888,0.00136,0.090752,0.82465639317
749000,0.908392,0.001352,0.090256,0.82465639317
750000,0.90896,0.001344,0.089696,0.827571845065
751000,0.909472,0.001328,0.0892,0.82944606414
752000,0.909936,0.001328,0.088736,0.828196584756
753000,0.910384,0.001304,0.088312,0.829029571012
754000,0.911008,0.001288,0.087704,0.82840483132
755000,0.911544,0.00128,0.087176,0.828821324448
756000,0.912016,0.001272,0.086712,0.830070803832
757000,0.912456,0.001256,0.086288,0.83048729696
758000,0.912928,0.001256,0.085816,0.831736776343
759000,0.913352,0.001208,0.08544,0.833402748855
760000,0.91384,0.0012,0.08496,0.834860474802
761000,0.914296,0.0012,0.084504,0.835693461058
762000,0.914616,0.001192,0.084192,0.836109954186
763000,0.915016,0.001192,0.083792,0.836942940441
764000,0.91556,0.001192,0.083248,0.836942940441
765000,0.916016,0.001176,0.082808,0.837775926697
766000,0.916496,0.001144,0.08236,0.839858392337
767000,0.916936,0.001136,0.081928,0.840274885464
768000,0.917392,0.00112,0.081488,0.842357351104
769000,0.917968,0.00112,0.080912,0.843190337359
770000,0.91836,0.001112,0.080528,0.843190337359
771000,0.9188,0.001088,0.080112,0.843190337359
772000,0.919288,0.001088,0.079624,0.842773844232
773000,0.919768,0.001088,0.079144,0.844231570179
774000,0.920208,0.00108,0.078712,0.844231570179
775000,0.920536,0.001064,0.0784,0.843815077051
776000,0.920896,0.001048,0.078056,0.845064556435
777000,0.921336,0.001048,0.077616,0.845272802999
778000,0.921696,0.001048,0.077256,0.84693877551
779000,0.922024,0.00104,0.076936,0.847771761766
780000,0.922576,0.001024,0.0764,0.849229487713
781000,0.923136,0.001024,0.07584,0.850062473969
782000,0.923544,0.001008,0.075448,0.850270720533
783000,0.923928,0.001,0.075072,0.851103706789
784000,0.924288,0.001,0.074712,0.850478967097
785000,0.924648,0.000984,0.074368,0.850062473969
786000,0.925104,0.000976,0.07392,0.850270720533
787000,0.925584,0.000968,0.073448,0.851728446481
788000,0.926,0.00096,0.07304,0.8527696793
789000,0.926408,0.000952,0.07264,0.8527696793
790000,0.926832,0.000952,0.072216,0.853602665556
791000,0.92728,0.000936,0.071784,0.852977925864
792000,0.927624,0.000928,0.071448,0.852977925864
793000,0.928056,0.00092,0.071024,0.852561432736
794000,0.928512,0.00092,0.070568,0.852561432736
795000,0.928824,0.00092,0.070256,0.853394418992
796000,0.929312,0.000912,0.069776,0.855060391504
797000,0.92984,0.000896,0.069264,0.855893377759
798000,0.930232,0.000896,0.068872,0.857142857143
799000,0.930656,0.000896,0.068448,0.857975843399
800000,0.931136,0.000864,0.068,0.85964181591
801000,0.93156,0.00084,0.0676,0.85964181591
802000,0.93196,0.000824,0.067216,0.861307788421
803000,0.932376,0.000816,0.066808,0.861307788421
804000,0.932872,0.000808,0.06632,0.861724281549
805000,0.933296,0.0008,0.065904,0.862557267805
806000,0.933704,0.000784,0.065512,0.862557267805
807000,0.934112,0.000776,0.065112,0.863390254061
808000,0.934408,0.000768,0.064824,0.864223240317
809000,0.934712,0.000752,0.064536,0.866305705956
810000,0.93516,0.000736,0.064104,0.868388171595
811000,0.935488,0.000736,0.063776,0.868388171595
812000,0.93588,0.000736,0.063384,0.869221157851
813000,0.936304,0.000736,0.06296,0.869637650979
814000,0.936632,0.00072,0.062648,0.869637650979
815000,0.937016,0.000704,0.06228,0.869637650979
816000,0.937248,0.000696,0.062056,0.869845897543
817000,0.937616,0.000696,0.061688,0.869429404415
818000,0.937928,0.00068,0.061392,0.869845897543
819000,0.938328,0.00068,0.060992,0.870054144107
820000,0.938736,0.000664,0.0606,0.870887130362
821000,0.939152,0.000648,0.0602,0.870887130362
822000,0.93956,0.00064,0.0598,0.872136609746
823000,0.93984,0.00064,0.05952,0.87234485631
824000,0.94012,0.00064,0.05924,0.873594335693
825000,0.940472,0.000632,0.058896,0.874427321949
826000,0.940952,0.000616,0.058432,0.874427321949
827000,0.94132,0.000584,0.058096,0.875260308205
828000,0.94164,0.000552,0.057808,0.875260308205
829000,0.941976,0.000552,0.057472,0.876093294461
830000,0.942336,0.000552,0.057112,0.876093294461
831000,0.94264,0.000552,0.056808,0.876926280716
832000,0.942968,0.000552,0.05648,0.877759266972
