1000,0.333552,0.329944,0.336504,0.348188254894
2000,0.334832,0.327832,0.337336,0.350687213661
3000,0.336072,0.325648,0.33828,0.350478967097
4000,0.337432,0.323504,0.339064,0.350478967097
5000,0.338592,0.321352,0.340056,0.351103706789
6000,0.339432,0.319272,0.341296,0.350478967097
7000,0.340416,0.317184,0.3424,0.350270720533
8000,0.341512,0.315072,0.343416,0.349437734277
9000,0.342624,0.31316,0.344216,0.348188254894
10000,0.343488,0.3112,0.345312,0.348604748022
11000,0.344584,0.309208,0.346208,0.350270720533
12000,0.345696,0.307064,0.34724,0.351936693045
13000,0.346512,0.305304,0.348184,0.352144939608
14000,0.347432,0.30336,0.349208,0.352144939608
15000,0.348568,0.301456,0.349976,0.35381091212
16000,0.34964,0.299304,0.351056,0.35381091212
17000,0.350552,0.2974,0.352048,0.351103706789
18000,0.351392,0.295576,0.353032,0.351520199917
19000,0.352536,0.29372,0.353744,0.351936693045
20000,0.353456,0.291904,0.35464,0.352561432736
21000,0.354672,0.289888,0.35544,0.354435651812
22000,0.355928,0.287824,0.356248,0.355685131195
23000,0.356768,0.285728,0.357504,0.355685131195
24000,0.357656,0.283776,0.358568,0.356309870887
25000,0.358048,0.282096,0.359856,0.356309870887
26000,0.358864,0.280264,0.360872,0.357351103707
27000,0.359792,0.278368,0.36184,0.357351103707
28000,0.360768,0.276672,0.36256,0.356518117451
29000,0.361696,0.274928,0.363376,0.355685131195
30000,0.36252,0.27332,0.36416,0.356101624323
31000,0.363488,0.27144,0.365072,0.356934610579
32000,0.364528,0.26964,0.365832,0.356101624323
33000,0.365336,0.267952,0.366712,0.357351103707
34000,0.3662,0.266184,0.367616,0.357767596835
35000,0.367272,0.264344,0.368384,0.357767596835
36000,0.368048,0.262472,0.36948,0.359433569346
37000,0.368624,0.260728,0.370648,0.362349021241
38000,0.369624,0.258936,0.37144,0.362557267805
39000,0.37056,0.257136,0.372304,0.3654727197
40000,0.371456,0.255168,0.373376,0.36651395252
41000,0.372192,0.253384,0.374424,0.36651395252
42000,0.37292,0.251608,0.375472,0.368804664723
43000,0.373464,0.250192,0.376344,0.368596418159
44000,0.374232,0.248512,0.377256,0.370470637234
45000,0.375056,0.246656,0.378288,0.370054144107
46000,0.37572,0.244872,0.379408,0.370054144107
47000,0.376672,0.24316,0.380168,0.37338608913
48000,0.377616,0.241512,0.380872,0.374427321949
49000,0.378824,0.2398,0.381376,0.375676801333
50000,0.379448,0.238312,0.38224,0.377967513536
51000,0.380088,0.23672,0.383192,0.378800499792
52000,0.381064,0.235096,0.38384,0.380258225739
53000,0.382096,0.233512,0.384392,0.381715951687
54000,0.382736,0.232208,0.385056,0.384631403582
55000,0.38348,0.230568,0.385952,0.385880882965
56000,0.384464,0.228856,0.38668,0.385464389838
57000,0.385176,0.227384,0.38744,0.385256143274
58000,0.3856,0.225576,0.388824,0.386922115785
59000,0.386352,0.224008,0.38964,0.386089129529
60000,0.3872,0.222496,0.390304,0.385880882965
61000,0.388056,0.220864,0.39108,0.388588088297
62000,0.38876,0.21948,0.39176,0.390045814244
63000,0.389512,0.217824,0.392664,0.389421074552
64000,0.390408,0.216352,0.39324,0.389212827988
65000,0.390952,0.21488,0.394168,0.388379841733
66000,0.391856,0.213456,0.394688,0.388588088297
67000,0.392792,0.212008,0.3952,0.389004581424
68000,0.393752,0.210352,0.395896,0.389004581424
69000,0.394552,0.208872,0.396576,0.389004581424
70000,0.395136,0.207384,0.39748,0.389004581424
71000,0.396,0.205888,0.398112,0.389212827988
72000,0.396648,0.204728,0.398624,0.389421074552
73000,0.397424,0.203296,0.39928,0.389212827988
74000,0.398136,0.20196,0.399904,0.387546855477
75000,0.398896,0.200584,0.40052,0.386089129529
76000,0.399608,0.199264,0.401128,0.387130362349
77000,0.400456,0.197936,0.401608,0.386297376093
78000,0.40084,0.196544,0.402616,0.386713869221
79000,0.401712,0.195144,0.403144,0.385672636401
80000,0.40256,0.193768,0.403672,0.386089129529
81000,0.403336,0.19252,0.404144,0.385256143274
82000,0.404176,0.191104,0.40472,0.386713869221
83000,0.404856,0.189856,0.405288,0.388588088297
84000,0.405832,0.188784,0.405384,0.389212827988
85000,0.406464,0.187552,0.405984,0.389629321116
86000,0.407208,0.186232,0.40656,0.390670553936
87000,0.408008,0.184976,0.407016,0.390670553936
88000,0.408968,0.183472,0.40756,0.392128279883
89000,0.409472,0.18216,0.408368,0.392753019575
90000,0.4102,0.180632,0.409168,0.391503540192
91000,0.410744,0.179392,0.409864,0.393169512703
92000,0.411112,0.17812,0.410768,0.395043731778
93000,0.412,0.176872,0.411128,0.394418992087
94000,0.412608,0.17572,0.411672,0.395460224906
95000,0.413144,0.17428,0.412576,0.396084964598
96000,0.413872,0.173,0.413128,0.397334443982
97000,0.414592,0.171696,0.413712,0.396293211162
98000,0.415056,0.170552,0.414392,0.397334443982
99000,0.41556,0.16924,0.4152,0.395460224906
100000,0.416376,0.168056,0.415568,0.395460224906
101000,0.417,0.16692,0.41608,0.396501457726
102000,0.418032,0.16568,0.416288,0.39670970429
103000,0.418968,0.16444,0.416592,0.397334443982
104000,0.41956,0.163224,0.417216,0.39775093711
105000,0.42028,0.161904,0.417816,0.397959183673
106000,0.420896,0.160896,0.418208,0.399000416493
107000,0.42148,0.159688,0.418832,0.398583923365
108000,0.422304,0.158464,0.419232,0.399416909621
109000,0.42316,0.157192,0.419648,0.402332361516
110000,0.423656,0.156064,0.42028,0.403790087464
111000,0.424128,0.15488,0.420992,0.403165347772
112000,0.424872,0.153864,0.421264,0.401291128696
113000,0.42552,0.152768,0.421712,0.40254060808
114000,0.426008,0.151768,0.422224,0.403790087464
115000,0.426464,0.150768,0.422768,0.404414827155
116000,0.427024,0.14968,0.423296,0.4035818409
117000,0.427392,0.148856,0.423752,0.403165347772
118000,0.427968,0.147928,0.424104,0.40254060808
119000,0.428376,0.146656,0.424968,0.403165347772
120000,0.429064,0.145736,0.4252,0.405664306539
121000,0.429576,0.144656,0.425768,0.405872553103
122000,0.430048,0.143744,0.426208,0.407122032486
123000,0.430352,0.142664,0.426984,0.407955018742
124000,0.430736,0.141656,0.427608,0.408996251562
125000,0.431256,0.140712,0.428032,0.410870470637
126000,0.431728,0.13968,0.428592,0.411703456893
127000,0.432304,0.138784,0.428912,0.41316118284
128000,0.432752,0.137784,0.429464,0.413577675968
129000,0.433192,0.136872,0.429936,0.41316118284
130000,0.4336,0.135936,0.430464,0.413369429404
131000,0.434208,0.135096,0.430696,0.414827155352
132000,0.434528,0.134128,0.431344,0.414410662224
133000,0.435288,0.13308,0.431632,0.414410662224
134000,0.435648,0.132168,0.432184,0.416284881299
135000,0.436232,0.13128,0.432488,0.417950853811
136000,0.43688,0.130288,0.432832,0.416701374427
137000,0.437168,0.129448,0.433384,0.416909620991
138000,0.437736,0.1286,0.433664,0.414827155352
139000,0.438264,0.127824,0.433912,0.416701374427
140000,0.439056,0.127048,0.433896,0.417950853811
141000,0.439616,0.126144,0.43424,0.419408579758
142000,0.440336,0.125336,0.434328,0.419825072886
143000,0.44084,0.124576,0.434584,0.420866305706
144000,0.441336,0.12364,0.435024,0.420866305706
145000,0.44172,0.122752,0.435528,0.422740524781
146000,0.442288,0.121832,0.43588,0.425655976676
147000,0.44284,0.121096,0.436064,0.424406497293
148000,0.443384,0.120296,0.43632,0.425031236985
149000,0.444024,0.119496,0.43648,0.424406497293
150000,0.4444,0.1186,0.437,0.425655976676
151000,0.445008,0.117696,0.437296,0.42690545606
152000,0.445624,0.116704,0.437672,0.428571428571
153000,0.44616,0.115848,0.437992,0.428154935444
154000,0.446792,0.1152,0.438008,0.429612661391
155000,0.447224,0.114464,0.438312,0.429612661391
156000,0.447712,0.113608,0.43868,0.429404414827
157000,0.448072,0.11264,0.439288,0.430237401083
158000,0.4486,0.11184,0.43956,0.431278633903
159000,0.449264,0.110904,0.439832,0.432319866722
160000,0.449656,0.110096,0.440248,0.431903373594
161000,0.450168,0.109336,0.440496,0.434818825489
162000,0.45076,0.108496,0.440744,0.436068304873
163000,0.451064,0.10776,0.441176,0.435860058309
164000,0.4516,0.106984,0.441416,0.436484798001
165000,0.452152,0.106272,0.441576,0.436484798001
166000,0.452616,0.105672,0.441712,0.436693044565
167000,0.45268,0.104944,0.442376,0.43752603082
168000,0.452888,0.104336,0.442776,0.437942523948
169000,0.453272,0.103408,0.44332,0.440024989588
170000,0.453704,0.102656,0.44364,0.441482715535
171000,0.45404,0.102,0.44396,0.440441482716
172000,0.454592,0.101352,0.444056,0.440441482716
173000,0.455032,0.100608,0.44436,0.441066222407
174000,0.45532,0.099984,0.444696,0.442315701791
175000,0.455632,0.09932,0.445048,0.444189920866
176000,0.455992,0.098592,0.445416,0.445231153686
177000,0.456328,0.097848,0.445824,0.447521865889
178000,0.456792,0.097032,0.446176,0.44543940025
179000,0.45724,0.096224,0.446536,0.443565181175
180000,0.45748,0.095608,0.446912,0.44439816743
181000,0.457808,0.09508,0.447112,0.443773427738
182000,0.458264,0.094424,0.447312,0.441899208663
183000,0.458648,0.093656,0.447696,0.441690962099
184000,0.459048,0.092984,0.447968,0.440857975843
185000,0.459232,0.092448,0.44832,0.442107455227
186000,0.459912,0.091656,0.448432,0.443356934611
187000,0.460392,0.090912,0.448696,0.443356934611
188000,0.460664,0.090264,0.449072,0.442107455227
189000,0.46048,0.089696,0.449824,0.440233236152
190000,0.46084,0.089152,0.450008,0.441066222407
191000,0.461112,0.088544,0.450344,0.441690962099
192000,0.461744,0.08792,0.450336,0.439192003332
193000,0.462168,0.087264,0.450568,0.440649729279
194000,0.462656,0.0866,0.450744,0.440857975843
195000,0.462784,0.086016,0.4512,0.440441482716
196000,0.463272,0.085344,0.451384,0.441274468971
197000,0.463912,0.084632,0.451456,0.442940441483
198000,0.464112,0.084168,0.45172,0.444189920866
199000,0.46472,0.083648,0.451632,0.446688879633
200000,0.465136,0.082952,0.451912,0.447938359017
201000,0.465256,0.082496,0.452248,0.447938359017
202000,0.465336,0.08196,0.452704,0.448979591837
203000,0.465704,0.081416,0.45288,0.450437317784
204000,0.466192,0.080784,0.453024,0.453352769679
205000,0.466784,0.08016,0.453056,0.453352769679
206000,0.467064,0.079584,0.453352,0.453561016243
207000,0.467448,0.079008,0.453544,0.453352769679
208000,0.468056,0.078336,0.453608,0.453977509371
209000,0.468592,0.077656,0.453752,0.453561016243
210000,0.468856,0.077104,0.45404,0.453977509371
211000,0.469104,0.07648,0.454416,0.454602249063
212000,0.469648,0.075888,0.454464,0.454602249063
213000,0.46992,0.075296,0.454784,0.453144523115
214000,0.470112,0.074888,0.455,0.453977509371
215000,0.470456,0.0744,0.455144,0.453561016243
216000,0.470888,0.073816,0.455296,0.456268221574
217000,0.471624,0.073152,0.455224,0.457309454394
218000,0.472,0.07276,0.45524,0.456684714702
219000,0.472544,0.072096,0.45536,0.456684714702
220000,0.47264,0.071528,0.455832,0.455851728446
221000,0.473032,0.07104,0.455928,0.455643481883
222000,0.473296,0.070392,0.456312,0.45710120783
223000,0.473712,0.069776,0.456512,0.457725947522
224000,0.474032,0.069224,0.456744,0.459391920033
225000,0.473968,0.06868,0.457352,0.459391920033
226000,0.473984,0.068216,0.4578,0.460016659725
227000,0.474248,0.06776,0.457992,0.462307371928
228000,0.474672,0.067288,0.45804,0.462099125364
229000,0.474704,0.066784,0.458512,0.463765097876
230000,0.47528,0.066304,0.458416,0.464806330696
231000,0.475824,0.065888,0.458288,0.464806330696
232000,0.47608,0.065392,0.458528,0.465222823823
233000,0.476416,0.064864,0.45872,0.465014577259
234000,0.476408,0.064368,0.459224,0.46980424823
235000,0.476768,0.063864,0.459368,0.469596001666
236000,0.477024,0.063536,0.45944,0.472511453561
237000,0.477208,0.063136,0.459656,0.472719700125
238000,0.477744,0.06264,0.459616,0.472511453561
239000,0.477784,0.062248,0.459968,0.471886713869
240000,0.478096,0.061776,0.460128,0.472719700125
241000,0.478096,0.061456,0.460448,0.472303206997
242000,0.478464,0.061072,0.460464,0.473344439817
243000,0.47892,0.06064,0.46044,0.472719700125
244000,0.47936,0.060168,0.460472,0.473969179509
245000,0.47972,0.0598,0.46048,0.473552686381
246000,0.480272,0.059312,0.460416,0.474177426072
247000,0.480936,0.058736,0.460328,0.475010412328
248000,0.481352,0.058336,0.460312,0.4745939192
249000,0.481552,0.057976,0.460472,0.4745939192
250000,0.481776,0.057488,0.460736,0.475010412328
251000,0.481888,0.057128,0.460984,0.474177426072
252000,0.48216,0.0566,0.46124,0.475426905456
253000,0.482736,0.056072,0.461192,0.47563515202
254000,0.483248,0.055592,0.46116,0.475010412328
255000,0.48356,0.05516,0.46128,0.47667638484
256000,0.483512,0.0548,0.461688,0.477717617659
257000,0.483904,0.054408,0.461688,0.477925864223
258000,0.483952,0.05396,0.462088,0.477301124531
259000,0.484296,0.053488,0.462216,0.476051645148
260000,0.48436,0.053064,0.462576,0.475843398584
261000,0.484496,0.052648,0.462856,0.481257809246
262000,0.4846,0.052216,0.463184,0.481674302374
263000,0.484736,0.051888,0.463376,0.483340274885
264000,0.485,0.05148,0.46352,0.486463973344
265000,0.485184,0.050968,0.463848,0.486255726781
266000,0.485432,0.05052,0.464048,0.487921699292
267000,0.485856,0.050176,0.463968,0.487713452728
268000,0.486072,0.049904,0.464024,0.486672219908
269000,0.486256,0.049504,0.46424,0.487505206164
270000,0.48632,0.049032,0.464648,0.488546438984
271000,0.486736,0.04868,0.464584,0.489795918367
272000,0.486992,0.048296,0.464712,0.491253644315
273000,0.487168,0.048008,0.464824,0.490212411495
274000,0.487504,0.047608,0.464888,0.4872969596
275000,0.487528,0.047224,0.465248,0.487505206164
276000,0.487952,0.046816,0.465232,0.491878384007
277000,0.488264,0.046576,0.46516,0.49312786339
278000,0.488528,0.046296,0.465176,0.493336109954
279000,0.488832,0.045928,0.46524,0.492086630571
280000,0.489064,0.045616,0.46532,0.492503123698
281000,0.489056,0.045368,0.465576,0.489795918367
282000,0.4894,0.04508,0.46552,0.489587671803
283000,0.489784,0.044728,0.465488,0.489379425239
284000,0.49016,0.044392,0.465448,0.489379425239
285000,0.490456,0.044072,0.465472,0.491461890879
286000,0.490672,0.04376,0.465568,0.492086630571
287000,0.491024,0.043448,0.465528,0.492503123698
288000,0.49112,0.043192,0.465688,0.490212411495
289000,0.491248,0.042864,0.465888,0.490837151187
290000,0.491488,0.042528,0.465984,0.491253644315
291000,0.491576,0.0422,0.466224,0.491253644315
292000,0.49144,0.041848,0.466712,0.492294877135
293000,0.491872,0.041504,0.466624,0.491670137443
294000,0.492184,0.041224,0.466592,0.491461890879
295000,0.49252,0.040936,0.466544,0.491878384007
296000,0.493088,0.040592,0.46632,0.494377342774
297000,0.493048,0.040232,0.46672,0.496668054977
298000,0.493248,0.039944,0.466808,0.497709287797
299000,0.49356,0.039544,0.466896,0.497292794669
300000,0.494016,0.039192,0.466792,0.495626822157
301000,0.494336,0.038896,0.466768,0.497501041233
302000,0.494544,0.038632,0.466824,0.496668054977
303000,0.49476,0.0384,0.46684,0.49895876718
304000,0.494888,0.038168,0.466944,0.499375260308
305000,0.495136,0.037856,0.467008,0.501874219075
306000,0.495176,0.037584,0.46724,0.501874219075
307000,0.495256,0.03736,0.467384,0.502082465639
308000,0.49552,0.03712,0.46736,0.503540191587
309000,0.495504,0.036832,0.467664,0.505206164098
310000,0.495944,0.036648,0.467408,0.503331945023
311000,0.496032,0.036376,0.467592,0.503123698459
312000,0.496024,0.036048,0.467928,0.504373177843
313000,0.496064,0.035864,0.468072,0.503748438151
314000,0.496224,0.035672,0.468104,0.505622657226
315000,0.496536,0.035368,0.468096,0.50583090379
316000,0.496632,0.035128,0.46824,0.505414410662
317000,0.497128,0.03488,0.467992,0.508121615993
318000,0.497552,0.034632,0.467816,0.508121615993
319000,0.497664,0.034328,0.468008,0.510412328197
320000,0.497648,0.033984,0.468368,0.51166180758
321000,0.497616,0.033768,0.468616,0.512078300708
322000,0.497944,0.033488,0.468568,0.513744273219
323000,0.498128,0.03324,0.468632,0.512078300708
324000,0.498416,0.03296,0.468624,0.513119533528
325000,0.498768,0.032664,0.468568,0.513119533528
326000,0.499248,0.032392,0.46836,0.513744273219
327000,0.49912,0.03212,0.46876,0.513536026656
328000,0.499424,0.031936,0.46864,0.513536026656
329000,0.49972,0.031648,0.468632,0.514993752603
330000,0.500096,0.031448,0.468456,0.515201999167
331000,0.500248,0.031152,0.4686,0.514993752603
332000,0.500568,0.03088,0.468552,0.517284464806
333000,0.50076,0.030656,0.468584,0.521032902957
334000,0.500976,0.030424,0.4686,0.520616409829
335000,0.500992,0.030248,0.46876,0.521032902957
336000,0.50116,0.03,0.46884,0.519783423574
337000,0.501176,0.029784,0.46904,0.519991670137
338000,0.501504,0.029528,0.468968,0.522074135777
339000,0.50156,0.029352,0.469088,0.522074135777
340000,0.501808,0.029136,0.469056,0.521865889213
341000,0.502,0.028896,0.469104,0.525822573928
342000,0.50232,0.028672,0.469008,0.527072053311
343000,0.502488,0.028512,0.469,0.526863806747
344000,0.502728,0.028328,0.468944,0.523115368596
345000,0.502992,0.02812,0.468888,0.523948354852
346000,0.503,0.027864,0.469136,0.524573094544
347000,0.503256,0.027648,0.469096,0.5254060808
348000,0.50348,0.027448,0.469072,0.527072053311
349000,0.503744,0.027288,0.468968,0.527696793003
350000,0.503792,0.027048,0.46916,0.527696793003
351000,0.503984,0.026848,0.469168,0.529362765514
352000,0.504272,0.026584,0.469144,0.528529779259
353000,0.504384,0.02636,0.469256,0.528946272387
354000,0.50452,0.026184,0.469296,0.526863806747
355000,0.505008,0.025944,0.469048,0.528738025823
356000,0.505392,0.025752,0.468856,0.53019575177
357000,0.505712,0.025576,0.468712,0.527072053311
358000,0.505968,0.025376,0.468656,0.528738025823
359000,0.506056,0.025224,0.46872,0.527488546439
360000,0.50648,0.025024,0.468496,0.529571012078
361000,0.506712,0.024808,0.46848,0.529571012078
362000,0.506864,0.024656,0.46848,0.53019575177
363000,0.507144,0.024448,0.468408,0.533111203665
364000,0.50756,0.024184,0.468256,0.534152436485
365000,0.507792,0.023984,0.468224,0.534985422741
366000,0.507848,0.023752,0.4684,0.534985422741
367000,0.508032,0.023584,0.468384,0.53602665556
368000,0.508296,0.023448,0.468256,0.534777176177
369000,0.508688,0.023288,0.468024,0.535610162432
370000,0.508928,0.023136,0.467936,0.533319450229
371000,0.508728,0.022912,0.46836,0.534360683049
372000,0.508992,0.022784,0.468224,0.533944189921
373000,0.509168,0.022576,0.468256,0.537900874636
374000,0.509464,0.0224,0.468136,0.536859641816
375000,0.509848,0.022224,0.467928,0.535610162432
376000,0.509936,0.022048,0.468016,0.535610162432
377000,0.510312,0.02188,0.467808,0.536234902124
378000,0.510576,0.021664,0.46776,0.536443148688
379000,0.510688,0.021432,0.46788,0.539775093711
380000,0.510792,0.021272,0.467936,0.538942107455
381000,0.510664,0.021128,0.468208,0.540191586839
382000,0.510376,0.021048,0.468576,0.537900874636
383000,0.510664,0.020864,0.468472,0.538317367763
384000,0.51072,0.020616,0.468664,0.536443148688
385000,0.511088,0.020504,0.468408,0.537484381508
386000,0.511096,0.020336,0.468568,0.5381091212
387000,0.511288,0.020184,0.468528,0.538525614327
388000,0.511816,0.020048,0.468136,0.538317367763
389000,0.512096,0.01992,0.467984,0.537900874636
390000,0.51236,0.019768,0.467872,0.540816326531
391000,0.512808,0.019616,0.467576,0.541441066222
392000,0.512728,0.019488,0.467784,0.540608079967
393000,0.512808,0.019352,0.46784,0.540191586839
394000,0.51312,0.0192,0.46768,0.541232819658
395000,0.513248,0.01904,0.467712,0.541232819658
396000,0.513664,0.018888,0.467448,0.54185755935
397000,0.514072,0.018704,0.467224,0.543107038734
398000,0.514168,0.01852,0.467312,0.543107038734
399000,0.514672,0.018408,0.46692,0.541649312786
400000,0.514792,0.018256,0.466952,0.540816326531
401000,0.515112,0.018136,0.466752,0.543315285298
402000,0.515184,0.01804,0.466776,0.545397750937
403000,0.515152,0.01788,0.466968,0.546022490629
404000,0.515224,0.017736,0.46704,0.546855476885
405000,0.515392,0.017584,0.467024,0.546647230321
406000,0.515688,0.017464,0.466848,0.545814244065
407000,0.515928,0.017352,0.46672,0.546230737193
408000,0.515936,0.017224,0.46684,0.545397750937
409000,0.516264,0.017096,0.46664,0.547063723449
410000,0.516592,0.016976,0.466432,0.547480216576
411000,0.516752,0.016856,0.466392,0.548313202832
412000,0.516968,0.016776,0.466256,0.54977092878
413000,0.516912,0.016632,0.466456,0.551853394419
414000,0.516912,0.016536,0.466552,0.551228654727
415000,0.51704,0.016432,0.466528,0.551020408163
416000,0.517136,0.01636,0.466504,0.54872969596
417000,0.51756,0.016232,0.466208,0.545814244065
418000,0.517576,0.01604,0.466384,0.545605997501
419000,0.517752,0.015896,0.466352,0.546022490629
420000,0.517864,0.015808,0.466328,0.546022490629
421000,0.518184,0.015696,0.46612,0.544981257809
422000,0.518592,0.015624,0.465784,0.543107038734
423000,0.518648,0.015528,0.465824,0.542690545606
424000,0.51852,0.015392,0.466088,0.544981257809
425000,0.518624,0.015296,0.46608,0.545189504373
426000,0.518552,0.015192,0.466256,0.545814244065
427000,0.518736,0.015064,0.4662,0.545605997501
428000,0.518648,0.014976,0.466376,0.547480216576
429000,0.518744,0.01488,0.466376,0.54768846314
430000,0.5188,0.014784,0.466416,0.54394002499
431000,0.518992,0.014664,0.466344,0.545814244065
432000,0.519136,0.014552,0.466312,0.546647230321
433000,0.519192,0.014488,0.46632,0.544148271554
434000,0.519616,0.014304,0.46608,0.544356518117
435000,0.519672,0.014152,0.466176,0.545814244065
436000,0.520008,0.014072,0.46592,0.545814244065
437000,0.519992,0.013968,0.46604,0.547271970012
438000,0.520184,0.013824,0.465992,0.548104956268
439000,0.520576,0.013728,0.465696,0.550395668471
440000,0.520824,0.013576,0.4656,0.550395668471
441000,0.520728,0.013448,0.465824,0.551853394419
442000,0.52092,0.013336,0.465744,0.550187421908
443000,0.521168,0.01324,0.465592,0.548937942524
444000,0.521504,0.013128,0.465368,0.549354435652
445000,0.521552,0.013024,0.465424,0.549146189088
446000,0.522072,0.012904,0.465024,0.549146189088
447000,0.522208,0.012824,0.464968,0.549979175344
448000,0.522424,0.012704,0.464872,0.547480216576
449000,0.522376,0.012648,0.464976,0.547063723449
450000,0.522576,0.012536,0.464888,0.547896709704
451000,0.5226,0.01244,0.46496,0.548104956268
452000,0.522968,0.01236,0.464672,0.547480216576
453000,0.523344,0.01228,0.464376,0.54768846314
454000,0.5232,0.012224,0.464576,0.544564764681
455000,0.523344,0.012096,0.46456,0.544564764681
456000,0.523376,0.01196,0.464664,0.54394002499
457000,0.52384,0.011888,0.464272,0.543315285298
458000,0.523992,0.011784,0.464224,0.543731778426
459000,0.523864,0.011736,0.4644,0.54289879217
460000,0.524024,0.01168,0.464296,0.542482299042
461000,0.524192,0.011608,0.4642,0.543315285298
462000,0.524216,0.011536,0.464248,0.541649312786
463000,0.524448,0.011424,0.464128,0.542274052478
464000,0.524432,0.011368,0.4642,0.544564764681
465000,0.52456,0.01128,0.46416,0.545397750937
466000,0.524584,0.011144,0.464272,0.545189504373
467000,0.524672,0.011088,0.46424,0.545397750937
468000,0.524968,0.011024,0.464008,0.545605997501
469000,0.524888,0.010968,0.464144,0.544564764681
470000,0.524936,0.010872,0.464192,0.544564764681
471000,0.525088,0.010792,0.46412,0.54289879217
472000,0.525488,0.010704,0.463808,0.542690545606
473000,0.52568,0.010608,0.463712,0.542065805914
474000,0.5256,0.01052,0.46388,0.542690545606
475000,0.525656,0.010472,0.463872,0.542482299042
476000,0.525736,0.010424,0.46384,0.542274052478
477000,0.52612,0.010312,0.463568,0.54394002499
478000,0.526248,0.010216,0.463536,0.543107038734
479000,0.5262,0.010136,0.463664,0.543731778426
480000,0.526432,0.010072,0.463496,0.543107038734
481000,0.526336,0.010024,0.46364,0.542690545606
482000,0.526352,0.009944,0.463704,0.543523531862
483000,0.526264,0.00984,0.463896,0.543107038734
484000,0.526384,0.009776,0.46384,0.543107038734
485000,0.526184,0.009704,0.464112,0.543107038734
486000,0.526272,0.00964,0.464088,0.543731778426
487000,0.5268,0.009576,0.463624,0.544356518117
488000,0.526976,0.009464,0.46356,0.54394002499
489000,0.527272,0.009384,0.463344,0.544773011245
490000,0.52736,0.009336,0.463304,0.544773011245
491000,0.52768,0.00928,0.46304,0.54394002499
492000,0.527872,0.009184,0.462944,0.546022490629
493000,0.527968,0.009136,0.462896,0.545814244065
494000,0.527936,0.00904,0.463024,0.545189504373
495000,0.527944,0.008976,0.46308,0.544564764681
496000,0.528056,0.00888,0.463064,0.545605997501
497000,0.527944,0.00884,0.463216,0.547271970012
498000,0.528048,0.008752,0.4632,0.54977092878
499000,0.528344,0.008704,0.462952,0.547896709704
500000,0.52844,0.008624,0.462936,0.546438983757
501000,0.5288,0.00852,0.46268,0.546022490629
502000,0.529168,0.008496,0.462336,0.545814244065
503000,0.529192,0.008464,0.462344,0.544981257809
504000,0.529288,0.00836,0.462352,0.542482299042
505000,0.529544,0.008288,0.462168,0.544356518117
506000,0.529632,0.008256,0.462112,0.548104956268
507000,0.529792,0.008184,0.462024,0.549146189088
508000,0.529808,0.008112,0.46208,0.547896709704
509000,0.530008,0.008032,0.46196,0.547896709704
510000,0.52996,0.007952,0.462088,0.551228654727
511000,0.530168,0.007896,0.461936,0.553935860058
512000,0.530392,0.007832,0.461776,0.554977092878
513000,0.53076,0.007816,0.461424,0.555393586006
514000,0.53104,0.007768,0.461192,0.557684298209
515000,0.53124,0.007736,0.461024,0.558100791337
516000,0.531256,0.007648,0.461096,0.557892544773
517000,0.531712,0.007584,0.460704,0.558933777593
518000,0.531872,0.00756,0.460568,0.56039150354
519000,0.53208,0.007464,0.460456,0.560807996668
520000,0.532008,0.007392,0.4606,0.562682215743
521000,0.531984,0.007352,0.460664,0.562890462307
522000,0.532096,0.007296,0.460608,0.562057476052
523000,0.532376,0.007232,0.460392,0.563306955435
524000,0.532432,0.007168,0.4604,0.563306955435
525000,0.532408,0.007088,0.460504,0.563098708871
526000,0.53224,0.007032,0.460728,0.564972927947
527000,0.53252,0.007008,0.460472,0.564972927947
528000,0.532824,0.006944,0.460232,0.564972927947
529000,0.532976,0.00692,0.460104,0.564348188255
530000,0.53296,0.006832,0.460208,0.563931695127
531000,0.533224,0.00676,0.460016,0.563098708871
532000,0.533488,0.006712,0.4598,0.565597667638
533000,0.533672,0.006656,0.459672,0.565597667638
534000,0.533936,0.006576,0.459488,0.564764681383
535000,0.534112,0.006488,0.4594,0.564764681383
536000,0.534336,0.00644,0.459224,0.564139941691
537000,0.534536,0.006392,0.459072,0.564972927947
538000,0.534648,0.006312,0.45904,0.56622240733
539000,0.534872,0.006272,0.458856,0.566014160766
540000,0.53512,0.006224,0.458656,0.56726364015
541000,0.53536,0.006176,0.458464,0.569762598917
542000,0.535448,0.006136,0.458416,0.571428571429
543000,0.535784,0.006064,0.458152,0.571220324865
544000,0.535776,0.006056,0.458168,0.570595585173
545000,0.536,0.006008,0.457992,0.571012078301
546000,0.536392,0.005944,0.457664,0.571845064556
547000,0.536376,0.005904,0.45772,0.571845064556
548000,0.536744,0.005888,0.457368,0.573511037068
549000,0.536768,0.0058,0.457432,0.575177009579
550000,0.537088,0.005768,0.457144,0.574760516451
551000,0.537224,0.005744,0.457032,0.575177009579
552000,0.53752,0.005696,0.456784,0.576218242399
553000,0.53788,0.005664,0.456456,0.577467721783
554000,0.538232,0.005592,0.456176,0.577675968347
555000,0.538616,0.005552,0.455832,0.578300708038
556000,0.539072,0.00548,0.455448,0.581216159933
557000,0.539312,0.005432,0.455256,0.581216159933
558000,0.539376,0.005312,0.455312,0.581424406497
559000,0.539208,0.005264,0.455528,0.580383173678
560000,0.53932,0.005216,0.455464,0.579758433986
561000,0.539504,0.005168,0.455328,0.579341940858
562000,0.539608,0.005128,0.455264,0.57892544773
563000,0.539824,0.005096,0.45508,0.579341940858
564000,0.54016,0.00508,0.45476,0.57892544773
565000,0.53996,0.005032,0.455008,0.578300708038
566000,0.54032,0.004992,0.454688,0.579341940858
567000,0.540496,0.00496,0.454544,0.583923365264
568000,0.540712,0.004928,0.45436,0.583715118701
569000,0.540864,0.00488,0.454256,0.586422324032
570000,0.54108,0.004848,0.454072,0.586214077468
571000,0.541352,0.004816,0.453832,0.586630570596
572000,0.541544,0.004784,0.453672,0.587047063723
573000,0.541712,0.004712,0.453576,0.587047063723
574000,0.541712,0.004696,0.453592,0.589129529363
575000,0.541608,0.004672,0.45372,0.589129529363
576000,0.541664,0.004656,0.45368,0.589129529363
577000,0.54196,0.004608,0.453432,0.588504789671
578000,0.5422,0.00456,0.45324,0.589337775927
579000,0.542168,0.004536,0.453296,0.591003748438
580000,0.542528,0.004512,0.45296,0.590170762182
581000,0.542536,0.004512,0.452952,0.592044981258
582000,0.542832,0.004496,0.452672,0.591003748438
583000,0.542928,0.004432,0.45264,0.590379008746
584000,0.543072,0.004408,0.45252,0.591003748438
585000,0.543104,0.004376,0.45252,0.591420241566
586000,0.543376,0.00432,0.452304,0.59162848813
587000,0.543432,0.00432,0.452248,0.592044981258
588000,0.54372,0.00428,0.452,0.592044981258
589000,0.543784,0.00424,0.451976,0.59266972095
590000,0.543856,0.004184,0.45196,0.591836734694
591000,0.543984,0.004168,0.451848,0.591836734694
592000,0.544216,0.004128,0.451656,0.59266972095
593000,0.54424,0.00408,0.45168,0.592253227822
594000,0.5444,0.004024,0.451576,0.591836734694
595000,0.544424,0.004,0.451576,0.593294460641
596000,0.544624,0.003952,0.451424,0.594127446897
597000,0.544672,0.003928,0.4514,0.592044981258
598000,0.544864,0.003912,0.451224,0.592044981258
599000,0.545192,0.003888,0.45092,0.590795501874
600000,0.5456,0.003848,0.450552,0.59162848813
601000,0.545496,0.003816,0.450688,0.591003748438
602000,0.545696,0.003768,0.450536,0.591211995002
603000,0.545968,0.003744,0.450288,0.593294460641
604000,0.545744,0.003704,0.450552,0.595376926281
605000,0.54584,0.00364,0.45052,0.595376926281
606000,0.546008,0.003608,0.450384,0.593710953769
607000,0.54612,0.003576,0.450304,0.59162848813
608000,0.546216,0.003544,0.45024,0.59162848813
609000,0.54624,0.003528,0.450232,0.590379008746
610000,0.546536,0.00352,0.449944,0.591420241566
611000,0.546512,0.003464,0.450024,0.59266972095
612000,0.546504,0.003416,0.45008,0.592253227822
613000,0.546216,0.003408,0.450376,0.59058725531
614000,0.546368,0.003376,0.450256,0.591420241566
615000,0.546352,0.003352,0.450296,0.593086214077
616000,0.54624,0.003352,0.450408,0.593502707205
617000,0.54652,0.003336,0.450144,0.593919200333
618000,0.546592,0.003312,0.450096,0.594127446897
619000,0.546912,0.003288,0.4498,0.593919200333
620000,0.547072,0.003264,0.449664,0.594752186589
621000,0.547024,0.003264,0.449712,0.596001665973
622000,0.547128,0.003232,0.44964,0.596834652228
623000,0.547344,0.0032,0.449456,0.597251145356
624000,0.547384,0.003168,0.449448,0.598084131612
625000,0.547616,0.003152,0.449232,0.598917117868
626000,0.547792,0.003136,0.449072,0.599958350687
627000,0.548152,0.00312,0.448728,0.601207830071
628000,0.54836,0.003104,0.448536,0.601416076635
629000,0.548304,0.003072,0.448624,0.601832569763
630000,0.548328,0.00304,0.448632,0.604123281966
631000,0.548408,0.003024,0.448568,0.606413994169
632000,0.54828,0.002992,0.448728,0.605997501041
633000,0.548416,0.002952,0.448632,0.608496459808
634000,0.548312,0.002936,0.448752,0.609329446064
635000,0.548616,0.002936,0.448448,0.610370678884
636000,0.548712,0.002936,0.448352,0.61120366514
637000,0.548936,0.00292,0.448144,0.609537692628
638000,0.549104,0.002896,0.448,0.609954185756
639000,0.54912,0.00288,0.448,0.608288213244
640000,0.549392,0.002848,0.44776,0.609537692628
641000,0.549328,0.002816,0.447856,0.608704706372
642000,0.549432,0.002784,0.447784,0.6091211995
643000,0.549568,0.00276,0.447672,0.609954185756
644000,0.549728,0.002736,0.447536,0.609329446064
645000,0.549776,0.002696,0.447528,0.607663473553
646000,0.550032,0.002672,0.447296,0.607663473553
647000,0.550088,0.00264,0.447272,0.606830487297
648000,0.550408,0.002632,0.44696,0.609954185756
649000,0.550632,0.002616,0.446752,0.61120366514
650000,0.550832,0.002592,0.446576,0.609954185756
651000,0.551024,0.002568,0.446408,0.61016243232
652000,0.551296,0.002544,0.44616,0.609537692628
653000,0.551728,0.002528,0.445744,0.609329446064
654000,0.552208,0.00252,0.445272,0.61016243232
655000,0.552408,0.002496,0.445096,0.609329446064
656000,0.552472,0.00248,0.445048,0.608288213244
657000,0.552536,0.002448,0.445016,0.609329446064
658000,0.552744,0.00244,0.444816,0.608912952936
659000,0.5528,0.002416,0.444784,0.611620158267
660000,0.55296,0.002384,0.444656,0.611411911703
661000,0.553344,0.002376,0.44428,0.6091211995
662000,0.553712,0.002312,0.443976,0.608704706372
663000,0.553848,0.002288,0.443864,0.608704706372
664000,0.553848,0.00228,0.443872,0.609954185756
665000,0.553928,0.002264,0.443808,0.609954185756
666000,0.553904,0.00224,0.443856,0.611411911703
667000,0.554048,0.002224,0.443728,0.609537692628
668000,0.553856,0.002208,0.443936,0.607871720117
669000,0.553896,0.002176,0.443928,0.608288213244
670000,0.554112,0.002152,0.443736,0.610787172012
671000,0.553864,0.002144,0.443992,0.607871720117
672000,0.553984,0.002128,0.443888,0.609537692628
673000,0.554064,0.002112,0.443824,0.609329446064
674000,0.55412,0.002112,0.443768,0.609329446064
675000,0.554424,0.002096,0.44348,0.608912952936
676000,0.554504,0.00208,0.443416,0.609745939192
677000,0.554712,0.002072,0.443216,0.611411911703
678000,0.554896,0.002064,0.44304,0.612244897959
679000,0.55504,0.002064,0.442896,0.610995418576
680000,0.555056,0.002056,0.442888,0.610578925448
681000,0.555208,0.00204,0.442752,0.608288213244
682000,0.555216,0.002032,0.442752,0.607663473553
683000,0.555416,0.002016,0.442568,0.606205747605
684000,0.555512,0.002008,0.44248,0.608704706372
685000,0.55556,0.001984,0.442456,0.61120366514
686000,0.555848,0.001976,0.442176,0.612036651395
687000,0.5562,0.00196,0.44184,0.611828404831
688000,0.55644,0.001944,0.441616,0.612244897959
689000,0.556688,0.001944,0.441368,0.613077884215
690000,0.556856,0.00192,0.441224,0.612244897959
691000,0.557048,0.001896,0.441056,0.612036651395
692000,0.55728,0.001872,0.440848,0.613494377343
693000,0.557216,0.001856,0.440928,0.612453144523
694000,0.55712,0.00184,0.44104,0.613077884215
695000,0.557408,0.00184,0.440752,0.613077884215
696000,0.558144,0.00184,0.440016,0.614535610162
697000,0.5582,0.001832,0.439968,0.617451062057
698000,0.558736,0.0018,0.439464,0.617451062057
699000,0.558568,0.0018,0.439632,0.617451062057
700000,0.558792,0.001792,0.439416,0.618284048313
701000,0.559064,0.001768,0.439168,0.617451062057
702000,0.559432,0.001768,0.4388,0.616618075802
703000,0.559488,0.001768,0.438744,0.61703456893
704000,0.559528,0.00176,0.438712,0.616618075802
705000,0.559816,0.001744,0.43844,0.616618075802
706000,0.560096,0.001728,0.438176,0.61703456893
707000,0.560008,0.001728,0.438264,0.617451062057
708000,0.560136,0.00172,0.438144,0.619117034569
709000,0.560336,0.001672,0.437992,0.620158267389
710000,0.56056,0.001648,0.437792,0.621407746772
711000,0.560592,0.00164,0.437768,0.622240733028
712000,0.560704,0.001632,0.437664,0.620991253644
713000,0.560632,0.001616,0.437752,0.618908788005
714000,0.56088,0.0016,0.43752,0.621615993336
715000,0.561104,0.0016,0.437296,0.623906705539
716000,0.561144,0.001592,0.437264,0.624323198667
717000,0.561288,0.001592,0.43712,0.627030403998
718000,0.561504,0.001576,0.43692,0.627030403998
719000,0.5614,0.001576,0.437024,0.628488129946
720000,0.561232,0.001552,0.437216,0.627238650562
721000,0.561336,0.001528,0.437136,0.627238650562
722000,0.561448,0.00152,0.437032,0.628279883382
723000,0.561528,0.001496,0.436976,0.629321116202
724000,0.561584,0.001496,0.43692,0.628071636818
725000,0.561856,0.001472,0.436672,0.62765514369
726000,0.561872,0.001432,0.436696,0.625364431487
727000,0.561864,0.001416,0.43672,0.627238650562
728000,0.561944,0.001416,0.43664,0.626405664307
729000,0.56192,0.001408,0.436672,0.62765514369
730000,0.561936,0.0014,0.436664,0.628071636818
731000,0.562112,0.001384,0.436504,0.628904623074
732000,0.562128,0.001376,0.436496,0.628071636818
733000,0.56208,0.001368,0.436552,0.628488129946
734000,0.562192,0.001368,0.43644,0.628279883382
735000,0.562544,0.001344,0.436112,0.627446897126
736000,0.562696,0.001336,0.435968,0.629945855893
737000,0.562816,0.00132,0.435864,0.631820074969
738000,0.56288,0.001312,0.435808,0.633277800916
739000,0.562992,0.001296,0.435712,0.633694294044
740000,0.563096,0.001296,0.435608,0.637442732195
741000,0.56296,0.001288,0.435752,0.638692211579
742000,0.562912,0.001272,0.435816,0.639108704706
743000,0.56316,0.00124,0.4356,0.640774677218
744000,0.563344,0.001232,0.435424,0.642857142857
745000,0.563016,0.001224,0.43576,0.645772594752
746000,0.563328,0.001216,0.435456,0.6472303207
747000,0.563312,0.001208,0.43548,0.6472303207
748000,0.563544,0.001192,0.435264,0.65097875885
749000,0.563712,0.001192,0.435096,0.653269471054
750000,0.563896,0.001192,0.434912,0.653685964182
751000,0.564048,0.001176,0.434776,0.653685964182
752000,0.564232,0.00116,0.434608,0.654310703873
753000,0.564424,0.00116,0.434416,0.654727197001
754000,0.564616,0.00116,0.434224,0.655143690129
755000,0.564864,0.001144,0.433992,0.653894210746
756000,0.565104,0.001144,0.433752,0.654727197001
757000,0.565328,0.001136,0.433536,0.655560183257
758000,0.56576,0.00112,0.43312,0.657642648896
759000,0.565544,0.001112,0.433344,0.656809662641
760000,0.56584,0.001104,0.433056,0.658267388588
761000,0.5658,0.001088,0.433112,0.659516867972
762000,0.565888,0.00108,0.433032,0.660141607663
763000,0.56612,0.001072,0.432808,0.659725114536
764000,0.56628,0.001056,0.432664,0.660141607663
765000,0.566416,0.001056,0.432528,0.660349854227
766000,0.566336,0.001048,0.432616,0.657434402332
767000,0.56648,0.00104,0.43248,0.65785089546
768000,0.566424,0.001032,0.432544,0.65785089546
769000,0.566648,0.001024,0.432328,0.65785089546
770000,0.566816,0.001008,0.432176,0.658059142024
771000,0.566816,0.001008,0.432176,0.661391087047
772000,0.56696,0.001008,0.432032,0.661807580175
773000,0.567176,0.001008,0.431816,0.662224073303
774000,0.567328,0.001008,0.431664,0.662224073303
775000,0.567464,0.001008,0.431528,0.663265306122
776000,0.567448,0.000984,0.431568,0.663265306122
777000,0.56752,0.000968,0.431512,0.664514785506
778000,0.5676,0.000952,0.431448,0.662015826739
779000,0.56776,0.000944,0.431296,0.661182840483
780000,0.568056,0.000936,0.431008,0.661599333611
781000,0.568248,0.000936,0.430816,0.662432319867
782000,0.568256,0.00092,0.430824,0.662848812995
783000,0.568376,0.000904,0.43072,0.662432319867
784000,0.5684,0.000904,0.430696,0.663890045814
785000,0.56856,0.000896,0.430544,0.665139525198
786000,0.568592,0.000888,0.43052,0.665139525198
787000,0.568672,0.000888,0.43044,0.66472303207
788000,0.568928,0.00088,0.430192,0.664306538942
789000,0.569064,0.00088,0.430056,0.666389004581
790000,0.569024,0.000872,0.430104,0.668887963349
791000,0.569312,0.000872,0.429816,0.67055393586
792000,0.569472,0.000864,0.429664,0.673885880883
793000,0.569744,0.000856,0.4294,0.673885880883
794000,0.570008,0.00084,0.429152,0.674927113703
795000,0.570296,0.000824,0.42888,0.676176593086
796000,0.570472,0.000824,0.428704,0.677842565598
797000,0.570632,0.000808,0.42856,0.677009579342
798000,0.570624,0.0008,0.428576,0.677009579342
799000,0.570768,0.000776,0.428456,0.67638483965
800000,0.570944,0.000768,0.428288,0.677217825906
801000,0.571,0.000752,0.428248,0.67638483965
802000,0.571048,0.000752,0.4282,0.679300291545
803000,0.571032,0.000752,0.428216,0.680133277801
804000,0.571232,0.000736,0.428032,0.679925031237
805000,0.571256,0.000736,0.428008,0.680133277801
806000,0.57136,0.000728,0.427912,0.680549770929
807000,0.571392,0.00072,0.427888,0.681382757185
808000,0.571648,0.000712,0.42764,0.680133277801
809000,0.571864,0.000712,0.427424,0.678467305289
810000,0.571976,0.000712,0.427312,0.681382757185
811000,0.572192,0.000712,0.427096,0.680966264057
812000,0.572352,0.000712,0.426936,0.681799250312
813000,0.572392,0.000712,0.426896,0.680133277801
814000,0.57272,0.000712,0.426568,0.680758017493
815000,0.572768,0.000704,0.426528,0.679092044981
816000,0.573144,0.000696,0.42616,0.679508538109
817000,0.573176,0.000696,0.426128,0.679925031237
818000,0.573184,0.000696,0.42612,0.681591003748
819000,0.573376,0.000696,0.425928,0.682840483132
820000,0.573344,0.000688,0.425968,0.682007496876
821000,0.57348,0.00068,0.42584,0.681174510621
822000,0.573808,0.000664,0.425528,0.68325697626
823000,0.57412,0.000664,0.425216,0.68325697626
824000,0.574344,0.000648,0.425008,0.683048729696
825000,0.574376,0.000648,0.424976,0.682632236568
826000,0.574648,0.000648,0.424704,0.683048729696
827000,0.57472,0.000648,0.424632,0.685339441899
828000,0.574712,0.000648,0.42464,0.683465222824
829000,0.574768,0.000632,0.4246,0.683465222824
830000,0.5748,0.000616,0.424584,0.683048729696
831000,0.574968,0.000608,0.424424,0.683048729696
832000,0.57516,0.0006,0.42424,0.683048729696
833000,0.575408,0.000584,0.424008,0.682632236568
